time Ax Ay Az Gx Gy Gz
20 0.41523768 6.52702464 -1.4778765 1.4475360000000002 -1.775068 0.422583
40 1.2948120900000002 5.94204453 -2.3264611200000003 2.476768 -2.149105 0.360817
60 1.83803103 5.8384607399999995 -2.9204271900000003 3.831091 -2.395105 0.498779
80 2.68436916 5.989044240000001 -1.8538938000000003 4.456797 -1.957677 0.5891149999999999
100 2.69619021 6.444100710000001 -1.10395854 3.733476 -1.030271 0.79545
120 2.8253781 6.4433551499999995 -1.9576247400000002 2.47848 -0.29986 0.643675
140 3.08208618 6.6285189 -2.2418891100000002 1.804639 0.594734 0.48827
160 3.9478873500000002 8.484355080000002 -1.89670464 1.192931 1.380055 0.166798
180 5.14405008 10.66951296 -1.5617029500000001 0.392776 1.554618 0.096891
200 6.05461428 10.639719990000001 -1.19706525 -0.41807 1.603156 0.38279
220 5.0548379400000005 8.87548959 -0.8201454300000001 -1.192391 1.335722 0.533684
240 2.96653419 7.99023519 0.36090009000000006 -1.55557 1.092562 0.385113
260 -0.668061 9.45598653 0.33545295 -1.634151 0.570199 0.015628
280 -4.2110406 14.40573975 -2.0228906700000007 -1.6304610000000002 0.243833 -0.421899
300 -6.39919053 20.61617607 -3.6866862900000004 -1.578689 0.028662 -1.002374
320 -7.259007600000001 15.97418217 -4.612662 -1.522006 -0.34594600000000003 -1.409559
340 -6.2686684800000005 11.89067157 -5.68563075 -1.570614 -0.744187 -1.676443
360 -3.1202568900000003 10.943143290000002 -7.522906410000001 -1.434578 -0.976428 -1.791632
380 -0.54471987 12.33674208 -8.55126909 -1.386843 -0.625865 -1.854773
400 -1.35169047 14.20755813 -7.74908577 -1.598164 -0.0004860000000000001 -1.6872029999999998
420 -1.91661894 12.53687589 -7.51108536 -1.796186 0.48238 -1.057886
440 -1.87874253 9.909542069999999 -5.81270949 -1.448937 0.690865 -0.48316
460 -0.79723908 5.816604060000001 -3.38969835 -0.313042 0.719615 -0.133432
480 0.15747012000000002 4.42748844 -2.48034078 0.360055 0.876439 0.29088
500 1.3671117899999998 3.3656049900000005 -2.11644864 -0.221079 1.215082 0.556647
520 2.2080544200000003 2.55264048 -1.6079571000000001 -1.28627 1.5959999999999999 0.793341
540 1.9453524300000002 2.3104413900000003 -1.91676609 -2.00985 1.585467 0.5917479999999999
560 1.5790666500000001 2.27107386 -1.9251438300000001 -1.127137 0.582447 -0.023575
580 0.37467332999999997 3.09272022 -2.2031199900000003 -0.314053 0.639359 0.489437
600 -0.80532252 5.011124580000001 -2.98748835 0.025503 0.964055 0.514894
620 -1.6956781200000002 6.50173446 -4.31567406 -0.508508 0.389279 0.061111
640 -2.10941487 8.52776433 -5.83995186 -0.5620390000000001 -0.7583810000000001 -0.335171
660 -2.4025082400000004 10.39513707 -4.8138356700000005 -0.214733 -0.437379 0.339823
680 -2.0697432300000003 9.748922940000002 -1.7730594000000002 0.257897 -0.142784 1.11614
700 -0.76850559 6.9629221800000005 -0.8057737800000001 0.123706 0.08875599999999999 0.340445
720 -1.0238697 6.386466960000001 -2.26074393 -0.456344 0.274298 -0.26739
740 -1.9434100500000002 6.735840300000001 -2.41163154 -0.701408 -0.071404 -0.449188
760 -2.8720737 9.528737490000001 -1.16712513 -0.8715139999999999 -0.199615 -0.473713
780 -3.1168233900000004 22.03687008 -1.62157338 -1.145031 -0.048463 -0.473681
800 -2.48708025 13.96715427 1.73084697 -1.204946 0.217798 -0.407142
820 3.05245017 9.78305193 0.13217994000000002 -1.033409 0.46516 -0.344304
840 4.40294382 12.756924000000001 -2.46522357 -0.7888149999999999 0.584451 -0.285065
860 2.28948723 19.22183172 -3.67710192 -0.451037 0.606241 -0.166297
880 1.0036611 26.70686172 -1.53551025 -0.028096 0.713507 0.08114299999999999
900 -0.30282489 12.74509314 0.32931189000000005 0.562713 0.830177 0.495317
920 1.54463355 7.954458120000001 -1.83143871 1.24336 0.4652520000000001 0.8541209999999999
940 0.87762222 7.535924280000001 -1.3696525800000003 1.4518950000000002 -0.313483 0.678182
960 0.52824888 8.036342190000001 0.19938825000000002 1.321906 -0.913189 0.513536
980 0.9574069500000001 9.16544376 -0.2604555 0.932584 -1.60225 0.275623
1000 1.03479804 9.67827132 -0.30357045 0.582236 -1.805111 0.161272
1020 0.22333446 8.98671537 0.18995103 0.558194 -1.626445 -0.008971999999999999
1040 0.3614985 7.75193067 -0.12094749 0.8077310000000001 -1.465189 -0.05871000000000001
1060 0.48483963 6.81337854 -0.86430024 1.452224 -1.5340790000000002 0.093295
1080 0.58394025 6.83822727 -1.0972190700000002 2.55006 -1.722282 0.385351
1100 0.92073717 7.1753283 -0.96414642 3.719933 -1.527325 0.699853
1120 1.98471996 6.89855877 -0.47032083 4.342832 -1.05134 0.740981
1140 2.53482552 6.579272700000001 -1.56529341 3.755156 -0.584529 0.928558
1160 2.2935289500000002 6.30099243 -2.72672874 2.350385 0.451496 0.936646
1180 2.29128246 6.72911064 -0.97192575 1.80346 0.6032350000000001 0.760648
1200 2.7354105900000003 7.7218434 -0.46448388 1.400075 0.661622 0.362513
1220 4.36791231 8.61113952 -0.59471163 0.648575 0.838822 0.390152
1240 5.501055600000001 8.538241410000001 -0.40550616000000006 -0.30823 0.8975989999999999 0.639766
1260 3.61333692 8.39619261 -0.75562506 -1.103766 0.7384609999999999 0.6333449999999999
1280 2.31313914 8.62536402 -0.6081807600000001 -1.613261 0.651532 0.43655
1300 0.11420802000000001 9.40404258 -0.45699885 -1.7690259999999998 0.535255 0.07989299999999999
1320 -3.1963040100000004 11.73784158 -1.47233385 -1.805844 0.33107600000000004 -0.242706
1340 -4.330791270000001 14.57025345 -2.95455618 -1.838394 0.030331 -0.662359
1360 -4.781658870000001 16.435674000000002 -4.66908912 -2.03025 -0.253296 -1.228425
1380 -6.23498094 16.9013547 -5.963145840000001 -2.136476 -0.5220090000000001 -1.6027
1400 -1.8356373900000003 13.642178400000002 -6.70859793 -2.110358 -0.630926 -1.826705
1420 0.8008393500000001 12.446172630000001 -7.564667580000001 -2.134541 -0.694185 -1.969935
1440 0.3008727 13.41106461 -8.35188084 -2.077266 -0.7180270000000001 -1.918229
1460 -0.71790561 14.18031576 -8.160880140000002 -1.607364 -0.808036 -1.395676
1480 -0.7530842700000001 11.18758887 -6.642733590000001 -0.5625720000000001 -0.673132 -0.607681
1500 -0.36135135 7.8302144700000005 -4.220477820000001 0.422914 -0.450736 -0.069107
1520 -0.05867361000000001 5.258267910000001 -2.64828798 0.781615 0.015062 0.350476
1540 0.2633004 4.25609793 -2.09908494 0.585928 0.751462 0.712429
1560 1.0105477200000001 3.3914935800000006 -1.7757571500000002 -0.270864 1.2570629999999998 0.757071
1580 2.135911680000001 1.8013514400000001 -1.87874253 -0.286043 1.496359 0.335779
1600 2.01540564 1.40662647 -2.0749817700000004 0.222889 1.771537 0.6092420000000001
1620 1.6717220999999998 2.06136549 -1.21876497 -0.436049 0.452716 0.384139
1640 0.54860463 3.05918964 -1.27415223 -0.504645 0.360366 0.361345
1660 -0.7226928900000001 4.23648774 -1.88428518 -0.90141 0.817971 0.5545399999999999
1680 -1.6377402600000002 6.59843163 -2.7867561300000006 0.133357 -0.394397 1.275826
1700 -3.0431699100000005 9.70716177 -2.7343609200000003 -0.035113 -1.6636369999999998 0.215531
1720 -3.48115698 10.313998560000002 -1.9881632700000003 -0.058128999999999986 -1.7684080000000002 -0.469226
1740 -2.39412069 8.336165220000002 -1.49464179 -0.424522 -1.25646 -0.571786
1760 -1.5587109000000001 6.887924730000001 -2.9373396300000003 -0.7725380000000001 -0.48866 -0.470515
1780 -3.17220084 8.155641600000001 -4.13754408 -1.06803 0.121196 -0.344105
1800 -3.5124410700000004 14.628034350000002 -0.31045707000000006 -1.2114 0.322812 -0.289818
1820 -2.7939370500000003 17.41269114 2.05433172 -0.979181 0.458442 -0.309734
1840 1.19556432 13.686941430000001 2.20596489 -0.69999 0.815577 -0.352038
1860 4.9034990700000005 12.239750610000002 1.82021607 -0.419408 1.0733700000000002 -0.32797600000000005
1880 7.512880590000001 18.368901270000002 -10.29962691 -0.080917 1.054522 -0.170696
1900 7.807160970000001 27.306664740000002 -0.56567403 0.258393 0.8127489999999999 0.056311
1920 1.3210047900000002 13.56374745 -0.58198806 0.5838869999999999 0.44163 0.14131300000000002
1940 0.1761876 8.80978221 -0.83241774 0.753404 -0.129667 0.071658
1960 1.9107721800000002 11.1982131 -1.37070225 0.644235 -0.7638590000000001 -0.011613
1980 0.39143862 9.98588349 -0.12274272000000001 0.735412 -1.126382 -0.008375
2000 -0.38500326000000007 9.533524770000001 0.35116857000000007 0.785838 -1.479401 0.051182
2020 -1.2862773900000002 8.49812832 0.49203036 0.966124 -2.151441 -0.142182
2040 -2.33813502 7.47470988 -0.08038314 1.510886 -2.50585 -0.16355999999999998
2060 -2.22512382 6.808444110000001 -1.70675361 2.504384 -2.715777 0.057293
2080 -1.16636976 6.47987778 -2.5911153000000002 3.663364 -2.414883 0.5286109999999999
2100 0.24294465 6.1599933 -1.82186415 4.264818 -1.972763 0.798233
2120 2.04235371 5.544621810000001 -0.6319896300000001 3.623671 -0.87703 0.930151
2140 2.8333045800000005 5.357809980000001 -1.58700294 2.495835 0.491734 1.137368
2160 2.8059150600000002 5.652247320000001 -1.9606266 1.231671 2.394645 1.351494
2180 2.88615105 7.0760805300000005 -1.9077801300000001 1.007774 1.963946 1.361165
2200 4.33887471 9.36347823 -2.11240692 0.725934 1.275219 0.946677
2220 5.9502751200000015 11.160640800000001 -1.49898762 -0.02156 0.964219 0.780552
2240 6.592888980000001 9.91044459 -0.7174543500000001 -0.932025 0.6529590000000001 0.554538
2260 5.95821141 8.61503409 -0.2140542 -1.640353 0.419845 0.058507
2280 3.74296626 7.52680098 1.47818061 -2.089128 0.5414220000000001 -0.384891
2300 0.40535900999999996 7.25212098 1.4584134600000003 -2.274295 0.463862 -0.808033
2320 -3.99923289 11.17561086 -0.018707670000000003 -2.27273 0.239369 -1.145292
2340 -6.70500747 15.62390631 -3.0012615900000004 -2.002514 -0.103903 -1.316017
2360 -7.48503 17.86070403 -2.28799611 -1.947408 -0.462937 -1.354696
2380 -9.008267940000001 13.668822360000002 -3.57426369 -2.15461 -0.630057 -1.473434
2400 -8.518935330000001 11.016943920000001 -5.00259969 -1.890273 -0.325848 -1.587345
2420 -1.015335 8.88986124 -5.487733620000001 -0.92903 0.146122 -1.102672
2440 2.54590101 9.99322137 -5.25571731 0.042067 0.442484 -0.13486900000000002
2460 2.9210256000000006 12.098143259999999 -5.200339860000001 -0.26718800000000004 0.68475 0.552732
2480 1.90464093 9.66435093 -4.78314999 -0.844584 1.145656 0.344077
2500 1.1533518900000002 6.40353636 -4.13904501 -0.693527 0.93232 -0.248525
2520 0.6598304100000001 4.5553225500000005 -4.0692861 -0.980364 0.7223149999999999 -0.495951
2540 0.23306598000000003 3.5058585600000005 -4.1294606400000005 -1.428635 0.7312489999999999 -0.210674
2560 0.25566822 2.7559233 -4.05985869 -1.465663 1.061847 0.528922
2580 1.10904012 2.9033577900000003 -3.76676532 -1.407548 0.920355 1.229195
2600 2.22377985 3.4331076 -3.5434308600000004 -0.410532 -0.4869560000000001 0.652576
2620 1.4923952999999999 4.183651080000001 -4.189488030000001 0.266005 -1.16728 -0.295748
2640 -0.08038314 7.54641117 -3.6386369100000002 0.348337 -1.3924450000000002 -0.801222
2660 -1.98038394 11.539355850000002 -2.40729552 0.023081 -1.235328 -0.915858
2680 -3.1802842800000004 11.512260630000002 -0.93959199 -0.438857 -0.70554 -0.868489
2700 -3.7377277200000005 10.349030070000001 -0.72853965 -0.625314 -0.091628 -0.785121
2720 -1.30154175 8.565483780000001 1.6985132100000002 -0.508288 0.416624 -0.915278
2740 -0.79799445 9.4832289 0.8602585199999999 -0.448405 0.728255 -1.109675
2760 -0.97522191 12.640312530000001 -0.41658165 -0.4888020000000001 0.799612 -1.070524
2780 -0.13472073 20.25677691 1.54807686 -0.5489930000000001 0.770777 -1.000405
2800 6.233038560000001 18.18134388 -3.94324722 -0.5301939999999999 0.550832 -0.8921020000000001
2820 7.756119540000001 24.036118650000002 -0.49681764000000006 -0.511865 0.171318 -0.839144
2840 4.2251179500000005 14.256657180000001 -0.041309910000000005 -0.521629 -0.300721 -0.8001520000000001
2860 1.8738081000000002 10.60035246 -0.18231885 -0.586609 -0.921827 -0.731444
2880 1.3680045 9.75312162 1.77920046 -0.537189 -1.433831 -0.606529
2900 -0.18126918000000003 10.43854632 1.23553026 -0.337293 -1.35036 -0.608444
2920 -2.23964262 10.5127884 0.68392377 0.23916 -1.562033 -0.654353
2940 -2.9800033200000002 9.983342700000001 1.03030506 1.025752 -1.749008 -0.66571
2960 -2.48916978 7.941881700000001 0.7274899800000001 1.900938 -1.173717 -0.6357649999999999
2980 -1.3563306 5.84355213 0.43215012 2.595862 -1.959328 -0.313711
3000 0.7306291800000001 5.0823844199999995 0.19489527 2.610155 -2.164181 0.8178989999999999
3020 1.87111035 4.56116931 -0.41478642000000004 3.1039950000000003 -1.8433580000000005 1.410596
3040 2.62853064 4.1356017000000005 -0.69231132 3.395334 -0.814283 1.951832
3060 2.85621093 3.87634302 -0.8357139 2.449447 1.164114 1.927735
3080 2.45264715 4.643190720000001 -0.53678358 1.535152 2.376314 1.942228
3100 2.29967001 7.11305442 -0.34279083000000005 1.324972 1.645384 2.16175
3120 2.59365609 10.706486850000001 -0.25088094 1.452527 0.358177 2.405709
3140 3.9721376700000004 12.823828200000001 0.75966678 1.347223 -1.022898 2.616114
3160 4.36791231 9.565711380000002 -0.24803604 1.182764 -1.38321 2.288552
3180 4.2388813800000005 9.007963830000001 -1.2954105 0.865604 -2.453766 1.753597
3200 4.26612375 9.01500741 -1.20214683 0.30083000000000004 -3.753677 1.247117
3220 3.7347356700000005 8.920399770000001 1.7474651099999998 -0.015366 -4.4159510000000015 0.907131
3240 -3.6769547700000005 13.96311255 -0.42167304000000005 -0.274864 -4.386838 0.512175
3260 -8.50126752 15.961154490000002 1.5313115700000002 -0.688117 -4.04017 0.224697
3280 -10.624906890000002 16.807943880000003 2.25236619 -1.032875 -3.621401 -0.037825
3300 -11.92869513 22.265747190000003 1.5621542100000003 -1.075775 -2.915261 -0.23237800000000006
3320 -8.569525500000001 17.41702716 -0.55100808 -0.958805 -2.077195 -0.257204
3340 0.034276140000000004 17.48948382 -3.2992893899999998 -0.965967 -1.512661 -0.235545
3360 5.7429603899999995 18.575921700000002 -3.87918792 -0.617078 -1.579422 0.172902
3380 5.59686006 17.311500990000003 -4.25325303 0.329826 -1.72829 0.615541
3400 2.73136887 15.738418440000002 -2.7533727 1.321205 -1.300752 0.996864
3420 1.34449974 12.955262580000001 -3.6968592600000005 1.536932 -1.062365 1.666773
3440 0.10283823 9.879601950000001 -2.2619505600000007 0.952694 -1.28914 1.342516
3460 -0.8797215600000001 6.307731899999999 -0.24698637000000004 0.681312 -0.8635209999999999 0.902104
3480 -0.35491599000000007 4.2107463 0.33605136 0.472412 0.177582 0.468817
3500 0.32003163 2.8333045800000005 -0.34488036 -0.147852 -0.468896 -0.094435
3520 0.63438327 1.64612781 -1.1831350500000002 -0.308408 -1.000992 0.441372
3540 0.44188164 1.67726475 -1.21472325 -0.4552810000000001 -0.2823 0.128573
3560 -0.6947049599999999 1.9247023800000003 -0.97477065 -0.970533 -0.578821 -0.661926
3580 -1.2253474800000002 2.8050125400000003 -0.8137100700000001 -0.952521 -1.916702 -1.501844
3600 -0.67629159 4.77926523 -2.3593932900000008 -0.965567 -2.508696 -1.5652700000000002
3620 -0.79574796 8.77969494 -3.2242919400000005 -1.204779 -2.336187 -1.341767
3640 -1.6576545599999999 14.69239776 -3.79536147 -1.805007 -1.872074 -0.735532
3660 1.09975986 16.109354160000002 -4.77147609 -1.991615 -1.161636 -0.282683
3680 2.34906336 8.9190558 -5.5266597 -1.664216 -0.901996 -0.228386
3700 0.057329639999999994 3.0108361500000003 -3.9851653500000004 -1.336533 -1.2455969999999998 -0.366662
3720 -0.16959528 4.687051230000001 -2.88929025 -1.316589 -0.963949 -0.4875930000000001
3740 -0.47151765 19.856656440000002 -3.11501835 -1.155894 -0.435755 -0.581151
3760 4.189939290000001 28.28667393 2.50444395 -0.768091 -0.358121 -0.618066
3780 0.6192660600000001 10.207422720000002 0.48888135 -0.708296 -0.555523 -0.588553
3800 1.07550954 7.8523752600000005 0.91894194 -0.876151 -0.341041 -0.533385
3820 1.73758644 8.065075680000001 1.9808352 -0.744642 -0.138704 -0.6310020000000001
3840 2.1862075500000007 8.037686160000002 2.6997904800000003 -0.8978450000000001 -0.302136 -0.653227
3860 1.33537644 10.435848570000001 2.18530503 -0.99107 -0.381749 -0.6430939999999999
3880 -1.73249505 13.583200680000001 -0.01272357 -0.778877 0.073531 -0.396504
3900 -2.9195246700000004 13.32035154 -0.9165483000000001 -0.542317 0.177491 -0.226206
3920 -2.28814326 9.76898439 -0.6102801 -0.154532 -0.22000300000000006 -0.259307
3940 -2.9764128600000004 7.622595629999999 -0.6273495000000001 0.177099 -0.378336 -0.378565
3960 -2.14204293 6.793022790000001 -1.45811916 0.438956 -0.671446 -0.299448
3980 -2.21524515 6.720723090000001 -2.1544722000000003 1.070217 -1.047194 -0.121506
4000 -1.25708283 6.452478450000001 -0.8313680700000001 1.788929 -1.529159 0.435335
4020 -0.04415481 5.46513138 0.71311833 2.161612 -1.538312 1.068201
4040 0.44113608000000004 5.122350360000001 1.88472663 2.560993 -1.578412 1.425691
4060 -0.14130323999999997 6.49319976 2.97656001 2.8764540000000003 -1.467344 1.614691
4080 -0.9306158400000001 9.08056764 1.41635799 2.877851 -1.401271 1.607139
4100 -1.1883834 12.66396444 -0.9605559600000001 2.574924 -1.139368 1.376088
4120 -0.43200297000000004 14.907354480000002 -1.7925224400000002 2.0438560000000003 -0.548669 1.435715
4140 1.16368182 11.76972408 -1.67710779 1.690763 -0.195147 1.7788990000000002
4160 2.16808848 10.710675720000001 -0.45804852 1.696132 -0.443193 1.999308
4180 3.0626329500000002 12.5314902 0.6882696 1.752782 -1.170708 2.199326
4200 2.689902 13.285476990000001 0.02065986 1.6539529999999998 -1.960027 2.2722860000000003
4220 1.6164918 13.611796830000001 -1.30273857 1.503794 -2.542596 2.102136
4240 1.5058644300000001 12.908105910000002 0.75832281 1.208916 -2.578127 1.919592
4260 1.25394363 13.355078940000002 1.39165641 0.78167 -3.207208 1.633267
4280 0.32736951 10.38765204 1.93008807 0.57309 -3.709878 1.246826
4300 -2.2571534700000004 9.353599560000001 1.35258318 0.31003800000000004 -3.596189 1.016244
4320 -3.89086182 10.91559681 0.03053853 -0.000319 -3.344836 0.765926
4340 -5.07384972 14.63267448 0.9969314400000001 -0.314684 -2.9881990000000003 0.563516
4360 -5.082825870000001 16.51890204 2.6011411200000003 -0.692822 -2.375423 0.564362
4380 -2.48034078 14.71934583 0.86370183 -1.128124 -1.579557 0.648964
4400 -0.5049010799999999 14.12163234 -0.92193399 -1.4207809999999998 -0.694394 0.656468
4420 0.36044883 13.29535566 -1.75869756 -1.3857 0.057187 0.485903
4440 0.98225568 12.31564077 -1.71513135 -1.068981 0.105823 0.569237
4460 0.80038809 11.172314700000001 -1.2495978 -0.412458 -0.213133 0.642598
4480 0.03592422 9.30285243 -0.5957612999999999 0.253797 -0.463043 0.7565310000000001
4500 -0.40625172 7.77902589 -0.7719489 0.586246 -0.8282790000000001 0.962283
4520 -0.41628735 6.444100710000001 -0.41253993 0.435836 -1.080148 0.942327
4540 -0.46642626 4.75681014 0.3731724 0.254886 -1.148108 0.7787810000000001
4560 -0.5730119100000002 4.1611959899999995 0.41463927 0.793145 -0.7454649999999999 0.58654
4580 -0.54307179 3.9411576900000003 -0.12738285000000002 0.531243 -0.5182869999999999 0.21267800000000006
4600 -0.58184091 3.9104720100000003 -0.8866081800000001 -0.247373 -0.453964 -0.012897
4620 -1.555866 4.66849071 -1.86676452 -0.606795 -0.246993 -0.310502
4640 -2.1814104600000004 5.3275755600000005 -3.1948030800000002 -1.16961 -0.017753 -0.6725810000000001
4660 -2.5093783800000002 6.35353479 -4.07377908 -1.479511 -0.60269 -0.911141
4680 -2.3912757900000003 8.58195477 -3.98545965 -1.242779 -1.358725 -0.927747
4700 -0.87433587 12.29512806 -5.50944315 -1.165286 -1.716682 -0.722717
4720 1.49329782 14.70227643 -5.73053112 -1.233297 -1.367135 -0.432015
4740 1.9881632700000003 13.27933593 -4.6009782900000005 -1.330269 -0.787497 -0.114037
4760 2.71101312 10.64227059 -4.7862990000000005 -1.377823 -0.370168 -0.274069
4780 2.70921789 8.13528585 -5.61512628 -1.29304 -0.317076 -0.5705100000000001
4800 2.25131652 7.275920040000001 -5.964646770000001 -1.277883 -0.391203 -0.6942229999999999
4820 2.9503673100000007 11.466909000000001 -3.93427107 -1.210376 -0.392128 -0.521767
4840 2.52389718 16.67637216 -1.9279887300000003 -1.012493 -0.6998340000000001 -0.466579
4860 -0.048049379999999996 12.40664814 -0.73362123 -0.916607 -0.839169 -0.337544
4880 -2.61700389 7.64265708 -1.12924872 -0.8871879999999999 -0.784613 -0.419662
4900 -1.3189054500000001 5.946684660000001 0.65459187 -1.103347 -0.538505 -0.505877
4920 0.94154418 6.2724060900000005 1.54957779 -1.384699 -0.299699 -0.5743779999999999
4940 2.8904870700000003 9.35060751 1.4465924099999998 -1.375627 -0.127369 -0.521124
4960 3.5503174800000004 13.178449890000001 0.93600153 -0.7139439999999999 -0.101783 -0.300754
4980 0.94902921 14.25769704 0.40086603 -0.04044 0.111637 0.089305
5000 -2.37974904 11.67855975 0.01018278 0.290788 0.281857 0.390503
5020 -2.68212267 9.54010728 -0.5972622300000001 0.5429039999999999 0.100062 0.61255
5040 -1.6949227500000001 8.470434690000001 -0.51373008 1.206819 -0.112889 0.8097409999999999
5060 -0.04969746 8.16147855 0.12693159 2.527132 -0.060730999999999986 0.740916
5080 0.61747083 8.757092700000001 0.026192700000000003 3.587879 -0.987771 0.949271
5100 0.89813493 7.82767368 0.31464594 4.077082 -1.844431 1.634243
5120 0.16091343000000002 7.162006320000001 0.9800091900000001 4.256533 -1.7673009999999998 1.903522
5140 -0.35416062000000004 6.680453040000001 1.4888048400000002 3.5968480000000005 -0.5151600000000001 1.56616
5160 -0.84843747 7.80731793 1.11278754 2.349398 1.684021 1.203184
5180 -0.8163980100000001 9.08610048 0.04445892 1.664259 1.7243119999999998 1.045591
5200 -0.77688333 10.970836920000002 -1.12072383 1.691397 1.012075 1.180221
5220 -0.69545052 9.89667135 -1.92664476 1.794984 0.446725 1.544864
5240 -0.33605136 9.49026267 -1.93817151 1.366996 -0.468208 1.614618
5260 1.7699202 11.872415160000001 -0.17753157 0.242336 -0.72439 1.387037
5280 1.0431855900000004 11.327244030000001 -0.68018616 0.181541 -0.6457579999999999 1.223073
5300 1.4537733300000002 9.89876088 -1.21816656 0.00624 -1.2321799999999998 0.706649
5320 2.95590015 8.864266950000001 -1.38656502 -0.286648 -2.018818 0.278322
5340 4.05880902 10.435848570000001 1.0743127199999998 -0.52042 -2.356577 -0.034798
5360 1.8946053 14.93623512 0.12020193000000001 -0.946242 -2.216444 -0.343464
5380 -2.5423105500000003 13.09192569 0.9824028300000001 -1.294439 -1.596393 -0.5891770000000001
5400 -6.1034092200000005 16.687447650000003 -0.80247762 -1.364462 -0.834327 -0.626962
5420 -9.3357846 18.96032655 0.01751085 -1.320337 -0.231707 -0.583629
5440 -8.27389134 13.942305540000001 -2.2013247600000003 -1.293266 0.192847 -0.484639
5460 -1.0876347 11.916422820000001 -4.07796795 -1.227554 0.354455 -0.463023
5480 2.7078641100000005 12.98594826 -3.22519446 -1.071097 0.502008 -0.468529
5500 2.8412408700000005 13.06183842 -3.0214701900000005 -0.7420359999999999 0.509872 -0.323098
5520 1.77695397 9.39490947 -2.7602593200000003 -0.349246 0.39949 -0.232619
5540 1.1304455400000002 8.28541809 -3.64132485 -0.292455 0.369913 -0.078361
5560 0.43245423 7.57140705 -4.67507322 -0.754378 0.424603 -0.034655
5580 -0.46328706 5.49686673 -3.5703789300000004 -1.150412 0.503128 -0.147549
5600 -0.50100651 3.36036645 -1.5513730200000002 -1.423545 0.581412 -0.306586
5620 0.24818319 2.61176535 -1.21606722 -1.77433 0.727015 -0.450228
5640 0.8909442000000001 2.0242444500000003 -1.99519704 -1.787121 0.821391 -0.596785
5660 1.09872 1.87036479 -2.8619007300000003 -1.4091129999999998 0.402445 -0.8510489999999999
5680 0.5740517699999999 2.83480551 -3.45496428 -1.070334 0.347155 0.15979000000000002
5700 0.27527841000000003 3.61632897 -3.3471916200000003 -0.041052 0.6828649999999999 0.561791
5720 0.062116920000000006 3.9272373000000003 -2.883159 -0.731132 0.541031 0.133069
5740 -0.34638129 4.67238528 -2.27796048 -1.385316 0.810297 -0.036352
5760 -0.61686261 6.32554686 -2.00792061 -0.322396 1.1074620000000002 0.917136
5780 -0.36224406000000003 8.009394120000001 -1.61589339 0.222151 0.034156 1.6529790000000002
5800 -0.40715424 8.582700330000002 -1.28522772 0.584647 -1.574633 0.330841
5820 -0.8897473800000001 7.455246840000001 -2.14743843 0.639949 -1.963419 -0.25900100000000004
5840 -0.77104638 6.8485572 -3.4726320900000003 0.039756 -1.643898 -0.522113
5860 -0.06870924 6.702309720000001 -3.37548366 -0.428764 -0.5957439999999999 -0.629278
5880 0.46209024000000004 6.869962620000002 -3.14750907 -0.804056 0.455742 -0.5851770000000001
5900 -0.022749390000000005 6.74138295 -2.9812001400000003 -0.759087 0.925644 -0.386775
5920 -1.56813831 9.19133235 -3.6895311900000003 -0.5231859999999999 1.058617 -0.278476
5940 -3.80299365 20.63893527 -1.36561086 -0.152637 1.002569 -0.170062
5960 -5.74056675 19.094144760000002 3.99923289 0.366621 0.882821 0.021726
5980 1.14811335 10.82234295 0.01107549 0.747153 0.835675 0.292568
6000 2.68721406 10.96005573 -2.3322980700000002 0.971006 0.438236 0.653563
6020 3.0326928300000002 20.99594079 -5.71840596 1.0990799999999998 -0.070059 0.848458
6040 5.71062663 28.29147102 -1.25963343 1.330906 -0.523417 0.80152
6060 3.74086692 12.74210109 0.5004081 1.423412 -0.838075 0.55581
6080 -0.22992678000000003 6.659204580000001 2.05447887 1.53425 -1.017875 0.401922
6100 0.49307022000000006 7.87512465 0.6224052600000001 2.164543 -1.1668040000000002 0.070026
6120 -0.76221738 7.984251090000002 0.54097245 3.193049 -1.045046 0.4306350000000001
6140 -2.02064418 7.85207115 0.8434932300000001 4.082086 -0.985032 0.901445
6160 -2.74289562 7.37187165 0.54471987 3.463256 -1.130066 1.476284
6180 -1.80194985 6.703212240000001 -0.182466 2.299113 -1.098587 1.539683
6200 -1.09826874 5.88995343 -1.2117312 1.465168 0.212305 1.57918
6220 0.35611281 5.371730370000001 -1.59867684 0.84805 1.118423 1.157102
6240 1.9435572 4.96187838 -1.4193500399999999 0.474447 0.715306 0.792882
6260 3.3931416600000004 5.10513381 -1.77905331 -0.005397 0.969502 0.511466
6280 3.15559251 5.73098238 -1.9998371700000002 -0.529565 0.8913479999999999 0.264351
6300 2.65906917 7.476652260000001 -1.58624757 -0.981871 0.254461 0.08681900000000001
6320 2.16284994 8.72176689 -0.97282827 -1.329178 -0.337832 -0.144516
6340 3.0271501800000005 7.96478805 -0.9253773000000001 -1.615469 -0.465654 -0.431567
6360 4.649027670000001 6.778356840000001 -0.5526463500000001 -1.608754 -0.422005 -0.696495
6380 5.924376720000001 5.666314860000001 0.88929612 -1.513936 -0.528664 -1.01189
6400 3.15782919 7.88590584 -0.43724151 -1.607868 -0.871082 -1.34646
6420 0.68392377 14.28150591 -4.39112277 -1.790148 -1.028398 -1.54088
6440 -2.8972265400000006 24.26259231 -10.142156790000001 -1.7382220000000002 -0.782957 -1.69252
6460 -6.0245172 24.32471904 -7.16350725 -1.680652 -0.414075 -1.550517
6480 -9.27620847 14.68895445 -7.20331623 -1.665191 -0.083579 -1.096838
6500 -4.6689419700000006 12.912893190000002 -8.81846406 -1.55814 0.261198 -0.8305450000000001
6520 -1.1308968 11.366464410000003 -7.2076620600000005 -1.133906 0.6274390000000001 -0.61227
6540 1.5965775000000002 11.58650271 -8.00879571 -0.633682 0.838832 -0.364424
6560 2.63900772 11.76927282 -6.75769698 -0.612726 0.990033 -0.365539
6580 1.9883104200000001 9.46616931 -4.84931844 -1.111658 1.097137 -0.343524
6600 1.8450648 6.5014303500000015 -4.24801449 -1.319404 1.254092 -0.253309
6620 1.3159134000000001 5.206922370000001 -4.163589630000001 -1.0672549999999998 1.358579 -0.228181
6640 0.8658011700000001 4.41686421 -3.40961265 -0.374439 1.455208 -0.218125
6660 0.81595656 3.41649927 -3.07146195 0.247527 1.528352 -0.134825
6680 0.8716381200000001 2.34128403 -3.13493265 0.487012 2.098789 0.327588
6700 0.49816161000000003 2.18186172 -3.0430227600000004 0.033601 2.33592 0.560194
6720 1.12341177 1.95883137 -1.86991353 -0.432533 0.404179 0.264585
6740 0.9210314700000001 3.3870104100000007 -1.64507814 0.221106 1.739183 0.975671
6760 -0.07679268 5.009780610000001 -2.10118428 0.552161 1.121468 1.716916
6780 0.27468 7.15602222 -2.0676537 0.395532 -1.302715 0.42638
6800 -0.13157172 8.892706140000001 -1.99475559 0.373546 -2.251646 -0.144057
6820 -1.5299676 9.79697232 -2.00851902 0.28867600000000004 -2.22864 -0.229068
6840 -3.0117386700000006 9.274413240000001 -2.49935256 0.033094 -1.5569959999999998 -0.137711
6860 -4.30055685 8.58913569 -3.2452559100000005 -0.28231 -0.862931 -0.007275
6880 -5.302128420000001 8.279581140000001 -2.8868966100000004 -0.7622979999999999 -0.346795 0.00687
6900 -4.5533801700000005 8.362662030000001 -1.89326133 -0.985935 0.291683 -0.16001600000000002
6920 -4.56011964 10.167760890000002 -2.38948056 -0.66773 0.881473 -0.34228400000000003
6940 -4.261640580000001 13.51764045 -1.88472663 -0.351323 0.8099390000000001 -0.310072
6960 -1.5153016500000003 12.21595155 0.8370578700000001 -0.167203 0.25750100000000004 -0.047431
6980 3.61842831 9.60657003 1.57172877 0.053188 0.0008449999999999999 0.274903
7000 4.199366700000001 11.13894108 -0.6155186400000001 0.34716 -0.379281 0.242193
7020 7.345826100000001 30.44458944 -6.540199470000001 0.668562 -0.701533 0.098504
7040 10.25862111 18.53356212 -2.91308931 1.037747 -1.162084 -0.13333599999999998
7060 2.8586045700000002 8.24231295 -2.0678008500000002 1.602163 -1.430218 -0.168574
7080 2.14563339 7.18266618 -0.12933504 2.734368 -1.663959 0.026573000000000003
7100 4.1501205 9.624384990000001 -0.80996265 4.076848 -1.753937 0.584063
7120 1.7594431200000002 9.03760965 -0.37646856 4.974535 -1.295131 0.952941
7140 -1.1846359800000001 8.74032741 -0.67629159 3.730944 -0.8767719999999999 1.03879
7160 -1.91796291 8.22614607 -1.40258475 2.29429 -0.396165 1.1766219999999998
7180 -1.23687423 6.67297782 -2.23650342 1.326762 1.580023 1.45682
7200 -0.84528846 5.319639270000001 -2.5337856600000004 1.134814 2.10352 1.245437
7220 -0.19444401 5.89369104 -2.23574805 0.86049 1.459372 0.8651270000000001
7240 1.4867055 7.90341669 -1.79656416 -0.110144 1.14487 0.968777
7260 3.92963094 9.182954610000001 -2.11929354 -1.154038 0.9486 0.873075
7280 4.08485457 9.633665250000002 -1.68714342 -1.521986 0.598801 0.490666
7300 3.23657406 8.91411156 -1.1124834300000002 -1.538969 0.161804 0.031772
7320 2.92551858 7.287446790000001 -0.78721326 -1.3729559999999998 -0.42164 -0.45984
7340 3.5878897800000003 6.322250700000001 0.15657741000000003 -1.154016 -1.074605 -0.927491
7360 3.6161818200000004 6.084250290000001 1.3721933700000002 -1.203624 -1.465356 -1.20187
7380 1.5045204600000002 7.149586860000001 0.9066598200000001 -1.652809 -1.359949 -1.331193
7400 -2.21389137 13.018125060000001 -2.20520952 -2.091252 -0.977701 -1.437294
7420 -3.6389312100000004 19.955001690000003 -6.159394890000001 -2.353579 -0.356316 -1.558496
7440 -7.303760820000001 20.88592164 -4.83030666 -2.760296 0.228114 -1.636861
7460 -8.270300879999999 12.16056429 -4.342916430000001 -3.122334 0.476152 -1.546772
7480 -6.51774438 10.177482600000001 -7.82722242 -2.526288 0.34136700000000003 -1.124762
7500 0.09310671 11.05211277 -8.132588100000001 -0.635671 0.234414 -0.527101
7520 0.9171467100000001 14.76304938 -7.9077527100000005 0.546716 0.390139 0.528884
7540 2.6113239 14.22537309 -9.533073510000001 0.35386 1.443439 1.292102
7560 3.04945812 9.99860706 -7.077885570000001 -0.4514510000000001 1.642582 1.207174
7580 1.85838678 5.4572049 -4.19666895 0.242066 1.55405 0.6352909999999999
7600 1.16577135 3.2826712500000004 -3.2968957500000005 0.347843 2.23561 0.331782
7620 1.12625667 3.0232654200000004 -2.63886057 -0.747732 -0.016579 -0.532903
7640 1.0065060000000001 2.6649061200000004 -1.7302485600000002 -0.829253 1.275289 0.147466
7660 1.1047041 1.28388375 -1.2742993800000002 -0.374782 1.161034 1.949672
7680 1.4043799799999999 0.27033417000000004 -1.47637557 0.145977 -0.95057 0.757471
7700 1.21996179 0.37482048 -1.45362618 0.29188800000000004 -1.945462 -0.185612
7720 0.35087427000000004 0.75712599 -2.01106962 0.247638 -1.930064 -0.534181
7740 -0.51283737 1.4804172899999999 -3.1478033700000005 -0.061426 -1.25093 -0.40475
7760 -1.46589849 4.04713512 -3.5730668700000003 -0.317927 -0.498514 -0.265433
7780 -2.17392543 9.560619990000001 -0.54636795 -0.706433 0.066929 -0.140684
7800 -4.0892004 15.603697710000002 1.10140794 -0.838784 0.310199 -0.122693
7820 -3.6158777100000004 16.116083820000004 -3.0311919 -0.6580199999999999 0.575014 -0.435827
7840 -3.7610755200000003 14.5615716 -3.78727803 -0.317677 0.95452 -0.531144
7860 -4.665194550000001 10.21969503 -0.6890151600000001 -0.140053 0.8759620000000001 -0.487074
7880 -2.5933617900000003 8.16102729 -1.14197229 -0.098711 0.679404 -0.38612
7900 2.20192317 8.46280251 -0.18831276000000002 0.137785 0.485274 -0.262442
7920 4.232298870000001 16.03165896 1.16068977 0.568764 0.088202 -0.172397
7940 9.72153342 31.361579190000004 -6.73359381 1.279032 -0.699221 0.056832000000000014
7960 9.82631403 19.77268284 -0.57705363 1.975167 -1.418926 0.4129930000000001
7980 1.74102975 9.68725728 -1.6341498 2.873446 -1.6605900000000002 0.660996
8000 1.80060588 8.15085432 -0.5568450300000001 3.967729 -1.790849 0.8514719999999999
8020 3.5401347000000003 9.808499070000002 -0.89543718 4.810931 -1.332028 0.997779
8040 1.72965015 9.29641707 0.13831119 4.536975 -1.146362 0.8920100000000001
8060 -0.71341263 9.01080873 -0.00209934 2.470641 0.300255 1.091504
8080 -2.16389961 8.082743490000002 -0.6950090700000001 1.255531 1.60702 1.427446
8100 -2.09788812 7.0480926 -1.2467529000000002 0.69189 1.63086 1.282473
8120 -1.9290384000000003 5.883066810000001 -1.91961099 0.264383 1.125575 0.94044
8140 -0.40954788000000003 5.64715593 -1.61738451 -0.539022 0.71454 0.531567
8160 1.3212990900000001 4.94122833 -1.41081534 -1.363177 0.312699 0.238973
8180 2.63062998 4.5852626700000005 -1.9390642200000001 -1.849129 -0.015096 -0.215859
8200 3.47412321 5.26095585 -1.52218827 -2.183635 -0.18219 -0.496787
8220 3.57067323 7.227125100000001 -1.53355806 -2.363024 -0.261387 -0.782086
8240 4.399804620000001 9.9719631 -1.00171872 -2.430109 -0.389529 -1.178701
8260 4.420160370000001 10.56218175 0.23680359 -2.339345 -0.5913649999999999 -1.39893
8280 3.7799401500000003 7.34238279 1.2907703700000002 -2.223045 -0.490013 -1.537116
8300 1.15170381 7.15691493 0.14295132 -2.350393 -0.087063 -1.761781
8320 -2.1080709 10.692713610000002 -2.36314071 -2.496884 0.026463 -2.052438
8340 -4.30968996 17.91309924 -6.659655840000001 -1.901548 -0.693348 -1.58268
8360 -6.53795298 25.120908450000005 -6.902747639999999 -0.455425 -0.910542 -0.4709640000000001
8380 -7.491171060000001 14.446156950000002 -6.16791978 -0.047589 0.238315 0.383922
8400 -3.56768118 10.679244480000001 -7.695945 -0.317297 0.95445 0.815887
8420 0.10208286000000001 10.877278950000001 -7.866894060000001 -0.427598 0.8803049999999999 1.071585
8440 2.63586852 11.900255940000001 -7.5456558000000005 -0.002536 0.804951 0.8994620000000001
8460 3.6875790000000004 10.892700270000002 -6.69138138 0.724529 0.845325 0.8286450000000001
8480 3.2078307600000002 8.30921715 -4.619391660000001 -0.291657 0.550041 0.162832
8500 1.81706706 5.34283992 -3.6929745 -0.089628 0.931973 1.177497
8520 1.5919373700000001 3.37233465 -3.4711311600000005 -0.007081999999999998 0.8853549999999999 1.042469
8540 1.35618345 2.12303115 -3.43041966 0.371976 0.04316 0.60502
8560 1.1731092300000001 1.1201254200000001 -3.23956611 0.57398 -0.725276 -0.008948000000000001
8580 1.6833960000000001 1.2261028499999997 -2.14698717 0.580585 -1.201399 -0.294575
8600 0.6932040300000001 1.3076828100000002 -1.8540409500000001 0.176786 -1.072184 -0.290084
8620 -0.41748417 2.33140536 -1.9151180100000003 -0.090026 -0.683228 -0.357608
8640 -1.79910495 7.320977370000001 -1.97335017 -0.200716 -0.60197 -0.336052
8660 -4.18694724 12.51158571 -0.13711437 -0.25505900000000004 -0.057644000000000015 -0.281582
8680 -3.96899847 11.85909318 0.49516956 -0.111573 0.44184 -0.373087
8700 -2.0231947800000003 7.41169044 -1.2304388700000002 0.104523 0.428879 -0.515771
8720 -1.46170962 5.95551366 -1.82246256 0.31232600000000005 0.343063 -0.547324
8740 -0.6536893500000001 8.1385722 0.84619098 0.703673 -0.043402 -0.411636
8760 0.07484049000000001 9.79413723 1.0033668 1.559305 -0.525632 -0.173237
8780 1.71842751 17.24159493 -2.31823053 2.676143 -1.31439 0.037469
8800 4.51671039 22.89144861 1.3222016099999998 3.549202 -1.996783 0.233517
8820 7.5425166 16.34750172 -3.2346218700000002 4.164549 -2.00752 0.519839
8840 5.90177448 15.354621810000001 -3.6756108000000003 4.1022870000000005 -1.478422 0.659732
8860 2.92356639 13.549827060000002 -1.63610199 3.093538 -1.070424 0.4694970000000001
8880 1.88936676 10.483603650000001 -0.8544215700000001 1.698678 0.4431850000000001 0.650094
8900 2.70637299 10.22449212 -1.59028929 0.984933 1.999492 1.016992
8920 1.5694822800000003 8.48091177 -1.64522529 0.260029 2.841454 1.014054
8940 0.17528508000000004 6.93986868 -2.2382986500000004 -0.162346 1.911896 1.006954
8960 0.022749390000000005 6.32045547 -3.82784238 -1.084386 1.398277 0.78005
8980 0.29878317000000004 6.43407489 -3.43401012 -1.918365 1.118178 0.421002
9000 0.11420802000000001 5.98514967 -1.4855086800000001 -2.263276 0.68186 -0.189735
9020 1.5230809799999998 5.96689326 -1.39180356 -2.252853 0.302609 -0.993547
9040 2.48887548 6.64737372 -1.0797082199999999 -2.294108 -0.000488 -1.61622
9060 3.53205126 8.067920580000001 -1.0788057 -2.141664 -0.492261 -1.844193
9080 3.76078122 8.23631904 -0.45565488000000004 -1.847349 -0.8380219999999999 -1.680393
9100 2.84647941 7.61930928 1.2886710300000002 -1.653479 -0.93647 -1.471677
9120 0.34188831000000003 7.01980056 0.9845021700000001 -2.04662 -0.23776 -1.369565
9140 -2.2870935900000005 8.24724738 -0.55624662 -1.958187 -0.5330239999999999 -1.400615
9160 -4.203114120000001 11.6809632 -4.64019867 -0.8066479999999999 -0.79811 -0.311191
9180 -6.639741540000001 20.293446690000003 -5.934412350000001 -0.8384729999999999 -1.465725 0.17014200000000002
9200 -7.61855391 15.93615861 -4.24442403 -0.834125 -0.8581489999999999 -0.191666
9220 -6.973252110000001 9.17412561 -8.168659470000001 -0.264309 0.100683 -0.439946
9240 -3.06517374 11.947854060000001 -8.40487446 0.009272 1.212698 -0.377503
9260 -0.89693811 11.987672850000001 -6.1802019 -0.5970979999999999 2.464003 0.24584
9280 0.60982884 9.21318903 -5.78756646 -0.97087 1.638784 0.211172
9300 2.27123082 6.393951990000001 -4.5234400500000005 -0.708052 0.7367779999999999 0.178912
9320 3.69491688 4.394409120000001 -4.104013500000001 -0.65547 -0.2907 0.271395
9340 4.83808599 3.0961635300000006 -4.5813681 -0.380429 -1.260109 0.301264
9360 4.16373678 2.9918243700000002 -6.512054580000001 -0.07433300000000001 -1.7990810000000002 0.022082
9380 4.83943977 2.71070901 -6.6606957 -0.041349 -1.905485 -0.303359
9400 6.05416302 3.9324758400000004 -5.30617014 -0.15724000000000002 -1.665157 -0.629215
9420 4.014350100000001 4.62418875 -3.8260471500000004 -0.245802 -1.198344 -0.8739870000000001
9440 1.3424102100000002 5.2696377000000005 -2.3245187400000002 -0.312277 -0.649133 -0.964886
9460 -2.3921783100000003 11.796515190000001 -1.6188854400000001 -0.377855 -0.233654 -0.913533
9480 -8.63928441 14.513963669999999 -0.32258223 -0.371058 0.196273 -0.808283
9500 -8.126604 11.226956399999999 -1.05111207 -0.263761 0.153051 -0.748726
9520 -4.9832838 10.435103009999999 1.02372255 -0.172156 -0.034026999999999995 -0.664525
9540 -2.19757734 11.03160987 1.09033245 -0.101633 -0.40743 -0.586642
9560 1.76797782 8.34918309 -2.10312666 0.03543 -0.851801 -0.6673680000000001
9580 2.27451717 12.131820990000001 -3.00350808 0.321918 -1.527827 -0.7552989999999999
9600 3.2230951200000004 16.05545802 -1.3641099300000001 0.779909 -2.0414 -0.8582639999999999
9620 5.62844826 14.540313330000002 -1.25259966 1.398864 -2.201388 -0.813144
9640 7.06980213 16.70421294 -0.8234415900000001 2.072964 -2.475283 -0.568802
9660 6.660999810000001 13.31286651 0.6737508 2.379617 -2.791575 0.20607
9680 2.82657492 9.84218661 1.3584299400000002 2.663175 -2.244121 1.049108
9700 1.6429788 8.856487620000001 1.1868824699999998 2.828303 -1.322053 1.55328
9720 0.18262296000000003 8.01523107 0.6511485600000001 2.387352 0.048507 2.047303
9740 -1.28702295 7.343726760000001 -0.29233800000000004 1.477931 1.834281 2.741553
9760 -1.95942978 7.162457580000001 -0.5921708400000001 0.641007 2.246086 2.782181
9780 -1.7188787700000001 7.297325460000001 -1.02267288 0.254865 0.998173 2.703103
9800 -0.40820391000000006 7.71555519 -0.45295713 0.313757 -0.5894 2.730117
9820 0.89124831 8.24515785 -0.71581608 0.6773279999999999 -1.7936169999999998 2.529102
9840 2.1115044 9.19702215 -0.95561172 0.933111 -2.47485 1.905783
9860 2.89423449 9.79562835 -1.08599643 0.860608 -3.199223 1.166995
9880 4.13814249 10.665618390000002 -0.61506738 0.566339 -3.88439 0.672299
9900 4.29965433 8.609501250000001 -0.10328949000000001 0.328066 -4.088763 0.306633
9920 4.629427290000001 6.88223493 -0.1212516 0.005741 -3.645643 0.062396000000000014
9940 3.91270869 6.11044299 0.059428980000000006 -0.4256390000000001 -3.108984 -0.036377
9960 3.13343172 7.61421789 0.45355554 -0.96142 -2.68206 -0.041735
9980 -1.7298071099999999 10.73867346 -1.1451213 -1.371517 -2.327907 -0.072827
10000 -6.627165120000001 14.647046130000001 0.9833053500000001 -1.4940950000000002 -1.721873 -0.20585100000000006
10020 -9.301959720000001 14.682371940000001 1.3132156500000003 -1.35046 -0.8426370000000001 -0.426028
10040 -9.05377653 16.28284401 2.3167296000000004 -0.641848 -0.497973 -0.120281
10060 -8.51175441 18.531462780000002 0.35356221 0.471803 -0.378707 0.522937
10080 -2.59769781 19.77118191 -5.53249665 1.086664 0.01744 1.088609
10100 3.8610688500000006 18.17460441 -7.53068574 1.377211 -0.055184 1.415471
10120 6.589749780000001 16.93488528 -5.976026370000001 0.94634 -0.523468 1.147074
10140 5.13312174 15.26106384 -2.7324185400000003 0.274441 -0.560394 0.575202
10160 2.9491704899999998 12.278666880000001 -0.8155053 -0.084548 -0.252352 0.04353
10180 0.15522363 8.811724589999999 -0.29833191000000003 -0.551895 0.597267 -0.764126
10200 -0.7113231000000001 6.50681604 0.24908571000000002 -0.7633909999999999 -0.789144 -0.193396
10220 -1.0124901 5.45495841 0.28141947 -0.207679 -1.611977 -0.0325
10240 -1.7613855 4.496050530000001 -0.25566822 -0.6665449999999999 -2.051854 -0.453884
10260 -2.56491279 3.61752579 -0.6914088 -0.863401 -2.673299 -0.718314
10280 -2.22063084 3.8158643700000003 -1.54807686 -1.008713 -2.687949 -0.924409
10300 -1.74102975 3.8290392 -2.7065201400000003 -1.356699 -2.3135380000000003 -0.747858
10320 -1.43581122 4.20759729 -3.3843126600000004 -1.786717 -1.804939 -0.22488
10340 -1.6497182700000002 5.04226152 -3.04287561 -1.84469 -1.04677 -0.09807
10360 -1.2500490600000003 7.58922201 -4.59619101 -1.697768 -0.938381 -0.15807100000000002
10380 0.31569561 13.73408829 -5.461089660000001 -1.419957 -1.0334 -0.346152
10400 0.79230465 18.32878818 -3.8529854100000005 -1.037007 -0.70291 -0.475292
10420 2.42615034 12.70842336 -4.51281582 -0.73222 -0.385131 -0.554755
10440 1.31980797 5.019659280000001 -6.358479030000001 -0.744567 -0.445159 -0.717134
10460 0.76221738 1.3298337900000001 -4.754563650000001 -0.995896 -0.469342 -0.844909
10480 -1.17490446 2.88240363 -3.6130328100000013 -0.980279 -0.397702 -0.925009
10500 -1.71587691 18.96736032 -7.343726760000001 -0.939604 -0.355284 -0.91196
10520 5.711519340000001 24.19268625 5.628291300000001 -0.8767790000000001 -0.22510700000000006 -0.753591
10540 1.5802634699999998 13.04387631 2.13859962 -0.3569 -0.333585 -0.450719
10560 2.5409665800000005 8.42792796 1.25588601 -0.052135 -0.592683 -0.389506
10580 4.58511552 7.11380979 2.1472814700000002 0.184508 -0.579897 -0.329117
10600 2.57494842 8.5635414 1.3665035700000001 0.576151 -0.426265 -0.194119
10620 -0.7246450799999999 10.919344230000002 1.1499085800000002 1.285452 -0.692861 0.059005
10640 -4.12436925 13.984223670000002 0.0026977500000000005 1.967917 -0.931815 0.6152810000000001
10660 -3.27309669 10.065521069999999 -0.00793629 2.336292 -1.204009 1.231362
10680 -2.54605797 8.20398528 0.03712104000000001 2.363775 -1.614614 1.592071
10700 -1.52532747 7.62424371 0.27168795 2.715092 -1.57513 1.802778
10720 -2.00253492 7.35854967 -0.11047041 2.8816040000000003 -1.350707 2.011956
10740 -1.39779747 6.924153060000001 -0.44382402 2.648344 -1.105737 1.692751
10760 -0.3873969 6.51669471 -0.34054434000000006 2.277922 -0.8650709999999999 1.502917
10780 0.35042301000000003 7.12727892 0.5146326 1.987524 -0.744351 1.6684439999999998
10800 0.3715243200000001 8.51938659 1.07835444 1.9677 -0.870986 1.918432
10820 0.11406087000000001 10.20921795 0.16734879000000003 1.8008990000000002 -1.373322 2.210603
10840 -0.32318064 12.330012420000001 -0.7249393800000001 1.435426 -2.031142 2.396901
10860 -0.5258552400000001 11.6115084 -0.7788257100000001 1.041719 -2.644852 2.499623
10880 0.99258561 10.4057613 -0.05718249 0.711344 -2.884122 2.415369
10900 3.68384139 12.31848567 0.8749342800000001 0.504167 -3.29419 2.046979
10920 3.01652595 12.45679686 -0.5701670100000001 0.296138 -3.748625 1.585704
10940 3.59911242 13.15105056 -1.7732163600000002 -0.035117 -3.743912 1.227666
10960 1.9981989000000002 15.11212842 0.03577707 -0.448617 -3.278741 0.875942
10980 0.3013239600000001 13.80473991 1.11652515 -0.887041 -2.583698 0.602797
11000 0.11121597 9.56241522 1.70570394 -1.123063 -1.851435 0.4367720000000001
11020 -0.7548795 8.656049700000002 1.573524 -1.14126 -1.259713 0.329064
11040 -3.03748011 10.098149130000001 -0.16780005000000003 -0.997004 -0.774291 0.289926
11060 -4.23619344 14.4693576 -0.27482715 -0.790067 -0.684859 0.389533
11080 -5.20257654 17.63767368 1.46709531 -0.3829010000000001 -0.891282 0.5090779999999999
11100 -2.67628572 14.24348235 -0.48768453 -0.025581 -0.989043 0.670864
11120 -0.36972909000000004 12.7597689 -1.6576545599999999 0.338564 -0.8255520000000001 0.76186
11140 0.81280755 11.80475559 -2.1615059700000003 0.343816 -0.185016 0.946947
11160 0.7545852000000001 11.375744670000001 -2.61520866 -0.7389439999999999 0.650471 1.274803
11180 0.40565331 10.46683836 -2.74349403 -1.511986 0.84209 0.6463840000000001
11200 0.20133063 9.08550207 -1.9291855500000001 -1.11418 -0.293414 0.016094
11220 0.14041053 7.94338263 -0.9313614 -0.18937 -1.261756 0.281236
11240 0.6810788700000001 6.656810940000001 -0.4263131700000001 -0.412287 -1.43621 -0.386668
11260 0.88690248 5.07744018 0.31000581 -0.497116 -1.614868 -0.92221
11280 0.07289811 3.81660993 0.26435007 -0.761587 -2.169593 -1.030169
11300 -0.714168 3.3617104200000005 -1.14916302 -1.078002 -2.166921 -0.8913770000000001
11320 -1.39689495 4.47225147 -3.03613614 -1.272912 -1.762768 -0.559971
11340 -1.75764789 5.547162600000001 -4.00911156 -1.588324 -1.104566 0.013822
11360 -2.1158502300000004 6.84436833 -4.794980850000001 -1.649258 -0.344051 0.089334
11380 -1.70735202 8.82160326 -4.97430765 -1.336059 -0.383859 -0.083616
11400 -0.32841918 12.11730219 -5.1262351200000005 -1.051612 -0.491424 -0.336796
11420 -0.3731724 14.50154421 -5.26604724 -0.884877 -0.327389 -0.476847
11440 0.69245847 10.200084839999999 -5.156479350000001 -0.726296 -0.240329 -0.541013
11460 0.8855585100000001 6.6202784999999995 -3.63698883 -0.53738 -0.142243 -0.458634
11480 2.0549301300000002 5.620364820000001 -2.6985838500000003 -0.46614 0.100264 -0.160413
11500 1.4900016600000001 5.96494107 -1.8802434600000002 -0.225978 0.333059 0.288551
11520 0.9689337 13.86866187 -2.7749252699999998 0.337563 0.642285 0.7909510000000001
11540 1.88727723 22.3705278 -0.13696722 0.955219 0.643476 1.288782
11560 -0.95666139 13.207938750000002 -0.8897473800000001 2.214403 0.12635 1.9114
11580 1.6560064800000003 8.14800942 1.37623509 3.5110900000000003 -0.537179 2.350733
11600 3.68817741 7.658971110000001 1.79282655 4.488434 -0.298708 2.340162
11620 2.58227649 6.9900174 1.7456698800000001 4.5734059999999985 0.032208 1.5648030000000002
11640 1.82530746 9.40074642 1.8200689200000002 3.748393 -1.073841 0.7560859999999999
11660 -0.27812331 12.64810167 0.6629696099999999 2.406426 -1.604937 -0.063387
11680 -1.45213506 13.178891340000002 -0.36194976 1.390988 -0.228694 0.306975
11700 -2.45115603 9.89576883 -0.54307179 0.94418 1.664276 0.965862
11720 -1.8230609700000002 8.1673155 -0.0489519 0.60212 0.966006 1.124601
11740 -0.8677435499999999 7.72408989 0.49411989 0.112379 -0.427112 0.684994
11760 -0.29683098 7.480998090000001 -0.04176117000000001 -0.447227 -0.936008 0.295041
11780 0.6536893500000001 7.56631566 -0.46882971 -1.023316 -0.869368 0.113607
11800 1.22385636 8.14471326 -0.75712599 -1.52011 -0.843965 0.05242
11820 0.9819613800000001 8.99000172 -1.6992685800000003 -1.9818240000000005 -0.819968 -0.220027
11840 0.5878250100000001 9.20555685 -1.98382725 -2.253784 -0.618625 -0.518083
11860 0.5578947 9.791586630000001 -1.85150016 -2.323022 -0.499563 -0.6618609999999999
11880 0.41882814000000007 10.42357626 -0.9624983400000001 -2.149131 -0.515141 -0.912726
11900 1.86108453 10.40157243 0.35356221 -1.881735 -0.6650689999999999 -1.212973
11920 3.0539511 11.70895113 -2.2510222200000003 -1.870966 -0.519878 -1.566665
11940 2.1953308500000004 13.42288566 -4.111949790000001 -1.978297 -0.581507 -1.24687
11960 -1.31112612 12.37656087 -3.85328952 -1.441539 -0.760022 -0.494068
11980 -5.04615609 12.33614367 -3.7203640200000003 -0.405283 -0.033267000000000005 0.411682
12000 -3.91211028 15.466887450000002 -1.9679546700000001 0.30486 0.182471 0.722945
12020 -0.72853965 11.829898620000002 -3.76661817 0.205574 0.432937 0.511491
12040 1.1166821100000002 11.601924030000001 -6.145317540000001 0.6118859999999999 2.055005 0.512251
12060 1.3537800000000002 12.20935923 -6.3307854 -0.634947 1.003224 0.08401
12080 1.32803856 7.988891220000001 -4.750521930000001 -0.573407 0.963559 0.35902399999999995
12100 0.86355468 3.78562995 -2.2763124 -0.38225 0.796075 1.582619
12120 0.72718587 1.949247 -1.2202659 -0.341444 -1.592557 0.554063
12140 0.84289482 1.2916630800000002 -0.84724065 -0.010827 -2.300439 -0.12958699999999998
12160 0.61207533 0.85008555 -1.8979014600000002 -0.162715 -2.044776 -0.263435
12180 0.85786488 0.23920704 -2.9636892900000005 -0.253458 -1.85258 -0.296362
12200 1.17086274 0.20462679 -3.4438887900000004 -0.319523 -0.904176 -0.31619899999999995
12220 1.4455427399999998 0.02170953 -2.9349459899999997 -0.613475 0.207735 -0.268402
12240 1.0671318 0.5457695400000001 -2.39606307 -0.51766 1.00678 -0.373443
12260 0.5171733900000002 2.43274266 -2.375256060000001 -0.180805 1.423176 -0.36735
12280 0.00703377 6.777003060000001 -2.6488962 0.037372 1.623422 -0.28383
12300 -1.5947822700000003 12.037664610000002 -1.5971759099999998 0.153073 1.295814 -0.242009
12320 -4.37734953 15.208521480000002 -0.7940998800000001 0.386066 0.9253 -0.22815700000000005
12340 -6.017934690000001 13.604164650000001 -2.64514878 0.499482 0.7884359999999999 -0.199415
12360 -7.3465716599999995 13.834081620000001 -1.1982620700000002 0.906456 0.477864 -0.14169500000000002
12380 -1.11023694 9.14897277 -1.1907770400000002 1.733575 0.044801 0.08041799999999999
12400 3.0455635500000007 12.341980620000001 -0.8119148400000001 2.967084 -0.514846 0.436923
12420 6.48631314 19.66431177 0.90142128 4.296207 -1.358368 0.8382569999999999
12440 11.26797201 26.940074850000002 -10.0527975 4.7897690000000015 -1.472803 1.055496
12460 7.1280244800000006 13.56509142 0.85637376 3.940073 -0.8997620000000001 1.012507
12480 3.4151454900000004 9.96507648 0.48199473000000004 2.865603 -0.124158 0.857661
12500 2.6427551400000002 11.42513802 -0.49591512000000004 1.7966369999999998 0.645323 0.897279
12520 0.99033912 10.564428240000002 1.07865855 1.183114 1.095985 0.88387
12540 -1.1966139900000001 9.74324295 0.8384018400000001 0.490771 1.125926 0.656805
12560 -2.9017195200000003 8.339304420000001 -0.11047041 -0.6092890000000001 0.832578 0.378169
12580 -2.43423378 7.917189930000001 -1.32684174 -1.75321 0.596571 0.183542
12600 -1.6557023700000002 8.05115529 -1.8236593800000003 -2.429208 0.394511 -0.114682
12620 -0.7117743599999999 7.6583727 -2.8569564900000004 -2.710359 0.336415 -0.526768
12640 0.70128747 6.720723090000001 -3.2856633000000004 -2.445729 0.528417 -0.8189270000000001
12660 1.9407123000000002 5.66616771 -2.16853974 -3.0120560000000003 1.1798879999999998 -0.20949
12680 2.67748254 5.06232297 -2.0390575500000003 -3.216619 0.107549 -0.396484
12700 2.7024784200000003 5.25138129 -1.5069141000000001 -3.169735 -0.327896 -1.298246
12720 2.32915887 6.16164138 -0.7144623 -2.687557 -0.851634 -1.810158
12740 3.58370091 6.4810746 0.5092371000000001 -1.768916 -1.347928 -1.838356
12760 3.76511724 8.13213684 0.18097488 -0.775647 -1.762615 -1.29464
12780 0.9391505400000001 12.051585 -2.65428189 0.048871 -1.591205 -0.121533
12800 -1.43372169 15.327379440000001 -5.06292138 0.469317 -0.09159 0.651806
12820 -5.435044110000001 18.777252330000003 -5.403161610000001 0.014097 0.65044 0.364597
12840 -5.995185300000001 15.47542215 -6.43661568 -0.404586 2.215372 -0.347496
12860 -3.5094490200000004 11.269767240000002 -7.51527423 -0.275411 2.037917 -0.304706
12880 -2.6470911600000004 10.193198220000003 -8.55291717 -0.623428 1.548971 -0.273395
12900 -0.08232552 10.59616359 -8.796460230000001 -0.731917 2.088854 0.6716
12920 0.8773279200000001 9.36093744 -8.203239720000001 -0.294088 1.35933 1.043061
12940 1.7651329199999999 6.8693642100000005 -6.48436095 0.121192 -0.6038640000000001 0.922428
12960 1.95283746 5.009780610000001 -3.86496342 0.16247 -1.6375030000000002 0.434795
12980 2.28574962 5.81256234 -2.1749751 0.430109 -2.124506 -0.019911
13000 3.8700548100000014 6.59992275 -3.8981898900000003 0.29196700000000003 -1.720568 -0.21581
13020 4.782855690000001 2.3611885200000002 -5.247937980000001 -0.091874 -0.818666 -0.318991
13040 0.95651424 -4.63990437 -4.15086606 -0.334643 -0.037882 -0.359075
13060 1.3030426800000001 -3.23956611 -3.256929810000001 -0.347572 0.15928699999999998 -0.371168
13080 -0.51911577 0.93750246 -1.5193433699999999 -0.192607 0.424129 -0.402472
13100 -1.7272565100000001 5.8923470700000005 -0.33215679000000004 0.08265499999999999 0.685136 -0.378451
13120 -2.56686498 11.75759892 -0.45864693000000006 0.36944 0.768834 -0.246232
13140 -4.147726860000001 15.350580090000001 0.10269108 0.491988 0.6601670000000001 -0.083935
13160 -5.04256563 13.01618268 -2.01496419 0.675628 0.423264 0.12595399999999998
13180 -3.62919969 12.32776593 -3.91151187 0.89135 0.201171 0.333912
13200 -2.35580283 10.652443560000002 2.9991622500000004 1.095685 -0.249639 0.47265
13220 -0.9623511900000001 9.4197582 2.26478565 1.375506 -0.575857 0.557276
13240 -0.32213097 20.030891850000003 0.8265807900000001 1.835628 -0.705466 0.602316
13260 7.06440663 21.36776922 -6.09442326 2.6115470000000003 -1.3484200000000002 0.610696
13280 11.13205446 17.254769760000002 -1.30378824 3.211129 -1.475491 0.965424
13300 8.633300310000001 14.929054200000003 -1.63833867 3.193642 -1.18721 1.348424
13320 2.65009302 12.26070477 -0.82059669 2.37779 -1.151202 1.309564
13340 0.56821482 11.46316158 0.26449722000000003 1.511671 -0.383363 1.3174860000000002
13360 -0.3210813 10.449621810000002 0.34488036 0.659621 1.013452 1.197581
13380 -1.24435926 8.50456368 -0.24488703 0.318814 1.153942 0.726071
13400 -2.27197638 7.10797284 -0.19054944000000001 -0.053913 1.443161 0.38447
13420 -1.5067669500000003 5.9345595 -0.77478399 -0.390355 1.206223 -0.010682
13440 -0.7213489200000001 4.997508300000001 -1.29420387 -0.7257239999999999 0.575983 -0.086992
13460 0.12498921000000002 4.57598241 -1.62037656 -1.118415 -0.035764 -0.20966
13480 0.8069706000000001 4.42494765 -1.6540640999999998 -1.540065 -0.364476 -0.49099
13500 1.3768335 4.44605877 -2.01900591 -1.768904 -0.596618 -0.8469409999999999
13520 1.7687233800000002 5.226228450000001 -1.8598779 -1.812379 -0.753366 -1.303174
13540 1.74731796 6.88119507 -2.13441075 -1.905347 -0.891216 -1.647615
13560 2.48603058 8.10714096 -1.57143447 -1.985022 -0.347618 -1.655277
13580 3.82035735 8.548571339999999 -1.09946556 -2.072165 0.069746 -1.789948
13600 5.104682550000001 7.7799186 0.17798283 -1.827726 -0.172794 -1.821045
13620 4.72866525 7.6173570900000005 -0.13921371000000002 -1.696192 -0.276629 -1.277336
13640 1.75599981 11.25824049 -3.3775731900000006 -1.360878 -0.473474 -0.8271569999999999
13660 -0.6566814000000001 18.32114619 -6.907387770000001 -0.664705 -0.4305020000000001 -0.189962
13680 -4.0749759 20.67979392 -7.5717013500000006 -0.205106 0.175543 0.234419
13700 -8.27928684 17.258811480000002 -7.576194330000001 -0.284167 0.884141 0.255392
13720 -7.5365325 13.803091830000001 -8.15264955 -0.6487930000000001 1.411562 0.011819
13740 -1.3894099199999999 12.194389170000001 -6.3945504 -0.5756760000000001 2.080029 0.079839
13760 1.6205335200000002 10.269392490000001 -6.90214923 0.336505 2.783264 0.316046
13780 3.56737707 12.00893112 -6.85214766 0.443042 3.144561 0.7137060000000001
13800 2.3376935700000003 11.53276353 -4.850368110000002 -0.7518 0.466478 0.14690699999999998
13820 0.9458802000000001 7.94637468 -3.91361121 -0.726681 -0.244588 0.256952
13840 0.6484508099999999 5.469624360000001 -3.6473187600000005 0.047381 0.023895 0.642302
13860 0.42062337 4.926258270000001 -3.46304772 -0.004295 -0.339938 1.096401
13880 1.6856424900000002 2.9780609399999998 -3.9133169100000003 -0.029494 -1.378101 0.200249
13900 1.71648513 1.5660389700000001 -4.77731304 0.020871 -1.134375 -0.319935
13920 1.97648937 0.89693811 -3.7532961900000004 -0.151384 -0.8277979999999999 -0.381352
13940 1.6455294 0.6753988800000001 -2.15416809 -0.216957 -0.282872 -0.20091
13960 0.32213097 1.04752161 -1.5849035999999999 -0.360842 0.027461000000000003 -0.160653
13980 -0.5116405499999999 2.9526138000000004 -1.3506408 -0.415997 0.102211 -0.157929
14000 -0.34054434000000006 7.09494516 -1.0844955 -0.228832 0.146534 -0.215431
14020 -0.6141746700000001 11.53232208 -1.0240168500000002 -0.043996 0.154615 -0.265424
14040 -2.70352809 12.39886881 -2.3141888100000005 0.095777 0.200824 -0.22071
14060 -4.81399263 11.21303601 -4.68824805 0.14182999999999998 0.372704 -0.08708099999999999
14080 -6.15609873 11.12261724 -5.87273688 0.161693 0.407284 0.039064
14100 -7.67872845 14.07253329 -1.4756300100000002 0.294675 0.175294 0.13002
14120 -5.65509222 12.86663904 2.28634803 0.573313 -0.20089 0.190133
14140 3.0743068500000006 9.40119768 3.15947727 1.010181 -0.62921 0.36358
14160 6.2439669 9.756260820000001 1.68384726 1.502599 -0.7447699999999999 0.5968359999999999
14180 5.504803020000001 12.13316496 -2.9928740400000002 2.277444 -1.17033 0.58677
14200 8.1843849 25.33242186 -8.469983430000001 3.4329730000000005 -1.298292 0.6826
14220 4.75650603 19.00029249 1.2957048 4.5698940000000015 -1.209214 0.8634790000000001
14240 0.02110131 9.683961120000001 -0.82912158 4.697174 -0.8646530000000001 0.9002459999999999
14260 0.47376414 9.84981879 -0.83676357 3.596883 -0.412538 0.945392
14280 1.08793881 10.8947898 -0.4047606000000001 2.384011 0.497605 1.098124
14300 0.7925989500000001 9.824371650000002 0.40146444000000003 1.368216 1.268867 1.178702
14320 -0.56596833 8.73074304 0.12453795000000001 0.817984 1.00684 0.8493870000000001
14340 -1.6646883300000002 7.31409075 0.10492776000000001 0.12906900000000002 0.894907 0.667393
14360 -1.5983727300000001 5.87168721 -0.09939492000000001 -0.766053 0.703851 0.471242
14380 -1.1825366400000001 5.216349780000001 -0.8786718900000001 -1.461882 0.407931 0.218934
14400 0.023799060000000004 5.15258478 -1.21292802 -1.927708 0.168001 -0.115161
14420 1.37668635 5.27413068 -1.3040923500000001 -2.015272 -0.13733499999999998 -0.40487
14440 2.36897766 5.06322549 -1.47233385 -1.810276 -0.5082 -0.811024
14460 2.35101555 5.212308060000001 -1.66483548 -1.818332 -0.824984 -1.236895
14480 2.5960497300000003 6.979834620000001 -1.68399441 -1.992796 -1.208963 -1.498267
14500 2.61371754 9.27111708 -1.4465924099999998 -2.062837 -1.408807 -1.544434
14520 2.89124244 10.2176055 -1.13568408 -1.9726740000000005 -1.4551 -1.2350290000000002
14540 3.3482412900000003 8.450530200000001 -0.42960933 -2.496751 0.002723 -0.912613
14560 3.213069300000001 7.573800690000001 -0.26435007 -2.339633 0.365186 -0.850023
14580 0.7924517999999999 9.46436427 -1.49030577 -1.744174 -0.205023 -0.495825
14600 -1.78039728 15.31405746 -4.41566739 -0.91554 -0.748987 -0.246853
14620 -3.2998878000000005 22.463781660000002 -5.64266295 -0.30121 -0.103242 -0.027609
14640 -3.9628574100000002 17.89693236 -4.98732552 -0.1297 0.875862 0.060997
14660 -4.61130822 12.65498829 -7.78995423 -0.502688 1.732377 0.10963699999999997
14680 -1.27145448 12.88220751 -9.68201874 -0.707924 2.070981 0.059699
14700 0.36044883 11.90743686 -7.84563579 -0.330847 1.6437810000000002 0.005197
14720 2.12108877 9.771378030000001 -7.8680908800000005 -0.207612 1.83354 -0.402247
14740 2.67313671 9.661506030000002 -6.81622344 -0.177898 2.590633 -0.08254299999999999
14760 2.5643143800000003 6.94450881 -5.09810004 -0.29687800000000003 2.575805 0.264886
14780 1.8874243800000001 5.466779460000001 -4.73765121 -1.2149 0.330093 0.023138
14800 1.19302353 4.7806092 -4.4560845900000015 -1.6911509999999998 -0.974286 -0.242368
14820 0.79933842 3.76961022 -3.7797929999999997 -1.404282 -0.327011 0.676409
14840 0.97941078 2.9117453400000004 -3.4109566200000003 -0.08005599999999999 0.360577 1.803206
14860 1.88637471 3.1626262800000005 -3.33985374 0.14213900000000002 -1.108372 0.26412800000000003
14880 1.5018227100000001 3.9493882800000004 -2.44561338 0.450251 -1.919183 -0.500733
14900 0.8572664700000001 4.62567987 -1.7125905600000002 0.17081500000000002 -1.920255 -0.52298
14920 0.27497430000000006 5.2477908300000005 -0.05223825 -0.276566 -1.261413 -0.260962
14940 -1.52697555 6.61728645 -0.6652161000000001 -0.552038 -0.25207 -0.154152
14960 -3.0021543000000004 7.8820112700000005 -2.07034164 -0.6958409999999999 0.131545 -0.05844
14980 -2.6110197900000003 8.76157587 -2.9921284800000003 -0.640154 0.16549 -0.070913
15000 -1.73144538 8.86366854 -2.3227235100000003 -0.255254 0.207325 -0.210352
15020 -1.15949295 8.89555104 -2.23529679 0.066286 0.535374 -0.208526
15040 -2.27706777 8.20010052 -1.84446639 0.204645 0.8931030000000001 -0.011465
15060 -3.13283331 8.78598315 -1.3723503300000002 0.338947 0.84701 0.209585
15080 -3.7601828100000003 9.97854561 -4.098922110000001 0.5579109999999999 0.625895 0.170806
15100 -5.24478897 15.429609450000001 -3.60525348 0.804285 -0.025207 0.01206
15120 -1.4561767799999998 12.43254654 2.0119623300000002 0.999737 -0.5909939999999999 -0.12578699999999998
15140 4.76534484 8.705747160000001 1.65825297 1.221669 -1.002138 -0.064958
15160 5.095107990000001 10.320885180000001 0.87852474 1.5825280000000002 -1.261835 0.097061
15180 5.3272714500000005 14.191989659999999 -2.9382421500000007 2.248111 -1.668309 0.203712
15200 10.605895109999999 34.468376760000005 -2.6176023 3.267934 -2.214867 0.402747
15220 7.268287860000001 16.31487366 -1.1064993300000001 4.1850809999999985 -1.735632 0.973629
15240 -1.18942326 6.46235712 -1.3554280800000003 4.750297 -0.924233 1.367506
15260 0.32048288999999996 8.67565989 0.32542713 3.535711 -0.115457 1.563085
15280 0.07050447000000001 9.457183350000001 1.573524 2.036042 0.564667 1.677788
15300 -0.17169462000000002 9.317528189999999 0.90457029 1.001808 1.34103 1.830871
15320 -1.25349237 8.08094826 1.327293 0.502272 1.307326 1.369157
15340 -2.5174618200000003 8.09097408 1.49973318 0.08461 1.057709 0.752332
15360 -2.55309174 7.56182268 1.18343916 -0.532856 0.891278 0.284624
15380 -1.8021068100000002 6.850205280000001 -0.00913311 -1.085062 0.493702 0.021698
15400 -0.16630893 6.456078720000001 -1.8000074700000002 -1.585521 0.172816 -0.283693
15420 1.5751720800000002 6.29022105 -2.5801869600000003 -1.959853 0.066975 -0.663254
15440 2.24966844 5.45570397 -2.07318654 -2.129648 0.108584 -1.064009
15460 3.12445557 4.69259388 -1.80614853 -2.109929 0.112049 -1.414252
15480 2.4535496700000006 5.40840015 -2.0670552900000003 -1.837527 -0.177073 -1.542302
15500 2.3760114300000006 7.07548212 -1.9321776000000002 -1.62905 -0.530615 -1.755105
15520 3.40227477 9.2950731 -1.4774252399999999 -1.66662 -0.755621 -1.930268
15540 3.9866564700000002 10.11955455 -0.7099693200000001 -2.058061 -0.469926 -1.907731
15560 4.04952876 8.30997252 1.06039233 -1.698105 -0.8491489999999999 -1.425099
15580 3.6794955600000003 6.73359381 2.56402008 -0.8774489999999999 -1.223671 -0.652972
15600 -0.09759969 8.79885387 0.10088604 -0.278328 -0.889833 -0.209107
15620 -2.25655506 14.081215140000001 -3.14586099 0.09649 0.10205 0.23662
15640 -4.61070981 21.329441550000002 -7.2952261200000015 -0.428438 0.986284 0.411282
15660 -7.358696820000001 22.209614370000004 -8.2162674 -0.544691 1.420345 0.122562
15680 -7.31633724 13.88827206 -8.55007227 -0.334216 2.454874 -0.096279
15700 -1.5037749000000002 10.65903588 -8.27912988 0.260245 2.622861 0.268717
15720 2.62912905 8.892411840000001 -7.0464445200000005 -0.079877 1.110837 0.130478
15740 3.16576548 10.324779750000001 -6.82939827 -0.262226 1.056486 0.29378000000000004
15760 3.3688913400000002 10.43644698 -5.388495659999999 -0.02141 1.017295 0.5615
15780 2.28051108 8.148303720000001 -3.95252748 0.229432 -0.282434 0.8992709999999999
15800 1.21996179 5.9600066400000005 -3.22100559 -0.254017 -1.511542 -0.067135
15820 0.8782206300000001 4.61505564 -2.8273204800000005 -0.244771 -1.784787 -0.7397
15840 1.07985537 3.2452559100000005 -3.58130727 -0.771012 -1.29217 -0.664959
15860 1.12565826 2.1592594800000002 -3.64492512 -1.138673 -0.678541 -0.6202439999999999
15880 1.51155423 2.3424808500000003 -2.7146035800000003 -1.3568 -0.186235 -0.734561
15900 0.8467893900000001 2.0480435100000003 -2.52001242 -1.269191 0.056433 -0.7566930000000001
15920 0.08981055 2.7381083399999997 -1.18972737 -0.973126 0.308293 -0.8607020000000001
15940 -0.9586037700000001 5.979616830000001 -0.93630564 -0.574012 0.559404 -0.8667809999999999
15960 -2.93688837 8.99643708 -0.6753988800000001 -0.254212 0.586703 -0.778057
15980 -2.9409300900000006 10.013125859999999 -0.40071888000000006 -0.005554 0.483096 -0.658683
16000 -2.4911219700000005 9.61840089 -1.9276944300000003 0.204758 0.156976 -0.538223
16020 -2.8729762200000004 9.14598072 -4.0679421300000005 0.4300850000000001 -0.430024 -0.458985
16040 -4.8440799000000005 9.97315992 -3.00440079 0.504694 -1.3444969999999998 -0.407085
16060 -4.65352065 12.59450964 -1.3096251900000002 0.352265 -1.993915 -0.375271
16080 -4.73076459 12.267591390000002 2.26943559 0.246529 -2.160118 -0.278589
16100 1.3771376100000001 12.31549362 2.79169056 0.234683 -2.248238 -0.342652
16120 5.9457821399999995 12.614571089999998 -0.04295799 0.437147 -2.361626 -0.400913
16140 9.33623586 19.414627650000003 -11.763288720000002 0.844799 -2.414942 -0.474909
16160 11.28593412 24.77019114 0.59695812 1.607138 -2.336435 -0.5220279999999999
16180 2.8948329000000004 10.930272570000001 -1.73325042 2.453659 -2.440586 -0.25213
16200 1.43132805 10.0180701 -1.2882197700000002 2.926068 -2.219396 0.49971
16220 2.56656087 12.39976152 -0.80457696 3.304128 -1.447007 0.954287
16240 1.10800026 11.58186258 0.19594493999999998 3.084795 -0.40416 1.424641
16260 -0.85576554 9.73351143 0.56717496 2.3846540000000003 1.159399 2.097136
16280 -1.5703848 8.07076548 0.8761311 1.4152280000000002 2.452954 2.592907
16300 -1.8242577900000003 7.592508360000001 0.51837021 0.652533 1.855627 2.914153
16320 -1.25124588 7.615110600000001 -0.34233957000000004 0.299132 0.19267 2.969363
16340 0.025143030000000004 7.340283449999999 -0.88196805 0.13347699999999998 -1.039461 2.748663
16360 1.39479561 6.792130080000001 -0.70099317 0.037205 -1.306943 2.058262
16380 2.6087733 5.97318147 -0.51642783 -0.29245 -2.435536 1.396176
16400 3.5265184200000004 5.81854644 -0.7687998900000002 -0.555605 -3.35609 0.864611
16420 3.72275766 6.80200875 -1.06069644 -0.568669 -3.615271 0.423676
16440 3.5748621000000003 8.163273779999999 -0.67779252 -0.594734 -3.596711 0.067753
16460 3.77664399 8.47208277 -0.44996508 -0.572108 -3.535162 -0.158631
16480 3.8703491100000003 8.13528585 -0.33679692000000006 -0.721541 -3.1540220000000003 -0.238144
16500 3.522771 8.28168048 -0.42750999 -1.121361 -2.629542 -0.249086
16520 2.53782738 8.44993179 -0.41523768 -1.366184 -2.084114 -0.304906
16540 1.4455427399999998 8.016280740000001 -0.43454376000000006 -1.25039 -1.368157 -0.42786
16560 0.72673461 8.48226555 0.85487283 -0.853475 -0.849833 -0.389432
16580 -2.31538563 10.917244890000001 0.09190989000000001 0.25419899999999995 -0.6644939999999999 -0.013396000000000002
16600 -6.261781860000001 14.199170580000002 -0.14250006 1.039658 -0.67518 0.644788
16620 -7.547156730000001 14.40229644 0.49786731 1.394433 0.13141 1.091681
16640 -7.1139569400000005 15.73123752 0.9210314700000001 1.240376 0.4274770000000001 1.245117
16660 -6.568344360000001 19.00672785 -0.5954571900000001 0.787669 -0.109079 1.019384
16680 -2.19877416 21.303396000000003 -5.12773605 0.6041810000000001 0.052736 0.938847
16700 3.51753246 17.99303112 -6.752154330000001 -0.519691 0.73295 1.237773
16720 6.329588580000001 15.53125086 -6.170470379999999 -0.8932979999999999 -0.8188 0.674199
16740 6.41671119 15.234723990000003 -4.47344829 -0.4372140000000001 -0.803269 -0.14089300000000002
16760 4.33947312 12.650946570000002 -3.0039495300000003 -0.975669 -0.998892 -1.367518
16780 1.94819733 9.22486293 -2.36642706 -1.242198 -0.933291 -1.823458
16800 0.13561344 6.95977317 -0.7189552800000001 -0.846972 -1.191953 -1.949621
16820 -0.23081949000000002 5.508697590000001 -0.5396284800000001 -0.772676 -1.928347 -1.409774
16840 -0.47450970000000003 4.600536840000001 -0.51313167 -1.210294 -2.649951 -0.6620149999999999
16860 -0.59485878 3.7968525900000003 0.26779338 -1.370719 -2.070544 -0.231248
16880 -0.90576711 3.5398404 0.61806924 -1.332064 -1.4956120000000002 -0.185781
16900 -1.5402975300000001 3.3653008800000004 -0.36403929000000007 -1.12176 -1.385994 -0.341481
16920 -1.90418967 3.60240858 -1.3151678400000002 -0.956816 -1.428433 -0.527213
16940 -2.6023379399999995 4.2787001700000005 -1.16068977 -0.900501 -1.312232 -0.597472
16960 -3.3151521600000002 6.646932270000001 -3.68204616 -0.894668 -1.19828 -0.594372
16980 -2.3104413900000003 11.528574660000002 -5.25991599 -0.8999590000000001 -1.122892 -0.528276
17000 0.54007974 16.39451124 -4.81503249 -0.8690129999999999 -0.99366 -0.638252
17020 3.1883677200000005 15.029341830000002 -4.39770528 -1.060526 -0.563036 -0.801443
17040 3.28207284 8.39933181 -6.323751629999999 -1.324586 -0.183088 -1.016351
17060 0.34338924000000004 7.18625664 -7.5459599100000005 -1.413126 -0.206112 -1.042577
17080 3.3483884400000004 18.321597450000002 -3.63339837 -0.741889 -0.583565 -0.739371
17100 8.93417301 17.57345742 3.35377413 -0.031376999999999995 -0.7534850000000001 -0.4212010000000001
17120 0.22558095000000003 7.309597770000001 -1.25169714 0.381216 -0.596029 -0.195263
17140 -3.92963094 6.208189830000001 -4.48706457 0.819507 -0.623084 0.063138
17160 -0.8809183800000001 9.02113866 -1.63445391 1.478778 -1.068605 0.34925700000000004
17180 2.11735116 6.18812838 1.2394248300000001 2.127202 -1.518383 0.909838
17200 2.97356796 7.444024199999999 2.05043715 2.637299 -1.740405 1.377294
17220 2.6728424100000003 11.545487099999999 1.52532747 3.123288 -1.972679 1.499559
17240 1.1651729400000002 15.430963230000001 -0.13367106 3.25607 -1.983205 1.6190719999999998
17260 0.56851893 13.304184659999999 -0.13890960000000002 2.881572 -1.557739 1.572114
17280 -0.84888873 8.64048123 -1.0659349800000002 2.394391 -0.555721 1.297167
17300 -1.27205289 7.2178448400000015 -1.42039971 1.913667 0.189889 1.468042
17320 -0.88795215 6.840473760000001 -0.5809383900000001 1.4605629999999998 0.131492 1.812124
17340 -1.18403757 7.13641203 -0.30072555 1.385738 -0.762257 2.138554
17360 -0.79723908 7.66960515 -0.32482872 1.279954 -1.8012720000000002 2.322881
17380 -0.30746502000000003 7.99576803 -0.1158561 1.14069 -2.692212 2.269639
17400 0.03726819 8.17809669 0.69754986 0.971618 -3.012498 2.059497
17420 -0.11601306 8.74736118 1.11099231 0.624612 -3.68622 1.6787169999999998
17440 -0.43334694 9.671688810000001 0.6947049599999999 0.26122199999999995 -4.153438 1.352038
17460 -0.42451794000000004 11.26288062 -0.66596166 0.004374 -4.143924 1.060744
17480 0.13965516000000006 10.08078543 -1.60047207 -0.292869 -3.837167 0.79656
17500 2.2439884500000002 10.90063656 -1.1006623800000002 -0.636704 -3.375028 0.6098319999999999
17520 2.99227563 11.70804861 -0.07469334000000001 -0.956023 -2.552362 0.552068
17540 3.21067566 12.08242764 0.35446473 -1.141106 -1.490657 0.539801
17560 3.38476392 12.97067409 1.1831350500000002 -1.1517309999999998 -0.382377 0.450712
17580 1.5864045300000003 13.80519117 1.3013946 -0.978166 0.293312 0.490583
17600 1.35528093 11.698621200000002 0.8240400000000001 -0.63145 0.036604000000000005 0.716592
17620 -0.40371093 11.19911562 0.9654903900000001 0.033748 -0.32576 0.715294
17640 -3.36724326 12.24243855 0.5727078 0.571034 -0.394849 0.743704
17660 -5.3612532900000005 15.06257811 1.3257920699999999 0.534746 -0.337441 0.804266
17680 -5.91899103 16.8896808 3.1364237700000004 -0.005225 -0.420558 0.746121
17700 -3.7723079700000004 14.136602400000001 0.8544215700000001 0.191671 0.128666 0.690177
17720 -0.23096664 13.44459519 -1.6139412000000002 -0.434922 0.104865 0.25961
17740 1.79761383 12.56771853 -2.59291053 -0.256762 -1.415417 0.404876
17760 1.9248495300000001 11.47408992 -2.52389718 -0.35449200000000003 -0.981186 -0.208454
17780 1.3096251900000002 9.77960862 -1.90359126 -0.916682 -0.6135689999999999 -0.809988
17800 0.9294190200000001 7.860753000000001 -0.96744258 -1.2986209999999998 -0.8266680000000001 -1.266377
17820 0.40985199 6.50052783 -0.6011469899999999 -1.350919 -1.180771 -1.37952
17840 0.09520605 5.278770810000001 0.26944146 -1.363692 -1.464831 -1.194443
17860 -0.29728224000000003 4.18649598 0.7921575000000001 -1.381705 -1.489795 -0.531171
17880 -0.55849311 3.3979387500000002 0.6968043 -1.441287 -0.985465 -0.061148
17900 -1.33836849 3.9270803400000003 -0.48739023 -1.323352 -0.37444 -0.052561
17920 -2.02080114 4.7196891 -1.9681116300000001 -1.110009 -0.146253 -0.291713
17940 -2.39277672 5.67484956 -3.1069349100000005 -1.012072 -0.054587 -0.389423
17960 -2.7598080600000006 6.9945005700000005 -3.7205111700000004 -0.858215 -0.213963 -0.36037
17980 -3.30617601 9.32485626 -3.71497833 -0.846527 -0.671121 -0.331929
18000 -2.36941911 13.445340750000002 -5.523363540000001 -0.966195 -1.00497 -0.390021
18020 0.11645451 15.041623950000002 -6.4433551499999995 -1.081115 -0.969286 -0.422916
18040 0.47496096000000004 11.22141375 -5.6875731300000005 -1.262532 -0.717348 -0.398869
18060 2.12647446 7.744298490000001 -5.38265871 -1.341955 -0.317714 -0.368957
18080 3.93591915 6.23812995 -5.35661316 -0.662047 -0.104424 -0.218135
18100 2.6789834700000004 7.805817 -5.3172456299999995 0.015353 0.131883 0.039462
18120 3.8437051500000003 20.252431080000004 -1.81213263 0.499563 0.154573 0.338713
18140 4.617302130000001 22.04001909 3.2763830400000002 0.9576 -0.088295 0.736398
18160 -4.2543027 7.94323548 -2.30580126 1.662082 -0.6779109999999999 0.788008
18180 -1.5732297000000002 5.481151110000001 -1.5331166100000002 2.33476 -1.392216 1.146135
18200 1.03046202 4.6158012 1.96675785 3.259009 -1.359906 1.588384
18220 2.14174863 6.745571820000001 1.9387699200000001 3.977417 -1.458493 1.643735
18240 2.43633312 8.98925616 1.6681316400000001 4.0977760000000005 -0.985039 1.687766
18260 0.72598905 13.27409739 1.0734200100000002 3.420118 -0.093213 1.428721
18280 -2.8050125400000003 14.6136627 0.44906256 2.4554400000000003 1.299101 1.200145
18300 -1.98367029 10.270893420000002 -0.5975565300000001 1.85312 1.60283 1.158161
18320 -1.5320669400000002 8.27823717 -1.09691496 1.583317 1.175556 1.416401
18340 -0.27707364 7.3565974800000005 -0.48514374000000005 1.383449 0.012553 1.5201129999999998
18360 0.17229302999999999 7.514224560000001 -0.06706116000000001 1.084062 -0.664759 1.462274
18380 0.7738912800000001 7.56152838 0.05927202000000001 0.7145699999999999 -0.788033 1.175704
18400 0.9274668300000001 7.74654498 0.25536411 0.289944 -1.151547 0.80894
18420 0.7824259800000002 7.731869220000001 0.49277592000000003 -0.185485 -1.584439 0.519891
18440 0.31299785999999996 9.26333775 0.5665765500000001 -0.608613 -1.714152 0.291706
18460 0.09729558 10.867105980000002 -0.6156657900000001 -0.959309 -1.486882 -0.028296
18480 -0.76550373 10.75049451 -1.9074858300000002 -1.243256 -1.1892790000000002 -0.412016
18500 -0.8628091200000001 9.895327380000001 -1.9826304300000002 -1.343469 -0.930198 -0.645921
18520 -0.31090833 10.057731930000001 -1.33567074 -1.307928 -0.513267 -0.778666
18540 0.57121668 10.074497220000001 -0.14744430000000003 -1.430215 -0.105274 -0.937072
18560 0.58737375 9.35419797 -0.029184750000000002 -1.617338 0.11123 -1.104231
18580 2.35310508 11.30000166 1.4750316 -1.624778 0.132502 -1.089355
18600 2.4872274 12.79793961 -0.92523015 -1.437472 -0.099755 -0.97879
18620 1.3644140400000002 11.829153060000001 -0.08517042 -1.266402 -0.604731 -0.851966
18640 -1.52547462 12.043952820000001 -0.41523768 -1.013745 -0.718141 -0.682345
18660 -4.37794794 14.3967636 -0.13037490000000002 -0.8316950000000001 -0.03499 -0.384983
18680 -6.00372 18.34659333 -0.39981636000000004 -1.199145 1.365872 -0.073151
18700 -6.02063244 15.07380075 -0.7279314299999999 -1.466384 2.308074 0.033801
18720 -2.23634646 12.055028309999999 -3.0731100300000005 -1.470132 2.817724 0.191219
18740 1.63445391 11.80160658 -3.86825958 -1.375061 2.76551 0.112902
18760 2.9867427900000005 12.24528345 -4.04548704 -1.450125 2.124802 0.030945
18780 3.20049288 10.810973160000001 -3.77814492 -0.546357 1.282104 0.594881
18800 2.24368434 8.16042888 -3.71093661 -0.073376 0.4472600000000001 0.634506
18820 1.6167861 5.76451296 -3.2248903500000003 -0.20592 -0.987605 0.201721
18840 1.19571147 4.533769980000001 -2.3297572800000004 0.834017 0.144869 1.408215
18860 0.74739447 3.6465633900000003 -2.0528307900000007 1.044091 0.453969 1.981854
18880 0.7837699500000002 2.6521825500000005 -1.98547533 0.257276 -1.437651 0.191646
18900 1.35797868 1.52472906 -2.37615858 0.117122 -2.0041990000000003 -0.529656
18920 1.66184343 1.4395586400000002 -2.22646779 -0.298219 -1.692387 -0.6237560000000001
18940 1.3278914099999999 1.4379105600000002 -1.4485347899999998 -0.784755 -0.851801 -0.489363
18960 0.16765290000000002 1.30259142 -1.13689071 -0.997624 -0.174968 -0.400918
18980 -0.9803133 1.52278668 -1.39165641 -1.140371 0.381578 -0.129164
19000 -1.32803856 2.7104147100000002 -1.9127243700000003 -0.7840010000000001 0.969006 -0.020605
19020 -1.76857623 4.9355385300000005 -2.1116613600000003 -0.122878 1.230371 -0.154122
19040 -2.25939996 8.274195450000002 -1.9739485800000003 0.208792 1.306554 -0.046149
19060 -2.5307838000000005 11.251049759999999 -1.59179022 0.432632 0.936582 0.106508
19080 -2.76071058 13.43007639 -2.21180184 0.90893 0.4879270000000001 0.269574
19100 -2.85321888 11.95503498 -3.111732 1.139579 0.149063 0.362419
19120 -2.19159324 8.85049371 -3.53384649 1.290298 -0.5787260000000001 0.283219
19140 -2.04250086 8.01358299 -3.0347921700000002 1.486313 -1.109951 0.292747
19160 -2.81564658 8.04936006 -3.5455302000000004 1.546266 -1.343286 0.250736
19180 -3.51484452 15.01452873 -0.44726733 1.609384 -1.444148 0.111369
19200 -0.35566155000000005 13.74127902 3.5600490000000002 2.021514 -1.3901290000000002 0.098155
19220 5.005444590000001 9.91208286 -0.17842428 2.571447 -1.424279 0.435325
19240 4.90559841 15.56298621 -4.585861080000002 3.20087 -1.592752 0.994345
19260 6.6401928 36.191591550000005 -3.81557007 3.08781 -1.511588 1.307508
19280 7.419773879999999 18.31621176 -0.84573972 2.409335 -0.91746 1.170616
19300 -0.32003163 6.35728221 -2.00777346 1.695888 0.295347 1.125623
19320 -0.36523611 4.88988279 2.18844423 1.016406 1.063428 0.911589
19340 2.4667245 7.8540135300000005 -0.5860297800000001 0.35058 0.953087 0.578067
19360 1.43506566 7.629482250000001 -0.21824307 -0.348508 1.22879 0.4360979999999999
19380 -0.55414728 8.740474560000001 1.42518699 -0.824873 1.281849 0.367542
19400 -2.07094005 9.80954874 1.13598819 -1.125864 0.8383280000000001 0.187614
19420 -2.05013304 9.31378077 0.01362609 -1.386603 0.254357 -0.06876399999999999
19440 -1.9606266 8.366703750000001 -1.7318966400000002 -1.562616 -0.028299 -0.359119
19460 -0.9954305100000002 7.07533497 -3.11262471 -1.584651 -0.193409 -0.607957
19480 1.0731159000000003 6.12256815 -2.1609075600000005 -1.622621 -0.388112 -0.901734
19500 2.6334748800000005 4.8100980600000005 -0.74365686 -1.702902 -0.609927 -1.30473
19520 3.6794955600000003 4.70800539 -1.9799326800000001 -1.622456 -0.7350220000000001 -1.526198
19540 2.98898928 5.0388182100000005 -1.75076127 -1.728606 -0.682183 -1.594305
19560 2.3305028400000003 6.375538620000001 -1.4747373 -1.749226 -0.7386560000000001 -1.573012
19580 3.71182932 7.8638922 -0.87762222 -1.5795629999999998 -0.685001 -1.285613
19600 4.70022606 8.157289680000002 -1.0000706400000001 -1.167038 -0.24856 -0.764134
19620 4.9015566900000005 7.33370094 -0.09580446000000001 -0.681388 0.457526 -0.338631
19640 4.47299703 7.22727225 -0.41613039 -0.301029 0.881094 -0.033142000000000005
19660 2.33140536 10.8685971 -3.3780244500000003 -0.428369 1.191852 -0.113478
19680 -0.55429443 18.018027 -6.14412072 -0.998108 1.476883 -0.302625
19700 -5.015166300000001 22.404509640000004 -6.35503572 -0.835559 1.663505 0.039034
19720 -7.8462342000000005 15.857570700000002 -5.55105717 0.114931 2.073791 0.2417
19740 -7.1551197 13.15583784 -7.673342760000001 0.046745 2.580102 0.4905390000000001
19760 -3.22564572 13.34190411 -8.484207930000002 -0.717997 0.954965 0.236247
19780 -0.05988024 11.915225999999999 -7.54117263 -0.252892 0.592774 0.364942
19800 2.6406558 9.54894609 -7.654183830000001 0.594126 0.697348 1.449629
19820 1.79027595 10.221048810000001 -5.281468560000001 -0.036614 -0.922487 0.819184
19840 1.0340524800000002 8.45561178 -3.71692071 -0.111568 -1.373613 -0.051362
19860 0.24878160000000002 6.65366193 -2.8196883 -0.373696 -1.23682 -0.4657020000000001
19880 0.38620008 5.3334125100000005 -2.3599917 -0.6187560000000001 -0.81457 -0.353655
19900 0.39697146000000005 4.14653004 -2.257310430000001 -0.786594 -0.33387100000000003 -0.27319
19920 0.40206285 3.3307206300000005 -2.5970994000000003 -0.980303 -0.194853 -0.238402
19940 0.9412400700000001 2.2848471000000004 -3.59073468 -0.997118 -0.15531099999999998 -0.255662
19960 0.33605136 2.87687079 -2.9746176300000005 -0.815381 0.116954 -0.301743
19980 0.7878116700000001 3.60285984 -2.7066672900000004 -0.542185 0.440628 -0.229747
20000 0.41688576 4.77910827 -3.2925499200000004 -0.249893 0.5859989999999999 -0.074067
20020 -0.37556604 6.545742120000001 -3.92499081 0.184161 0.649062 0.029297000000000007
20040 -0.34667559 8.95333194 -3.56229549 0.484585 0.58715 0.066726
20060 -0.21240612000000003 10.041869160000001 -2.6427551400000002 0.695021 0.146552 0.044191
20080 -2.00373174 8.100558450000001 -2.74349403 0.815733 -0.5048590000000001 0.071506
20100 -3.9161520000000003 8.53060923 -3.3653008800000004 0.906722 -0.985212 0.237264
20120 -7.37740449 12.563225550000002 -1.80914058 1.059897 -1.146254 0.416933
20140 -7.566619770000001 16.697032019999998 1.5976271700000002 1.427121 -1.362613 0.392002
20160 1.85344254 9.190890900000001 1.6837001100000002 2.027088 -1.664516 0.24596
20180 5.6995511400000005 9.199268640000001 -0.31344912 2.8015830000000004 -2.05113 0.353346
20200 5.78936169 13.66253415 -2.93884056 3.423056 -1.842616 0.683228
20220 8.046368009999998 26.82137385 -8.84465676 3.564382 -1.257098 0.922746
20240 4.21463106 18.5500233 0.7403607000000001 2.983714 -0.649827 0.8773200000000001
20260 1.3638156300000002 9.97002072 -1.02117195 2.183801 -0.00195 0.990543
20280 1.7872839 9.60956208 -1.14601401 1.59797 1.240816 1.06818
20300 2.7521758800000002 10.249340850000001 -1.2600748800000001 1.163167 1.385888 0.864131
20320 1.7330934600000003 9.36916803 0.20252745000000003 0.594194 1.185986 0.732226
20340 -0.36778670999999996 8.634948390000002 0.0375723 -0.028127 1.22287 0.8389270000000001
20360 -1.07446968 8.32853304 0.45071064 -0.554445 0.994155 0.6827880000000001
20380 -1.64852145 7.7745329100000005 0.01078119 -0.8785219999999999 0.779066 0.407335
20400 -1.39225482 7.2738207 -1.00770282 -0.924924 0.349051 0.092437
20420 -0.33036156 7.34776848 -1.6589985300000003 -1.262206 -0.17085999999999998 -0.399567
20440 0.40146444000000003 6.9006483 -1.53730548 -1.211028 -0.795888 -0.7819
20460 1.73729214 6.1191248400000005 -1.60002081 -1.307482 -1.155621 -1.047032
20480 2.5134201000000003 5.41528677 -1.2600748800000001 -1.489613 -1.272486 -1.234025
20500 2.7821160000000003 5.7827791799999995 -1.2319398000000001 -1.747197 -1.096097 -1.431535
20520 3.0861279000000006 7.08072066 -1.36307007 -1.909318 -0.803934 -1.62639
20540 3.8293335 8.37627831 -1.25035317 -1.977653 -0.25235 -1.776057
20560 4.438573740000001 9.05736699 -0.8556183900000001 -2.269539 0.14257999999999998 -1.717713
20580 4.65516873 7.654183830000001 -0.5206167 -2.313273 0.047358 -1.576891
20600 3.9540284100000003 6.965914230000001 0.29429019 -1.688384 -0.09386 -1.169626
20620 2.14997922 8.30997252 0.18561501000000002 -0.613116 0.159248 -0.397592
20640 -1.35992106 12.32941401 -2.5213563900000002 0.033039 0.6054689999999999 0.13939200000000002
20660 -3.5375939100000005 20.159030070000004 -4.27601223 -0.049472 1.182511 0.561092
20680 -5.9058162 19.95619851 -3.48729804 -0.569883 1.77115 0.8600780000000001
20700 -7.591164389999999 14.255901810000001 -3.9448953 -0.439492 2.484523 0.571654
20720 -6.721625610000001 13.43501082 -6.350395590000001 0.100585 2.272775 0.309711
20740 -2.22077799 14.556931470000002 -9.00033165 0.100475 2.41379 0.476172
20760 1.21232961 14.178363569999998 -8.068823100000001 -0.572929 2.11792 0.457961
20780 2.49500673 12.86259732 -7.4046566700000005 -0.30061 -0.3688030000000001 0.048579
20800 2.9163854700000003 11.47678767 -6.4376653500000005 0.649045 -0.312029 1.276118
20820 2.32182099 8.54947386 -4.54455117 0.010482 -0.96898 1.215883
20840 1.08464265 5.0208561000000005 -1.42324461 -0.232336 -1.991619 0.08959199999999999
20860 0.66401928 5.188361850000001 -4.687051230000001 -0.23442 -1.757413 -0.4021050000000001
20880 0.87881904 3.19555845 -2.85621093 -0.483316 -1.336886 -0.388359
20900 1.34570637 2.44321974 -2.01960432 -0.816001 -0.732073 -0.300659
20920 1.46081691 1.2481066800000002 -1.6287641099999999 -1.143638 -0.249549 -0.271519
20940 1.19690829 1.1488589100000002 -1.91466675 -1.095661 0.038739 -0.212801
20960 0.53543961 1.47667968 -2.31464007 -0.5921 0.252256 -0.23199
20980 -0.12424365 2.11929354 -2.34951462 -0.012597 0.29603 -0.225862
21000 -0.95366934 3.19555845 -2.8996201800000003 0.336599 -0.028283 -0.145027
21020 -1.2274468200000002 5.466779460000001 -3.13403013 0.680227 -0.139632 -0.03673
21040 -1.5370013700000003 9.31048461 -3.01891959 0.8581700000000001 0.042992 -0.039994
21060 -2.47031496 13.579315919999999 -1.6058577600000001 0.813724 -0.120876 -0.047572
21080 -3.46424454 12.033328590000002 -1.46545704 0.7768649999999999 -0.174319 0.029151
21100 -2.7232854300000007 8.80364115 -2.9993094000000005 0.8262510000000001 -0.178351 0.195075
21120 -2.39082453 7.57949049 -4.26657501 0.94637 -0.16961099999999998 0.302725
