time Ax Ay Az Gx Gy Gz
20 3.5256159 4.95828792 -3.06816579 -1.298532 -0.006324000000000001 -0.222707
40 3.59956368 3.8871144 -2.81609784 -1.2973290000000002 0.210129 -0.27425
60 3.1293900000000003 3.6555493500000003 -2.7354105900000003 -1.375505 0.378729 -0.278217
80 2.6241946200000004 5.706879209999999 -2.69694558 -1.340893 0.269855 -0.254335
100 2.6551746 7.5496975200000005 -2.7744838200000004 -1.083033 -0.149149 -0.12381
120 2.54246751 8.597817540000001 -2.1197448 -0.346823 -0.8834209999999999 -0.155114
140 1.77231384 7.72648353 -1.25873091 -0.095113 -1.266214 -0.283189
160 0.67913649 7.068605310000001 -0.96264549 -0.433715 -1.938913 -0.394719
180 0.10927359 8.10833778 -1.30573062 -0.06465 -1.338785 -0.010486
200 0.51343578 8.263718370000001 -2.06345502 1.201564 -0.528386 1.090111
220 0.09265545000000001 8.351429580000001 -2.4706092600000003 1.290271 -0.568547 1.731715
240 -0.9952833600000001 8.17853814 -4.4250948 0.7696890000000001 -0.208503 1.123004
260 -0.58662819 11.561958090000001 -4.645741320000001 0.79951 -0.294702 0.809265
280 0.45953963999999997 14.466669660000003 -0.3005784 0.986889 -0.34685 0.368397
300 2.83973994 14.58073053 0.40251411 -0.5914590000000001 0.258239 -0.130512
320 7.068899610000001 15.78332862 1.3750382700000001 -1.745985 0.809045 -0.7417600000000001
340 7.547156730000001 25.14066579 2.9183278500000003 -1.6463 0.827042 -1.065826
360 -2.1174983099999998 18.60077043 2.35475316 -0.80194 0.9286 -0.821845
380 1.92289734 4.29711354 0.5513023800000001 -0.37858 0.768976 -0.697974
400 3.54777669 5.98650345 -1.7082447299999999 -0.34265100000000004 0.571414 -0.341752
420 4.115393100000001 2.98299537 -3.5015225400000003 -0.001547 0.420578 0.052861
440 4.48871265 5.8188505500000005 -3.26291391 0.779241 -0.203711 0.184097
460 3.71137806 9.285792840000001 0.9756731700000001 1.235912 -0.7291770000000001 0.126003
480 0.81430848 7.800431310000001 3.45197223 1.33959 -1.030474 0.25850500000000004
500 2.21973813 9.233996040000001 0.32452461 1.429161 -1.109233 0.429079
520 2.9059083900000005 12.1210398 -1.2657646800000002 1.744358 -1.155427 0.518934
540 3.50375922 10.516084560000001 -1.77156828 2.363975 -1.010319 0.722834
560 5.1641115300000004 8.76771693 -1.6395453 2.939078 -0.471268 1.017785
580 6.53361696 7.531284149999999 -2.0966913000000007 2.999013 0.275421 1.249051
600 6.1390293300000005 6.219716580000001 -3.0147307199999998 2.686566 1.003211 1.468126
620 3.9294739800000005 7.1974792800000005 -2.58407172 2.516441 1.2928 1.390722
640 2.8530717300000004 8.168963580000002 -2.0303757 2.071089 1.704327 1.427677
660 1.37758887 7.95880395 -0.57165813 -0.266993 2.427717 1.306801
680 0.51732054 7.57679274 0.83990277 -1.015224 1.775697 1.44021
700 -0.030685680000000003 7.105726350000001 0.94633146 -0.512705 0.5180640000000001 0.890925
720 -0.058977720000000004 7.1717378400000005 -1.12700223 -0.941263 0.397615 0.216174
740 -0.09026181000000001 8.46399933 -2.80217745 -1.38405 0.606648 -0.5242600000000001
760 0.0009025200000000001 10.01283156 -2.6364669300000005 -1.522677 -0.188453 -1.101049
780 -1.4111194500000002 9.74308599 -0.8044298100000001 -1.352617 -0.6638850000000001 -1.434674
800 0.038023560000000005 9.61136712 -3.6309949200000005 -1.109169 -0.747421 -1.800334
820 3.51379485 11.884089059999999 -5.6510505 -1.173044 -0.954924 -1.801583
840 6.17391369 16.848518040000002 -5.6946069 -1.655572 -1.260984 -1.568484
860 9.61809678 15.383806560000002 -7.38024939 -1.961013 -1.465926 -1.467806
880 7.6710962700000005 14.0671476 -6.9091830000000005 -1.788087 -1.602147 -1.385238
900 7.93125747 6.55531668 -4.729862070000001 -1.120521 -1.58213 -0.577298
920 5.57141292 6.677460990000001 -4.7304604800000005 -0.96472 -1.261999 0.214932
940 7.10393112 6.19037487 -4.38184251 -1.502126 -1.040232 0.366855
960 5.576504310000001 3.7583875800000004 -3.48310917 -1.498027 -0.748838 0.220164
980 6.06868182 2.48289138 -2.76370263 -0.994161 -0.6771159999999999 0.228932
1000 6.536461860000001 2.33020854 -1.5519714300000003 -0.62825 0.043802 0.246588
1020 4.44754989 0.2870994600000001 -1.28836692 -0.164616 0.6036739999999999 -0.039311
1040 1.6378972200000002 1.7227635300000004 -1.9028457 -0.079569 0.284806 -0.291477
1060 -0.30761217 6.400093050000001 -3.3902967600000005 -0.745073 -0.092403 -0.487922
1080 0.9770171400000001 10.27313991 -3.66348564 -0.8540030000000001 -0.356092 -0.252268
1100 -1.4552742600000002 8.94270771 -1.9577817000000002 0.8482629999999999 -0.776748 0.636103
1120 -3.54747258 8.81846406 -0.17947395 1.393849 -0.880027 0.682775
1140 -3.70090098 8.74960767 -1.1135331000000002 0.946375 0.006520000000000001 0.478756
1160 -0.91055439 8.98655841 -0.96130152 0.605692 0.48452 0.318735
1180 -0.59322051 10.5216174 3.0430227600000004 0.669507 0.565601 -0.032368
1200 0.26165232000000005 11.99515788 3.40437411 -0.778907 1.039643 -0.373173
1220 3.60659745 14.23585017 0.25237206 -1.419646 1.237286 -0.758189
1240 8.658149040000001 19.77732297 -5.05064907 -0.597826 1.174236 -0.8880319999999999
1260 6.42778668 36.235893510000004 1.98576963 0.057623 1.083283 -0.822448
1280 1.3959924300000002 10.111019850000002 1.5405918300000003 0.120834 0.980492 -0.746031
1300 2.6756873100000003 3.19061421 2.12018625 -0.144335 1.025566 -0.333471
1320 4.0263281100000015 5.3880444 -1.00186587 0.17456 0.8772120000000001 0.25860500000000003
1340 3.2718998700000004 4.80351555 -3.06816579 0.907495 0.514128 0.37849
1360 2.03981292 7.6751379900000005 -1.84940082 1.182511 0.006016 0.40029
1380 1.09647351 8.85902841 1.4882064300000002 1.173583 -0.544746 0.411615
1400 2.13830532 10.34723484 -0.8984292300000001 1.261375 -0.690026 0.435916
1420 2.46058344 12.78491193 -0.5698629000000001 1.780736 -0.699447 0.476943
1440 3.1533460200000003 9.0061686 0.36853227000000005 2.447621 -0.479943 0.683214
1460 5.393430090000001 7.4721592800000005 0.11824974 3.06935 -0.001815 0.988183
1480 6.79242438 6.04233216 -1.00201302 2.976715 0.478245 1.429164
1500 6.56414568 5.638474080000001 -3.2145604200000006 2.050566 0.680959 1.887112
1520 4.22077212 7.19134803 -3.80119842 1.759463 0.748845 1.679893
1540 3.04706448 9.449698320000001 -3.02131323 1.93708 0.866239 1.206693
1560 2.08486044 8.845402320000002 -0.14519781 1.136654 1.468037 1.3883379999999998
1580 1.40318316 6.690635820000001 1.1177219699999998 -0.039932 1.443647 1.314989
1600 1.1632305600000001 5.523667649999999 0.76580784 -0.5779350000000001 1.218092 0.912005
1620 1.06099074 5.38280586 -1.2397191300000001 -1.26488 0.8704639999999999 0.529501
1640 0.88481295 6.960822840000001 -3.7968525900000003 -1.930964 0.451142 -0.05679500000000001
1660 2.4676172100000002 10.769653439999999 -3.9035853900000004 -1.7465959999999998 0.266439 -0.911984
1680 0.4573029600000001 13.70550195 -2.7511262100000002 -1.165469 -0.07030499999999999 -1.6520439999999998
1700 1.45946313 10.79869104 -2.15835696 -0.6296 -0.292704 -2.176786
1720 4.11345072 9.1940301 -2.48932674 -0.758304 -0.480659 -2.214832
1740 4.02917301 11.83080114 -3.86720991 -1.675366 -0.773816 -1.901464
1760 5.302569870000001 10.706938110000001 -5.36813991 -2.524926 -0.8835059999999999 -1.706432
1780 6.29471403 11.4008877 -7.61945643 -2.288945 -0.8904059999999999 -1.517836
1800 5.83755822 11.23054686 -6.04532421 -1.630649 -0.755254 -0.190952
1820 6.220314989999999 7.94637468 -4.6824111 -1.437935 -0.4411560000000001 0.21378000000000005
1840 7.17682923 6.356232540000001 -3.9619647000000002 -1.21231 -0.635646 -0.095248
1860 4.891972320000001 5.210218530000001 -4.4758419300000005 -1.257916 -1.235557 -0.281736
1880 4.97775096 3.4015292100000005 -3.61947798 -0.890932 -1.654781 -0.457029
1900 5.09300865 2.2129986600000002 -2.3513098500000003 -0.460869 -1.568225 -0.630392
1920 5.9062674600000005 1.8194705100000002 -1.53341091 -0.11292 -0.219083 -0.259018
1940 4.1848479 1.5612516900000002 -2.2538671200000002 0.324029 -0.161391 0.384894
1960 2.54934432 5.602245750000001 -4.312534860000001 -0.695127 1.061619 0.71697
1980 2.7713348100000004 14.71634397 -4.19113611 0.056839 0.931735 1.110154
2000 -0.0580752 11.69637471 -1.7527036500000002 0.8769399999999999 0.337826 1.069642
2020 -3.4670894400000005 7.71809598 -0.7455992400000001 1.260003 0.168574 0.17415999999999998
2040 -3.1097798100000005 5.23356633 -0.47751156 0.8144979999999999 -0.453234 -0.316333
2060 -1.3841713800000002 5.9879945700000015 0.6948521099999999 0.4441890000000001 -0.951659 -0.558631
2080 0.55489284 11.59833357 1.31441247 -0.402408 -0.7998310000000001 -0.763428
2100 5.130728100000001 21.699023490000002 4.58466426 -1.528494 0.167525 -0.874015
2120 4.13739693 16.133898780000003 2.0821725 -1.148247 0.495612 -0.400693
2140 4.81773024 16.24346667 -4.59454293 -0.266249 0.43497 -0.385909
2160 3.50480889 25.893004500000004 -0.86909733 0.329027 0.362834 -0.444683
2180 5.40391698 9.06454791 0.27857457 0.4522890000000001 0.447904 -0.247379
2200 4.6824111 4.90859046 -1.5462816300000002 0.695896 0.390409 0.332305
2220 6.677460990000001 4.4569773 -1.7362424699999999 0.911782 0.232121 0.567956
2240 5.59446642 5.2474867199999995 -0.006141059999999999 1.181485 0.083618 0.707831
2260 2.97296955 5.481896669999999 1.0235754000000001 1.533319 0.002608 0.68155
2280 3.71497833 9.34087599 1.5045204600000002 1.976372 -0.203333 0.649658
2300 3.7969997400000004 14.52804102 1.40078952 2.405205 -0.345877 0.7596579999999999
2320 0.10657584 9.577081170000001 -1.21247676 2.744317 -0.32799 1.053628
2340 0.67719411 6.733750770000001 -2.3725681200000004 2.996075 -0.102786 1.526184
2360 2.7217943100000004 4.80904839 -2.84573385 2.820452 0.457233 1.757112
2380 4.494402450000001 5.003649360000001 -2.45429523 2.1181080000000003 0.630933 1.286239
2400 4.90904172 8.39633976 -1.4807214000000002 0.962612 1.139606 1.088441
2420 3.4670894400000005 9.21034413 -0.82927854 -0.838601 2.342918 1.164048
2440 1.9938530700000001 8.09965593 -0.37467332999999997 -0.8680979999999999 2.015723 1.2283540000000002
2460 0.59635971 6.5369033100000005 0.52301034 -0.610042 0.971962 0.686701
2480 0.05673123 5.90102892 -0.40940073 -1.068843 0.464129 -0.056130999999999986
2500 -0.26973576 6.57867429 -0.7346709 -1.271899 -0.400084 -0.609781
2520 0.8331632999999999 7.99891704 -1.73204379 -1.096603 -0.91711 -1.201825
2540 1.3841713800000002 9.12053358 -2.6059284 -0.909548 -0.804138 -1.642907
2560 1.9369746900000002 9.80416305 -1.3584299400000002 -1.019418 -0.8197639999999999 -1.902164
2580 4.099373370000001 13.441299030000001 -5.14555101 -1.4315790000000002 -1.0943889999999998 -1.865167
2600 6.98282667 12.034221300000002 -8.045024040000001 -1.927698 -1.404398 -1.698388
2620 6.559358400000001 13.95098739 -8.447832450000002 -2.038285 -1.570152 -1.70963
2640 7.284297780000001 14.674435650000001 -7.97780592 -1.676614 -0.929505 -1.062719
2660 7.503149070000001 12.14274933 -4.38019443 -1.295297 -0.908783 -0.183072
2680 7.679483820000001 7.57829367 -3.79027008 -1.336907 -0.8767 0.087925
2700 6.981178590000001 5.967491669999999 -3.38745186 -1.28681 -0.708326 0.029307
2720 6.4574226900000005 4.2370861500000006 -2.7503806500000003 -0.8593129999999999 -0.836469 -0.26344
2740 5.6019514500000005 2.70502902 -3.35587347 -0.689821 -0.479845 -0.349239
2760 6.169273560000001 3.5811503100000004 -3.3389610300000006 -0.7041109999999999 0.446601 -0.517169
2780 5.60853396 3.73578534 -2.70443061 -0.576613 0.672633 -0.409746
2800 3.42263052 2.8614494699999997 -3.3105120300000004 -0.207147 0.5084609999999999 -0.167673
2820 1.90224729 6.135438870000001 -3.6110904300000004 -0.058617 -0.311349 0.388822
2840 2.44202292 12.47356215 -2.9653373700000003 -0.169692 -1.174399 0.263102
2860 0.32602554 9.707308920000001 -2.38364361 -1.257792 -0.06984 -0.092018
2880 -2.3785522200000004 8.095162950000002 -1.14032421 0.317436 0.5310779999999999 0.6467430000000001
2900 -4.185750420000001 8.43496173 -0.5772007800000001 0.95197 0.208215 0.384533
2920 -1.93008807 7.51826628 0.23036823 1.174411 0.030618 -0.14993299999999998
2940 -1.2789395099999998 6.02601813 2.00792061 0.674005 -0.397383 -0.5748270000000001
2960 0.044007660000000004 4.40908488 2.45728728 -0.214715 -0.662732 -0.845614
2980 1.81138707 8.6039586 -0.65787822 -0.893827 -0.5920270000000001 -0.8889040000000001
3000 6.05670381 20.40063075 0.20103633 -1.066268 -0.062805 -0.68462
3020 4.85126082 15.5766123 1.6248695400000002 -0.6157699999999999 0.081231 -0.598337
3040 1.7148370499999999 7.74594657 -3.81062583 -0.162909 -0.0057280000000000005 -0.556606
3060 8.70185259 22.24494018 0.13666311 0.381436 -0.19287 -0.316487
3080 4.293974340000001 21.188285460000003 -0.41179437 0.659043 -0.393843 0.150386
3100 3.30527349 6.896459429999999 0.8952900300000001 1.0438459999999998 -0.525554 1.051618
3120 4.348459080000001 5.707477620000001 -0.47615778 2.216588 -0.670098 1.815227
3140 5.973328620000001 6.72311673 -0.66775689 3.232178 -0.753278 1.756198
3160 4.8518592300000005 8.177645430000002 -0.35790804000000004 3.276953 -0.8226479999999999 1.217148
3180 6.11268948 9.10616193 -0.67554603 2.886438 -1.026096 1.018128
3200 6.30983124 11.157197490000001 -1.1169764100000001 2.751936 -0.977949 1.082288
3220 3.3428457900000006 9.217976310000001 -1.8844323300000003 2.348089 -0.151697 1.7983900000000002
3240 3.2452559100000005 7.907458409999999 -1.19915478 0.289779 0.052436 1.817934
3260 3.48939738 6.5015775 -0.2311236 0.282061 -0.7808649999999999 0.558446
3280 4.90245921 4.8957197400000005 -0.14220576000000001 -0.014935 -0.434522 0.517472
3300 5.56287822 5.35226733 0.038023560000000005 -0.8513700000000001 0.445619 0.919631
3320 3.71886309 6.32539971 -1.52262972 -1.709509 1.093041 0.930967
3340 0.86549706 5.477109390000001 -1.13120091 -2.054365 1.539418 0.956828
3360 -1.14362037 3.7283003100000003 -2.2432330800000004 -1.833553 0.885042 0.307593
3380 -2.45759139 2.42870094 -4.39560594 -1.578878 0.049823 -0.700096
3400 -2.24458686 4.720581810000001 -4.978643669999999 -1.352794 -1.057675 -1.7909560000000002
3420 2.3406856200000004 11.79906579 -4.72552605 -1.051375 -2.2929060000000003 -2.439952
3440 6.168223889999999 26.16124914 1.2975000300000004 -1.245213 -2.572881 -2.320238
3460 7.85027592 12.130771320000001 1.57547619 -1.708768 -2.096411 -1.725882
3480 9.54175536 7.47964431 -5.674104000000001 -1.565762 -1.608699 -1.005527
3500 9.41721741 13.3586694 -10.429864470000002 -0.726249 -1.012153 -0.134099
3520 6.1908261300000005 10.42267374 -8.90528256 -0.08531 -0.562624 0.379344
3540 2.5673064300000004 9.02817243 -6.54184755 -0.19189 -0.29054 0.628215
3560 0.044007660000000004 8.256380490000002 -6.143522310000001 -0.5692699999999999 -0.10764 0.5046350000000001
3580 4.6428964200000005 5.586382980000001 -3.8944522800000003 -0.7958430000000001 0.08355900000000001 0.306255
3600 8.34619104 4.42344672 -0.8063721899999999 -1.11864 -0.037867000000000005 0.315906
3620 8.7516972 6.887326320000001 -0.68707278 -0.275027 0.073417 0.259699
3640 6.25982967 4.84047963 -1.7754530400000001 -1.887013 -0.720689 -0.088101
3660 3.24435339 4.7644423200000015 -2.9324052000000003 -0.744034 -0.911309 -0.827628
3680 1.5066198 5.62993938 -4.16373678 0.096552 -2.4392970000000003 -0.661702
3700 0.13082616000000002 6.986122830000001 -5.23686249 0.510551 -3.3165370000000003 -0.358584
3720 -0.42002496 8.21806263 -3.01338675 0.207041 -1.684445 0.6797890000000001
3740 -0.01332198 7.02130149 -0.96204708 0.164248 -1.26351 0.4129640000000001
3760 0.60833772 4.746931470000001 -0.60384474 0.049934 -0.159402 0.12553499999999998
3780 0.6310871100000001 2.96009883 0.66671703 -1.589705 0.191894 -0.5219600000000001
3800 -1.17745506 3.24540306 -1.96735626 -2.252102 -0.203774 -1.431932
3820 -1.2493035 7.24822641 -4.35190239 -1.181779 0.226341 -1.7625650000000002
3840 3.14765622 32.89708944 6.3655128 -0.8709100000000001 1.16227 -1.387715
3860 0.32482872 28.225900980000006 3.7077876000000005 -0.668091 1.333546 -1.239104
3880 5.63667885 29.328957000000003 2.49126912 -0.335525 1.228252 -1.0368879999999998
3900 10.73762379 10.69301772 6.466398840000001 -0.298014 0.727807 -0.861865
3920 5.319639270000001 5.773341960000001 5.808226320000001 -0.062363 0.20942800000000006 -0.636296
3940 -1.4117178600000002 5.28476472 -2.57299623 0.262841 -0.315686 -0.402616
3960 -1.19226816 9.18115938 -5.23117269 0.8264450000000001 -0.712815 -0.14713800000000002
3980 -4.932242370000001 7.30450638 0.08053029000000002 1.544535 -0.85826 0.17105399999999998
4000 -2.35609713 10.621914839999999 0.55295046 2.287556 -0.9801 0.425295
4020 0.88630407 11.850705629999998 -0.05972328000000001 2.74805 -1.556794 0.653578
4040 3.90088764 14.785200360000001 2.1038722200000004 2.474899 -1.130082 1.803734
4060 3.61333692 10.830877650000001 1.6197781500000001 2.874891 -2.006742 3.570218
4080 6.10041717 9.921068819999999 -1.13868594 3.4958 -1.929341 3.655641
4100 7.26454044 8.24515785 -3.05933679 0.803439 -0.110593 2.979684
4120 6.372997830000001 8.9711469 -4.0559641200000005 0.077418 0.171852 1.7094759999999998
4140 4.68181269 10.12285071 -3.1883677200000005 -0.332533 -0.28118000000000004 1.072669
4160 3.06487944 9.818829 -2.6473952700000005 -0.948047 -1.577093 0.941843
4180 2.92192812 7.814802960000001 -1.2344805900000002 -0.760951 -2.512546 1.347069
4200 2.9556058500000004 5.660625060000001 0.8791231500000001 -0.814657 -2.569024 1.132053
4220 4.0288689 4.54080375 2.32497 -1.390149 -2.629064 0.928353
4240 5.933215530000001 6.31970991 -2.82148353 -1.182311 -3.298184 0.780043
4260 7.30840095 13.355530200000002 2.6292860100000004 -0.738396 -3.860698 0.673838
4280 1.23433344 16.33493511 -2.02484286 -0.449247 -3.83728 0.693987
4300 0.27168795 20.24689824 1.8239536800000002 -0.267622 -3.713546 0.7623949999999999
4320 -2.8122032700000004 22.118450040000003 0.93764961 -0.062127 -3.613944 0.717769
4340 1.0891356300000001 14.315634900000001 -0.40236696 0.106971 -3.499578 0.476318
4360 5.13372015 9.59953626 -1.23493185 0.036728 -2.978556 0.245492
4380 5.841904050000001 9.0263772 -1.8775457100000001 -0.801082 -2.175294 0.161698
4400 6.10041717 11.451634830000001 -2.7018800100000004 -2.11756 -0.777053 0.353673
4420 4.24188324 8.55695889 -2.9379380400000006 -2.483389 0.28170300000000004 0.436287
4440 3.6289053900000003 5.2376080499999995 -3.5308544400000006 -1.369012 0.972107 0.775403
4460 2.24578368 4.229306820000001 -2.20476807 0.30203800000000003 0.8661049999999999 1.325595
4480 1.10695059 3.8700548100000014 0.28051695 0.401679 -0.213531 1.101212
4500 1.74641544 3.3756308100000005 -0.021552570000000004 -0.217023 -0.654907 0.394565
4520 1.1618865900000004 4.135297590000001 0.7226928900000001 -0.583978 -0.658998 0.137771
4540 0.55115523 4.712047110000001 1.27011051 -2.09086 -0.174689 0.475933
4560 1.05904836 6.6111552 2.06181675 -2.163326 -1.201931 0.617748
4580 1.56005487 9.00632556 2.98509471 0.460475 -1.905386 0.567543
4600 0.70637886 8.26880976 3.3906008700000005 0.990805 -1.69963 -0.197068
4620 0.5522049 7.4485073700000015 0.38620008 0.068412 -1.6260940000000002 -0.470661
4640 0.16091343000000002 10.18676286 -5.9823145800000015 -0.6662560000000001 -1.266999 -0.922769
4660 5.64686163 15.507157500000002 -6.907682070000001 -0.588073 -1.47496 -1.198626
4680 7.90610463 12.225074850000002 -7.9185339 -0.971446 -1.894949 -1.065102
4700 6.92325054 6.97818654 -3.87214434 -2.736269 -0.985342 -0.8329040000000001
4720 4.99107294 4.372552440000001 -2.6147672099999997 -2.604743 -0.366967 -0.277302
4740 4.55712759 6.9132247200000005 -4.02363036 -1.6698810000000002 -0.240424 0.033509
4760 14.124182940000003 31.61081205 0.82808172 -0.799689 -0.545226 -0.420426
4780 -3.03523362 33.299005140000006 3.19121262 -0.360666 -1.200698 -0.7188260000000001
4800 -7.824230370000001 6.32524275 1.7010638100000002 -0.191006 -1.558605 -0.606087
4820 -3.32698302 2.34202959 -0.7289811 -0.33373 -1.271426 -0.371375
4840 -1.7747074800000002 -0.07229970000000002 -1.3076828100000002 -0.633392 -0.797167 -0.164704
4860 -0.17004654 2.51851149 -0.07469334000000001 -0.70841 -0.466282 0.004195
4880 1.54119024 7.11066078 -0.66222405 -0.7857350000000001 -0.412466 -0.06691699999999999
4900 3.2977884600000005 9.88589016 2.6289819000000003 -0.802688 -0.571561 -0.491984
4920 7.1596126799999995 13.572576450000001 4.597534980000001 -0.831882 -0.618708 -0.930098
4940 2.97416637 12.49900929 -0.11047041 -0.864915 -0.240106 -1.274781
4960 -1.1166821100000002 11.640546000000002 -0.57989853 -0.7909619999999999 0.11834 -1.4670040000000002
4980 -2.4641739000000005 11.54220075 -1.6386427800000003 -0.577227 0.156222 -1.269007
5000 -0.2817137700000001 9.47858877 -1.7926695900000003 -0.05918200000000001 0.035395 -0.806966
5020 1.9908610200000003 9.29297376 -0.83930436 0.098071 0.395013 -0.299992
5040 3.03343839 8.664878700000001 1.3082812199999998 0.451728 0.693558 0.125112
5060 2.1921916500000003 7.39956528 2.10986613 0.8373280000000001 0.756393 0.327483
5080 0.7595196300000001 7.52979303 1.7338488300000001 1.116281 0.408183 0.584114
5100 -0.5613282000000002 9.03670713 0.8039785500000001 1.564635 -0.32681 0.982362
5120 -0.9767228400000001 9.54355059 -0.97656588 2.051617 -0.829382 1.565383
5140 0.34263387 9.19747341 -1.56424374 2.240376 -1.129938 2.236862
5160 1.7440218 9.21333618 -1.05156333 2.078123 -1.137722 2.724985
5180 2.5182171899999997 9.35614035 -0.54860463 1.964625 -0.661628 2.578303
5200 2.4739054200000004 10.01297871 0.09385227000000002 1.277461 0.115729 2.1826060000000003
5220 2.79543798 10.36983708 1.08210186 0.897351 0.27996 1.935118
5240 1.5051188700000002 10.914105690000001 1.57098321 0.8375299999999999 -0.289658 1.378887
5260 3.27534318 11.20883733 -0.24968412 0.7228289999999999 -0.768258 1.018708
5280 4.0838049000000005 11.99216583 -0.5890218299999999 0.400119 -1.394426 0.9788
5300 4.064793120000001 12.55439655 -0.20747169000000001 -0.020771 -1.913116 1.052369
5320 4.17078036 10.048608630000002 0.94169133 -0.16528099999999998 -2.210967 1.336956
5340 2.92641129 7.050486240000001 1.63804437 -0.06056900000000001 -2.517603 1.471608
5360 2.02528431 5.91076044 -0.02245509 -0.009796 -3.003891 1.558044
5380 2.4369315300000003 10.42747083 -0.69515622 -0.328586 -3.348266 1.640648
5400 0.6875240400000001 16.2130851 -1.1843416800000002 -0.709168 -3.32652 1.594165
5420 0.42915807000000006 16.558720830000002 -1.3594698 -0.773698 -2.718178 1.366471
5440 1.4702443200000002 14.592110130000002 -2.1894939 -0.549762 -1.861247 1.060358
5460 1.62157338 12.3726663 -3.15169794 -0.401529 -1.084649 0.6630189999999999
5480 1.6098994800000002 11.23054686 -1.79910495 -0.6650520000000001 -0.791225 0.240991
5500 3.2500431899999995 9.731863350000001 -1.55706282 -1.286414 -0.8680770000000001 0.018832
5520 3.4765168500000003 9.00272529 -1.76453451 -1.920596 -0.910837 0.073209
5540 3.51872928 6.29964846 -2.3833395 -1.950108 -0.653651 0.251067
5560 2.43573471 5.07789144 -2.61670959 -0.8684629999999999 -0.35199899999999995 0.600067
5580 2.28874167 5.16605391 -2.6161111800000003 0.105026 -0.367568 0.71905
5600 2.67389208 5.45495841 -2.16494928 0.41187 -0.651235 0.529277
5620 3.17968587 5.61931515 -1.45781505 -0.0206 -0.798722 0.225206
5640 2.6321309100000003 6.18184017 -1.4310239400000002 -0.861031 -1.044783 0.15021700000000002
5660 1.85300109 6.87579957 -1.49583861 -2.374439 -0.143806 0.4578890000000001
5680 2.51836434 6.869668320000001 0.0205029 -1.989973 -0.068077 1.165504
5700 3.02999508 6.6316581 1.03075632 -0.306821 -0.997241 0.567429
5720 2.5384257900000002 7.36109046 0.95830947 -0.303974 -0.781667 -0.33013400000000004
5740 1.6878889799999999 8.50456368 -0.89364195 -0.435289 -1.022356 -1.030428
5760 2.37675699 11.37813831 -4.656963960000001 0.152917 -1.6562259999999998 -1.265857
5780 5.30272683 15.695460450000002 -7.25795793 -0.244929 -2.225244 -1.147198
5800 5.2456914900000005 13.698311220000003 -6.654260340000001 -1.432287 -1.603646 -0.786683
5820 4.313280420000001 7.769745629999999 -4.525833690000001 -1.637506 -0.322966 -0.131733
5840 4.104317610000002 4.6268766900000005 -4.07557431 -1.139283 0.8992540000000001 0.147918
5860 2.16195723 5.11995672 -4.88029842 -0.764508 1.398793 0.10823499999999997
5880 4.127067 16.91092926 -3.1856797800000005 -0.432762 1.1408280000000002 -0.136944
5900 6.90229638 27.94733622 6.524032590000001 -0.274825 0.783925 -0.264639
5920 -4.589902800000001 15.401327220000002 0.5277976200000001 -0.229427 0.467271 -0.23721
5940 -2.82627081 8.1932139 1.8419157900000003 -0.063003 0.351143 -0.111985
5960 -1.21352643 4.87041975 0.72089766 0.235877 0.566684 0.072492
5980 1.2948120900000002 5.507647919999999 -1.3235455800000002 0.400917 0.859607 0.202525
6000 3.06143613 6.687192510000001 -1.14137388 0.25619200000000003 0.947445 0.206742
6020 1.7172306900000003 9.842932170000001 2.03367186 0.024902 0.714075 0.159492
6040 2.17048212 8.91800613 1.2500490600000003 -0.083251 0.226143 -0.004076
6060 0.36254817 8.68987458 -0.18755739000000002 -0.044072 -0.108363 -0.03542
6080 -0.00179523 10.09546119 -0.45235872000000005 0.024667 -0.110315 -0.139623
6100 -0.51073803 9.37874259 -0.94034736 0.264153 -0.106455 -0.246914
6120 0.9756731700000001 8.808428430000001 -2.00253492 0.467957 -0.082734 -0.228429
6140 2.54905002 9.46780758 -1.7548029900000002 0.514338 -0.084457 -0.10419
6160 3.2204071800000005 9.05002911 -0.8087658299999999 0.396302 -0.066615 0.06481
6180 2.99272689 7.92826542 0.99124164 0.374517 -0.15701500000000002 0.312602
6200 3.2853689999999998 6.4551761999999995 1.28642454 0.7949430000000001 -0.285514 0.6468520000000001
6220 3.42622098 5.85028179 0.30835773000000005 1.636403 -0.744621 0.975921
6240 3.5546535 6.32179944 -1.51215264 2.417896 -0.99481 1.325668
6260 3.74670387 7.652839860000001 -2.5563879 2.88536 -1.019409 1.743434
6280 4.14308673 8.74690992 -2.5080344100000005 2.795885 -0.856527 2.113274
6300 4.18050207 7.528292100000001 -1.84281831 2.243996 -0.706563 1.852853
6320 3.6534500100000002 7.80791634 -0.8442486 2.02022 -0.405607 1.377682
6340 3.00858966 6.94405755 -0.1707921 1.435846 1.027313 1.32049
6360 3.1253482800000003 5.10842997 0.20238030000000004 -0.008938 1.722523 1.344758
6380 3.5073594900000002 5.30916219 -0.93959199 -0.871133 1.718066 1.607933
6400 3.51349074 6.467301360000001 -1.02581208 -0.684014 0.986972 1.258732
6420 3.6872847 7.49281914 -0.5513023800000001 -0.708008 0.671253 0.5806479999999999
6440 3.61154169 8.81576631 -0.7084782000000001 -0.986795 0.412825 -0.084334
6460 2.2703283 9.680969070000002 -1.7730594000000002 -1.161214 -0.09536 -0.719425
6480 2.1445935300000003 10.28271447 -3.25573299 -1.107682 -0.361799 -1.267775
6500 3.0627801 12.525506100000001 -3.89086182 -1.04557 -0.254863 -1.689426
6520 1.3079771100000002 15.431561640000002 -3.54881655 -1.332196 -0.291737 -1.809954
6540 0.18471249 13.28367195 0.40071888000000006 -1.694994 -0.447446 -1.7172169999999998
6560 -0.71835687 8.73059589 -1.4564710800000003 -2.131779 -0.6361220000000001 -1.574748
6580 2.47675032 5.765258520000001 -5.736220919999999 -2.082885 -0.608869 -1.506075
6600 6.45278256 11.272013730000001 -6.6406440600000005 -1.537594 -0.5425409999999999 -0.984263
6620 7.04270691 12.39063822 -6.20055765 -1.205344 -0.415757 -0.477904
6640 7.6495437 11.205246870000002 -5.83546869 -1.275843 -0.2384 -0.281003
6660 6.620582610000001 8.07001992 -4.4041406400000005 -1.289294 -0.593198 -0.253937
6680 5.01322392 6.72880653 -4.6532263500000015 -1.348044 -0.651412 -0.297001
6700 5.759274420000001 7.02444069 -3.9790242900000004 -1.482939 -0.344949 -0.36243
6720 4.7485795500000005 5.219498790000001 -2.7581599800000003 -1.011352 -0.031667 -0.5272479999999999
6740 5.25152844 3.0401778600000005 -2.71984212 -0.095284 -0.05949 -0.224916
6760 5.572913850000001 3.36575214 -2.32825635 0.210628 -0.955857 -0.106263
6780 5.41439406 4.000429710000001 -2.59769781 -0.197201 -1.191292 -0.28293
6800 4.21134471 4.3504014600000005 -4.04159247 -1.318007 0.623629 0.232481
6820 3.24645273 8.02256895 -4.257147600000001 -0.147173 -0.392416 1.0239
6840 2.5584774300000004 11.3687109 -4.036353930000001 0.646741 -0.731379 0.6538649999999999
6860 1.15095825 9.02204118 -2.86848324 0.864351 -0.553292 -0.112894
6880 -0.8834591700000001 7.234453169999999 -1.5498819000000004 0.706263 -0.35896500000000003 -0.353529
6900 -2.1534225300000003 7.10781588 -1.65301443 0.366126 -0.484926 -0.526659
6920 -0.8559225 6.483321090000001 -0.35356221 -0.389177 -0.33064 -0.6261359999999999
6940 0.26180928000000003 9.01485045 1.5111029699999998 -0.8355600000000001 -0.04841 -0.488611
6960 2.14787988 14.447510730000001 2.43423378 -0.479839 0.180991 -0.356097
6980 5.01936498 16.545546 1.8323412300000002 0.126162 0.696445 -0.314068
7000 4.80141621 10.23571476 1.4651529300000001 0.349881 1.074998 -0.336492
7020 5.435642520000001 9.36677439 -6.752154330000001 0.356846 1.235797 -0.062116
7040 4.81907421 31.93504236 3.50451459 0.619599 0.977654 0.328883
7060 1.2696592500000001 14.44196808 -0.84244356 1.001317 0.39513 0.751039
7080 4.0758784200000004 6.1769057400000005 1.4576679000000001 1.59619 0.428736 0.8886780000000001
7100 6.192327060000001 4.595141340000001 -0.01392039 2.243495 0.067714 0.833842
7120 4.86952704 4.11838515 0.55340172 2.673983 -0.271549 0.8533069999999999
7140 2.08516455 5.72844159 0.17139051000000002 2.920828 -0.275129 1.001382
7160 0.41568894000000006 6.55022529 0.32916474 3.1118900000000003 -0.112209 1.384932
7180 0.89050275 9.46601235 -0.41777847 2.631709 0.4770720000000001 1.7547
7200 1.78788231 11.59743105 -0.31464594 1.960683 0.255464 1.279211
7220 1.0464719400000002 9.24447312 -0.11331531000000002 1.998529 -0.247023 0.899832
7240 2.93958612 6.174364949999999 -0.6506973 0.926701 0.75608 0.860082
7260 4.37720238 5.391791820000001 -1.6328058300000001 -0.106504 1.451987 1.418131
7280 5.17758066 5.714217090000001 -2.3309541 -0.426891 1.637319 1.435951
7300 4.68405918 7.759562850000001 -1.73938167 -0.7499279999999999 1.616257 1.122869
7320 2.7345178800000003 9.265878540000001 -0.72105462 -1.365741 1.564824 0.400789
7340 1.9067304600000001 7.908203970000001 -0.59097402 -1.602637 0.902478 -0.255906
7360 1.04557923 6.3655128 -1.20978882 -1.276726 0.324615 -0.949369
7380 0.40940073 7.10797284 -2.57195637 -0.867898 -0.19757 -1.51948
7400 2.02049703 9.06499917 -3.7266522300000005 -0.954635 -0.538135 -1.790977
7420 3.3914935800000006 12.67339185 -2.8726721100000003 -1.383434 -0.728499 -1.765955
7440 3.04931097 13.34085444 -1.4822223300000001 -1.7438169999999995 -0.977225 -1.590829
7460 4.211491860000001 10.790166150000001 -2.94362784 -1.957746 -1.145673 -1.638041
7480 3.9959367300000004 8.352027990000002 -4.68226395 -2.053629 -1.26299 -1.787043
7500 4.738848030000001 11.32499754 -5.57994762 -1.952593 -1.227551 -1.67956
7520 4.77566496 11.9038464 -7.387136010000001 -1.843054 -0.465492 -1.073022
7540 5.0725057499999995 9.500739750000001 -6.88119507 -1.7054220000000002 -0.21758200000000005 -0.5852689999999999
7560 6.368652 7.90655589 -5.75867601 -1.219129 -0.4526600000000001 -0.295287
7580 7.0016913 7.4004579900000005 -5.265900090000001 -0.900539 -0.444583 -0.193728
7600 7.25271939 7.1421018300000005 -4.221674640000001 -0.622088 -0.264125 -0.009348
7620 6.7180253400000005 4.99825386 -3.0772989000000006 -0.407133 -0.281283 0.098998
7640 6.340968180000001 3.46948308 -2.38079871 -0.34491700000000003 -0.273663 0.270338
7660 6.49499499 3.64043214 -2.32691238 0.327262 -0.650169 0.602392
7680 5.95940823 3.46005567 -2.6376637499999998 -0.12726700000000002 -0.972118 0.522717
7700 3.5580968100000003 3.49643115 -3.1540915800000002 -0.989403 0.318418 0.8814420000000001
7720 1.5193433699999999 4.284988380000001 -4.19847399 -0.40901 0.654867 1.221554
7740 0.49980969000000003 9.82766781 -4.7681799300000005 0.204399 0.6048359999999999 0.947097
7760 1.63759311 14.82412644 -4.04383896 0.656142 0.544034 0.310466
7780 0.54606384 10.45935333 -1.39464846 0.649556 0.067392 -0.366222
7800 -1.75360617 6.9509441700000005 -0.6336279 0.317987 -0.300477 -0.790014
7820 -1.46979306 6.5349609300000004 0.21195486000000002 -0.244037 -0.224161 -1.0055459999999998
7840 0.40894947000000004 6.972055290000001 1.84476069 -0.442073 0.212851 -0.896394
7860 1.83174282 8.76487203 1.8507546000000001 -0.142076 0.574743 -0.814646
7880 3.8787366600000004 14.57099901 2.12917221 0.077767 0.426666 -0.7381449999999999
7900 6.45023196 16.14377745 3.3168002400000005 0.280148 0.279361 -0.573105
7920 1.6390940399999998 10.00504242 0.74485368 0.549467 0.167652 -0.310434
7940 3.4627534200000003 11.43771444 -2.4340866300000004 0.8533940000000001 0.034067 0.06467
7960 3.25138716 21.661451190000005 1.20993597 1.139407 0.08843200000000001 0.340063
7980 4.06150677 10.433150820000002 0.5701670100000001 1.6653060000000002 -0.090542 0.418741
8000 5.334452370000001 9.41497092 -1.2629197800000003 2.368668 -0.182808 0.504957
8020 4.90065417 8.86321728 -1.02132891 3.003789 -0.218569 0.638694
8040 3.7610755200000003 8.09322057 0.12798126 3.282063 -0.084953 0.815655
8060 2.7568160100000005 8.008491600000001 0.6450075000000001 3.220192 0.268475 0.930138
8080 3.75973155 9.915379020000001 -0.27363033000000003 3.025823 0.7686 1.236855
8100 3.53833947 11.54968578 -0.9187849800000001 2.543518 1.250954 1.974214
8120 3.0422772 8.812921410000001 -1.4754828599999998 1.772186 1.338539 2.052036
8140 3.5992693800000004 6.78344823 -0.7438040100000001 1.283754 1.601205 1.790846
8160 4.32825048 5.357505870000001 -0.93645279 0.8191609999999999 1.119619 1.415408
8180 4.35114702 5.18955867 -1.6051122000000002 0.184958 0.53774 0.693879
8200 3.4319107800000004 8.27075214 -1.47203955 -0.547608 0.709953 -0.177787
8220 1.89206451 9.42859701 -0.7566747300000001 -1.407939 0.938235 -0.575058
8240 0.6468027300000001 7.81195806 -0.43020774 -2.126472 0.755545 -0.8853540000000001
8260 0.8176046400000001 6.095620080000001 -0.46358136 -2.0112490000000003 0.687131 -1.19211
8280 1.4465924099999998 4.42884222 0.28515708 -1.41676 0.591796 -1.5756
8300 0.67898934 4.4945496 -1.8389237400000003 -1.183515 0.227763 -1.850173
8320 0.46732878 5.48698806 -2.76549786 -1.58372 -0.21859 -2.035063
8340 1.6992685800000003 7.4039013 -3.5929811700000003 -2.012365 -0.96032 -2.121496
8360 2.67358797 10.31804028 -4.841235 -1.984501 -1.435199 -1.6720400000000002
8380 4.83524109 13.05749259 -2.41537896 -1.806897 -1.188781 -0.5804600000000001
8400 5.113217250000001 17.17797708 -1.8468600300000002 -1.718916 -0.720741 -0.220455
8420 6.8255037000000005 10.9986777 -6.945254370000002 -1.472066 -0.429576 -0.254355
8440 8.47418211 11.764485539999999 -8.1613314 -1.184447 -0.517019 -0.480833
8460 9.12951954 11.58231384 -7.6393609200000006 -1.105862 -0.439211 -0.5594319999999999
8480 7.57110294 8.58344589 -5.94833274 -0.65379 -0.341305 -0.39403
8500 6.589592820000001 6.84690912 -5.85073305 -0.380282 -0.485038 -0.384458
8520 4.73660154 6.00731046 -5.194198800000001 -0.531353 0.933041 0.229033
8540 4.57703208 4.48242444 -3.5054073000000003 0.13258499999999998 -0.484426 0.8806940000000001
8560 5.615871840000001 2.02963014 -2.19264291 -0.746362 -0.246958 0.5997170000000001
8580 5.3711319600000005 -0.04415481 -2.12318811 0.278073 -0.189732 0.8514219999999999
8600 4.026622410000001 2.34996588 -3.1388272200000005 0.817435 0.057082000000000015 0.733096
8620 3.13598232 8.06567409 -4.03546122 0.900091 0.229971 0.316845
8640 2.4050490300000003 10.227631319999999 -2.1430926 0.69108 0.134125 -0.041278
8660 -1.14706368 8.59033251 -1.7435705400000001 0.113135 -0.308044 -0.319282
8680 -4.33753074 7.57903923 -1.51918641 -0.543692 -0.561129 -0.661103
8700 -3.5941779900000004 4.22691318 -0.97612443 -0.876872 -0.35028000000000004 -0.619904
8720 -1.43581122 3.91511214 0.87133401 -0.453875 0.065571 -0.55232
8740 0.79020531 6.2297424 2.24652924 0.148135 0.488027 -0.426879
8760 4.07347497 15.6580353 -0.94408497 0.576982 0.714507 -0.426311
8780 9.53277921 24.766747830000003 4.21134471 0.780118 0.602995 -0.155557
8800 3.82260384 15.179032620000001 -2.7858536099999998 0.927477 0.299478 0.227217
8820 5.87752416 18.78339339 -1.0897340400000002 1.157798 -0.076703 0.594639
8840 3.1897215 17.94797379 0.25521696000000005 1.741998 -0.0069900000000000006 0.769546
8860 3.1922622900000004 5.10319143 3.1060422 2.324943 -0.074309 0.8484799999999999
8880 5.37098481 4.81608216 0.65323809 2.677658 -0.043023 0.976954
8900 5.96030094 4.05971154 0.21135645000000003 2.887132 0.221825 1.16288
8920 4.67223813 6.4812217500000004 -1.16787069 3.074799 0.614712 1.58243
8940 3.06607626 9.14987529 0.6095345400000001 2.756857 1.001904 1.733537
8960 3.9041838 9.62663148 0.12304683000000001 2.229647 0.537696 1.062811
8980 4.16478645 12.417429330000001 -0.8182030499999999 1.827873 0.4194850000000001 0.604025
9000 3.2609715300000004 10.42522434 -0.34488036 0.228174 1.082149 0.6432770000000001
9020 3.71182932 6.942713580000001 -1.36186344 -0.417316 1.368719 0.93323
9040 4.209843780000001 6.6684848400000005 -1.39075389 -0.499395 1.336068 0.645347
9060 4.442164200000001 5.84429769 -1.97335017 -0.965101 1.141868 0.330422
9080 3.19735368 5.611084560000001 -1.2916630800000002 -1.492165 0.618483 -0.193881
9100 1.42399017 8.18542476 -0.94034736 -1.57935 -0.021793 -0.905106
9120 0.35176698 7.32142863 -0.47106639 -1.2737889999999998 -0.479871 -1.6992779999999998
9140 -0.19893699 5.34987369 -1.5944879699999999 -1.065431 -0.444457 -2.210614
9160 0.31105548 6.64138962 -2.6529379200000003 -1.226565 -0.560639 -2.32055
9180 1.5464385900000002 10.087377750000002 -2.8993160700000002 -1.6491189999999998 -0.909143 -2.180981
9200 2.12797539 13.088629530000002 -2.5884175500000004 -2.2650740000000003 -1.029232 -1.985372
9220 5.5588365 12.775484520000001 -1.46500578 -2.197368 -1.183717 -1.773193
9240 7.5803832 12.200981490000002 -4.430637450000001 -1.627151 -1.105975 -0.132794
9260 5.82244101 12.111759540000001 -6.74347248 -1.378651 -1.087707 0.14452
9280 6.730601760000001 12.628638630000001 -7.80282495 -1.214256 -1.237686 0.21209
9300 5.83621425 12.390334110000001 -7.0540767 -1.200995 -1.578858 0.005385
9320 5.79969162 9.16364853 -4.9255029 -0.850083 -2.113627 -0.032070999999999995
9340 4.748422590000001 6.628813200000001 -3.90971664 -0.7642479999999999 -1.576953 -0.316307
9360 3.8886153300000004 5.13567234 -3.5784623700000004 -0.16886800000000002 -0.275433 0.028015
9380 4.02498414 3.85702713 -3.3184483200000003 0.073528 -0.7192569999999999 0.251399
9400 5.320090530000001 1.8064428300000002 -3.6170745300000005 -0.810235 0.572047 0.43692
9420 6.259388220000001 1.5597605700000001 -4.13694567 0.251449 0.493472 1.050118
9440 6.52193325 2.7271800000000006 -2.6203000500000004 0.6443979999999999 0.073417 0.793823
9460 5.3476272 2.52315162 -1.7431290900000003 0.9982 -0.194593 0.377895
9480 2.71220994 5.3410446899999995 -2.87132814 0.867959 -0.458512 -0.108718
9500 2.9204271900000003 12.726385470000002 -2.9876355 0.09282 -0.754586 -0.5196770000000001
9520 -0.08128566000000001 9.14179185 -2.0989377900000004 -1.100712 -0.6580699999999999 -0.976791
9540 -2.7210389399999997 5.949382409999999 -1.4742860400000002 -1.463225 -0.204837 -1.051475
9560 -2.7677443500000005 5.62380813 -1.7438746500000002 -0.763884 0.045725 -0.914451
9580 0.12977649 6.50307843 -0.17662905 -0.393036 0.140497 -0.960052
9600 0.31030011 12.824279460000001 0.9862974000000001 0.050223 0.064182 -0.90772
9620 6.865920900000001 21.39725808 4.798267200000001 0.113801 -0.019077 -0.655069
9640 4.61999007 15.159579390000001 1.12460859 -0.006893000000000001 -0.253042 -0.383216
9660 4.16239281 13.44893121 -5.923631159999999 -0.01853 -0.408772 -0.323277
9680 4.796324820000001 27.059079960000002 0.02185668 0.258982 -0.450899 -0.152505
9700 5.36230296 10.08841761 1.9507479300000001 0.703856 -0.438558 0.104823
9720 5.11546374 5.11816149 -0.90875916 1.427082 -0.43895 0.374794
9740 5.80612698 5.662871550000001 -1.13479137 2.334572 -0.502855 0.650407
9760 4.645741320000001 6.428080980000001 -0.5084915400000001 3.178801 -0.487247 1.076095
9780 1.9489428900000003 7.324116570000001 1.8731998800000003 3.468182 -0.501709 1.2447780000000002
9800 3.27623589 9.52290054 1.3049850600000001 2.930285 -0.528544 1.495292
9820 3.51872928 13.44593916 -0.93091014 2.439605 -0.307976 2.172039
9840 2.2397897700000002 11.33039304 -1.4144058000000002 1.922114 -0.044374 1.968329
9860 3.3432970500000003 8.120011680000001 -1.9815807600000002 1.424569 0.325704 1.228375
9880 4.73360949 6.01075377 -1.5358045500000002 0.359365 0.530375 1.051893
9900 5.316343110000001 4.63182093 -1.2323910599999999 -0.5013529999999999 0.611051 1.070346
9920 4.458478230000001 6.114788820000001 -0.5653699200000001 -1.051867 1.3224479999999998 1.066658
9940 2.9463255900000003 6.82251165 -0.27542556 -1.079274 1.407719 1.078107
9960 2.84827464 7.21020285 -0.31838355 -1.334614 1.063464 0.809709
9980 2.34397197 7.575743070000001 -0.20477394000000002 -1.586323 -0.296534 0.13991900000000002
10000 1.48057425 6.42853224 0.22872015 -1.426689 -1.221688 -0.938821
10020 2.1775257 5.5844406 -0.4122456300000001 -1.068945 -1.7913279999999998 -1.585071
10040 2.34502164 5.66915976 -2.67119433 -1.040191 -1.922086 -1.943626
10060 1.5829612199999998 7.23520854 -2.9639835900000002 -1.24605 -1.677404 -1.948582
10080 2.7086194800000003 9.1795113 -3.1545428400000004 -1.623976 -1.450428 -1.905579
10100 1.1937690900000002 12.00652767 -4.821919110000001 -2.0960490000000003 -1.123623 -1.7041959999999998
10120 3.52262385 14.49510885 -3.07520937 -1.939882 -0.831923 -1.261236
10140 6.14442483 15.892003800000001 -2.16689166 -1.1581780000000002 -0.635241 -0.50934
10160 7.52111118 13.13144037 -2.8018733399999998 -0.977991 -0.413051 -0.020189
10180 7.82437752 12.029434020000002 -6.853050179999999 -0.848534 -0.45763 0.092936
10200 6.821913240000001 11.862379530000002 -9.41107635 -0.596054 -0.081231 0.317475
10220 5.216801040000001 10.182279690000001 -6.867421830000001 -0.879207 0.222709 0.478546
10240 5.770202760000001 7.43174208 -5.914498050000001 -0.867728 -0.006628 0.544082
10260 4.6689419700000006 6.99435342 -5.06052774 -0.103484 -0.790273 1.113377
10280 4.020638310000001 4.28109381 -2.60547714 -0.258603 -1.157108 1.076444
10300 5.12384148 2.21943402 -0.9951264000000001 -0.6915680000000001 -1.073329 -0.316444
10320 5.325329070000001 2.0070279 -0.6102801 0.430501 -1.777427 -0.236133
10340 3.9700481400000003 2.333799 -1.26771687 0.98362 -2.267832 -0.354487
10360 3.0487125600000002 3.6137881800000002 -1.95343587 -0.256391 -0.641943 0.383592
10380 2.5584774300000004 6.536304899999999 -2.25162063 -0.59573 -0.078712 0.486254
10400 1.69283322 8.37583686 -2.23469838 0.051735 -0.316625 0.280641
10420 3.72679938 11.29700961 -2.26508976 -0.935957 -0.497698 -0.200316
10440 1.6143924600000004 10.38765204 -1.5124567500000001 -1.376272 -0.637333 -1.128293
10460 1.36366848 8.542135980000001 -1.53910071 -1.19048 -0.792966 -1.7955029999999998
10480 1.06473816 7.29553023 -1.9260463500000002 -1.194209 0.074041 -1.76032
10500 -0.94707702 4.70037321 -5.4965724300000005 -1.208633 0.809606 -1.612881
10520 -0.28546119000000003 7.881412860000001 -3.8348761500000004 -0.905241 0.712572 -1.320081
10540 1.3475016 20.22773931 -0.96444072 -0.532013 0.0568 -1.220494
10560 -0.7925989500000001 17.92342917 3.54672702 -0.349371 -0.499291 -1.108478
10580 0.64575306 17.21764872 7.2393974100000005 -0.091038 -0.996281 -0.923371
10600 1.96601229 13.906087020000001 4.10536728 0.299166 -1.156816 -0.543358
10620 6.3282446100000005 8.749156410000001 2.7165557700000003 0.8332729999999999 -1.085713 -0.140203
10640 3.6932688 11.366317259999999 1.4531749200000001 1.52852 -1.094709 0.174449
10660 2.9379380400000006 11.75415561 -4.61235789 2.170353 -1.490631 0.592842
10680 4.63466583 13.28023845 -3.7026962100000005 2.079941 -1.231922 1.5073450000000002
10700 3.8208086100000003 12.96633807 0.008681849999999998 2.305888 -1.931245 2.767117
10720 0.71476641 10.23481224 0.54785907 3.013429 -2.204928 2.929438
10740 2.35789236 10.94988276 -0.7346709 1.831056 -0.991103 2.770073
10760 4.040846910000001 11.4583743 1.2680111699999999 0.910393 -0.241667 1.834397
10780 4.92116688 10.479404970000001 -0.008829 0.747943 0.241918 1.189573
10800 6.49334691 10.233615420000001 -1.11023694 0.206479 -0.219292 0.8466870000000001
10820 6.50307843 8.67101976 -2.42525763 0.097916 -0.667161 1.053737
10840 5.35870269 8.2860165 -2.7964876500000004 -0.036717 -0.822735 1.181183
10860 3.55046463 8.79450804 -1.7181234000000003 -0.32982 -1.561601 1.326429
10880 3.33655758 8.34963435 -1.06832862 -0.764368 -2.67506 1.231885
10900 2.78481375 6.31297044 -0.62374923 -0.915128 -3.4278150000000003 1.263843
10920 2.27422287 4.34935179 0.8063721899999999 -0.96831 -3.508013 1.385352
10940 2.8473819300000005 4.50009225 0.60025428 -1.069228 -3.272901 1.285001
10960 4.458478230000001 5.643712620000001 -1.1533518900000002 -1.09719 -2.771475 1.122862
10980 2.1315658500000003 12.311000640000001 1.2463114499999999 -1.086592 -2.314609 0.882
11000 -2.348769060000001 16.21518444 -1.35198477 -0.84306 -2.119136 0.539483
11020 0.6483036600000001 18.347643 1.69821891 -0.474042 -2.1546990000000004 0.056066
11040 -1.2159200700000001 20.7625707 -0.02454462 -0.51581 -2.294858 -0.288014
11060 -0.13801689 15.552803429999999 -1.51185834 -1.236741 -2.193426 -0.253655
11080 3.18851487 11.110197779999998 -1.25543475 -1.810171 -1.5819219999999998 0.234006
11100 3.96809595 9.988424280000002 -2.40804108 -1.178826 -0.421808 0.7443350000000001
11120 3.3310247400000006 10.61427285 -2.3137375500000004 0.26263600000000004 0.434697 1.352578
11140 4.160597580000001 10.39543137 -3.99893859 0.400202 0.118093 1.287715
11160 5.001245910000001 8.55650763 -4.36192821 0.015566 -0.760421 1.004144
11180 3.98890296 5.39074215 -2.5247997 -0.759529 -1.19523 0.921306
11200 3.15588681 4.8738630600000015 -0.5427676800000001 -1.214645 -1.082581 1.6486470000000002
11220 1.9666107000000002 4.71804102 0.46972242000000003 0.089888 -1.7706400000000002 1.024117
11240 1.99774764 4.255352370000001 0.16839846000000003 -0.056458 -1.096259 0.071513
11260 1.8510489 3.9987816300000003 -0.88465599 -0.758495 -1.1079629999999998 -0.654425
11280 1.68324885 4.20715584 -1.19930193 -0.768416 -1.829804 -1.547672
11300 1.69747335 5.301078750000001 -0.57375747 -1.04814 -2.536481 -1.737795
11320 2.1564145800000003 6.028117470000001 0.41808258000000004 -2.2906470000000003 -1.743686 -1.517822
11340 2.58198219 8.653351950000001 2.3802003000000003 -2.777136 -1.329255 -1.106213
11360 3.3712849800000004 9.39296709 1.65002238 -2.191349 -1.186608 -0.258409
11380 4.05297207 13.137434279999999 -3.7749959100000003 -1.450291 -0.981609 0.047743
11400 5.76301203 16.85359962 -9.186849180000001 -0.904621 -1.048849 -0.126752
11420 3.3718833900000003 10.98071559 -6.959930129999999 -0.6919489999999999 -1.470374 -0.391782
11440 3.09511386 5.02685001 -6.983425080000001 -0.700026 -1.647015 -0.433273
11460 2.1661461 12.18810096 -5.3928316800000005 -0.785212 -1.148119 -0.446257
11480 14.253213870000002 28.67048037 4.44305691 -0.677369 -0.58524 -0.376791
11500 0.5022033300000001 20.79146115 2.54590101 -0.46677 -0.31504 -0.198341
11520 -3.16337184 5.779777320000001 3.9805252200000005 -0.315031 -0.169994 -0.1056
11540 -1.1976636600000001 1.4199484500000001 2.56027266 -0.387667 -0.185844 -0.341096
11560 -1.55436507 2.57045544 0.45999090000000004 -0.5997640000000001 -0.198819 -0.641663
11580 1.25334522 5.622905610000001 -1.2958519500000003 -0.7950119999999999 -0.14838900000000002 -0.8289620000000001
11600 4.76788563 9.73724904 1.02057354 -0.827299 -0.1741 -1.031049
11620 7.6907064599999995 14.20366356 3.68982549 -0.528977 -0.347273 -0.873851
11640 5.156930610000001 12.796742790000001 1.29450798 -0.208645 -0.63334 -0.741992
11660 0.9723770100000001 7.4341357200000004 0.42377238 0.125432 -0.75405 -0.415832
11680 -0.44008641 8.62027263 -0.5049010799999999 0.549089 -0.716064 -0.159753
11700 -1.6566048900000003 9.32021613 -0.8126604000000001 1.112738 -0.7302390000000001 0.231967
11720 -0.6394746600000001 9.31228965 -0.6060912300000001 1.494611 -0.751463 0.945029
11740 0.77673618 9.27965178 0.44996508 1.815992 -0.847413 1.7496310000000002
11760 0.59710527 8.58045384 1.04617764 1.991052 -0.913396 2.380121
11780 1.29031911 8.75095164 0.69754986 2.0634810000000003 -0.8128489999999999 2.746899
11800 0.49366863 8.849002590000001 0.91339929 2.31298 -0.562503 2.795322
11820 0.6611743800000001 9.20361447 0.79499259 1.905098 0.064174 2.542774
11840 1.7893832400000003 10.4783553 0.5822921700000002 1.191422 0.05705900000000001 2.277152
11860 3.55705695 10.18257399 -0.21106215 1.021575 -0.647046 1.615639
11880 4.27376574 10.063568880000002 -1.1306025000000002 0.310004 -0.921567 1.087592
11900 3.4105053600000006 10.324779750000001 -1.9878689700000003 -0.023732 -1.508868 0.927916
11920 3.33521361 9.63770697 -1.82351223 -0.073591 -1.899733 0.948365
11940 2.9503673100000007 9.37186578 -0.7406550000000001 -0.137648 -2.040555 1.05492
11960 2.67239115 10.44288234 -0.06406911000000001 -0.198282 -2.056099 0.998969
11980 3.41994258 11.9704563 0.41164722000000004 -0.462784 -2.344649 0.926989
12000 4.33214505 12.644658360000001 0.52121511 -0.910874 -2.657037 0.8484149999999999
12020 2.9710173600000003 10.27553355 1.26786402 -1.344511 -2.595592 0.776941
12040 1.36351152 5.8363613999999995 1.34300862 -1.485225 -2.149706 0.482694
12060 1.1903257800000004 6.102065250000001 -0.042065280000000004 -1.241387 -1.2571 0.295247
12080 1.52622999 10.836567450000002 -0.8994789 -0.982162 -0.668435 0.178799
12100 0.49247181000000007 16.16817492 -1.74717081 -1.0521 -0.644425 0.096026
12120 1.06309008 16.07656914 -1.42548129 -1.288013 -0.880217 0.125659
12140 1.43820486 14.64808599 -1.90718172 -1.099766 -0.743577 0.157777
12160 2.16509643 12.250826100000001 -1.53011475 -1.248458 -0.5237850000000001 0.466241
12180 3.8082321900000005 10.11716091 -1.40782329 -1.518676 -0.474304 0.580727
12200 5.383708380000001 9.665253450000002 -1.8625756500000001 -2.233455 -0.596988 0.445568
12220 4.665047400000001 8.93207367 -2.22661494 -2.281717 0.283886 -0.283357
12240 3.9971335500000005 8.134089029999998 -2.49157323 -0.6181949999999999 -1.292883 0.710911
12260 3.1495986000000005 6.90678936 -3.0695195699999998 -0.012282 -1.958295 -0.175969
12280 2.87402589 6.880743810000001 -2.83045968 -0.08833200000000001 -2.117667 -0.746727
12300 2.744838 6.17346243 -2.34052866 0.200787 -1.7348130000000002 -0.8359969999999999
12320 2.02034988 5.12953128 -2.32631397 0.239551 -1.156492 -0.572616
12340 2.26344168 4.37510304 -1.9002951000000001 -0.475267 -0.389246 -0.281627
12360 2.56476564 3.8534366700000002 -1.4173978500000002 -1.062029 0.147452 0.010553
12380 2.6918541900000004 3.83248251 -0.61192818 -1.058316 0.367524 0.117119
12400 2.76564501 4.68510885 0.09056592000000001 -0.756255 0.683614 -0.070252
12420 2.5953041700000004 7.015611689999999 -0.45670455000000004 -0.513416 0.66638 -0.23304
12440 2.72343258 10.92427866 -1.2506474699999999 -0.385507 0.615963 -0.256651
12460 4.672983690000001 11.96148015 -0.93121425 -0.355693 0.5924649999999999 -0.267095
12480 2.55414141 9.23669379 -2.5503939900000003 -0.01755 0.666568 -0.177233
12500 -1.84775274 10.00504242 -9.6799194 0.318444 0.699286 -0.12579
12520 7.03821393 26.275162860000005 2.51851149 0.364499 0.534939 -0.092143
12540 2.06809515 19.15192566 -1.9428116400000002 0.305638 0.32395 -0.024986
12560 -2.24817732 9.05272686 2.25311175 0.277868 0.075853 -0.029135
12580 3.20573142 5.798190689999999 2.6274907800000005 0.200016 0.105859 -0.006215999999999999
12600 1.509759 6.720870240000001 2.01630816 0.389912 0.516642 -0.067373
12620 -0.4090966200000001 8.04082536 0.57225654 0.723308 0.852183 -0.084702
12640 -0.38500326000000007 10.45725399 -0.9635480100000001 0.8430690000000001 0.959169 -0.037001
12660 2.29847319 10.88910981 0.17378415000000003 0.745146 0.8558459999999999 0.045769
12680 1.7527036500000002 7.98648777 -0.58394025 0.6316729999999999 0.559987 0.072061
12700 1.81617435 8.663083470000002 -0.38589597 0.672397 0.25784 0.205192
12720 2.26269612 8.95138956 0.14250006 0.946785 0.04519 0.6645800000000001
12740 1.86302691 8.228990970000002 0.35102142000000003 1.521855 -0.011637 1.322422
12760 1.1280519 7.56332361 0.06571719 2.233648 -0.234312 1.778469
12780 1.5527169900000002 8.033791590000002 -0.27722079 2.794837 -0.358053 2.132924
12800 2.15088174 8.73478476 -0.34802937000000006 2.463258 -0.168905 2.271371
12820 2.59769781 8.63778348 -0.04266369 1.955096 -0.235551 1.796821
12840 2.8038157200000002 7.190592659999999 0.00523854 1.395095 0.30303800000000003 1.59353
12860 3.52860795 5.871392910000001 -1.0190824200000002 0.406828 0.628395 1.273221
12880 3.9990857400000004 6.83193906 -1.6600482 -0.218987 0.8770129999999999 1.180936
12900 2.8620478800000004 8.51563917 -1.3013946 -0.4279810000000001 0.219177 0.96988
12920 0.9199916100000001 7.30930347 -0.6397689599999999 -0.561387 -0.297108 0.460068
12940 1.6763622299999998 5.6953524600000005 -0.7099693200000001 -0.88965 -0.342568 -0.140371
12960 3.3528814200000006 6.40353636 -0.99722574 -1.043253 -0.094061 -0.613917
12980 3.8130194700000004 6.743629439999999 -1.0264203 -1.0105309999999998 0.049591 -0.868109
13000 4.503829860000001 7.045993260000001 -0.5277976200000001 -1.018553 -0.078305 -1.111556
13020 4.58257473 7.012766790000001 -0.92987028 -1.113412 -0.348448 -1.404565
13040 4.53257316 7.79339754 -0.9996193800000001 -1.258872 -0.8372799999999999 -1.576938
13060 4.27211766 9.2458269 -2.46223152 -1.490772 -1.190023 -1.608016
13080 4.30594254 11.945607570000002 -4.6747789200000005 -1.613859 -1.08597 -1.415661
13100 4.8079987200000005 16.06264875 -3.97663065 -1.702955 -0.756174 -0.962712
13120 2.3852916900000003 17.27827452 -1.8257489100000002 -1.535395 -0.474477 -0.691642
13140 0.77599062 11.706557490000002 -4.16494341 -1.222721 0.071873 -0.396397
13160 3.94833861 8.889262830000002 -6.9843276 -1.125049 0.470884 -0.36418
13180 2.7870504300000003 9.82721655 -5.63637474 -1.091075 0.553267 -0.482621
13200 5.022357030000001 8.94300201 -4.7139993 -1.19518 0.784159 -0.5904659999999999
13220 6.81861708 8.83896696 -4.80785157 -1.245081 1.036959 -0.629594
13240 7.95266289 7.951318919999999 -4.608021870000002 -1.19023 1.080662 -0.683747
13260 6.690782970000001 6.15265542 -3.3495852600000005 -1.042412 0.8633850000000001 -0.5553170000000001
13280 5.10319143 5.56512471 -2.5551910799999997 -0.447321 0.163298 -0.488307
13300 3.4420935600000004 4.29861447 -2.8735746300000002 -0.291392 -0.277089 -0.250576
13320 2.86085106 3.6824876100000004 -3.1665110400000005 0.12498800000000003 -1.670498 0.194225
13340 3.3687441899999997 3.68009397 -3.4066206 -0.01341 -1.287899 0.272885
13360 4.01585103 4.8731175 -3.0889728 -0.245746 0.07735800000000001 1.11234
13380 4.01240772 7.4760538500000004 -3.2977884600000005 0.447913 -0.084991 1.150508
13400 3.9080685600000002 10.111176810000002 -3.30602886 0.674999 -0.253671 0.779501
13420 2.69754399 8.70005736 -3.3662034000000003 0.6707770000000001 -0.528525 0.254258
13440 1.38911562 7.51676535 -2.8987176600000004 0.534583 -0.691118 0.007824
13460 -0.26629245 8.104296060000001 -2.1489295500000005 0.37929 -0.386927 -0.27032
13480 -0.70787979 8.21835693 -1.2073853700000001 -0.440886 0.047656 -0.6120270000000001
13500 -0.52301034 7.7866580700000005 -0.43559343 -1.062838 0.363694 -0.7844869999999999
13520 -1.00320984 7.177869090000001 0.00359046 -0.599333 0.343519 -0.670129
13540 -1.09527669 6.4098245700000005 -0.88046712 -0.0566 0.748671 -0.428644
13560 0.47990520000000003 7.85850651 -2.37675699 0.138652 1.035426 -0.380645
13580 1.8482040000000002 14.09633235 -1.0524658500000001 0.456815 1.051611 -0.175482
13600 4.2349966199999995 18.90179028 0.08891784 1.086842 0.930359 0.295888
13620 8.59033251 15.657741000000001 2.31777927 1.603949 0.7258319999999999 0.6447970000000001
13640 6.28333443 9.49131234 -0.36853227000000005 2.141445 0.5498770000000001 0.757736
13660 6.950198610000001 17.931806910000002 0.93451041 2.82376 0.29041300000000003 0.84936
13680 0.9580053600000001 18.35318565 -0.02170953 3.1535330000000004 0.290531 1.066376
13700 1.5911918100000002 9.81344331 -1.6518176100000002 3.257189 0.452763 1.431156
13720 5.955219360000001 7.154070030000001 -1.7917768800000002 3.2774410000000005 0.7646109999999999 1.7492279999999998
13740 4.59769194 4.16643453 -0.9744763500000001 2.660921 0.929103 1.641093
13760 3.0717660600000003 5.2147017 0.42601887000000005 2.411009 0.503106 1.031007
13780 1.59028929 7.118597070000001 0.15418377 1.7412490000000005 0.925591 0.920033
13800 1.5636453300000002 7.991726310000001 1.71572976 0.428492 1.093004 0.951242
13820 1.9782846 9.61780248 0.5480062200000001 -0.381077 1.283683 0.855612
13840 2.67717843 9.7171974 -0.49636638 -0.920406 0.741722 0.192378
13860 2.8753698599999997 9.059613480000001 -1.7455227299999998 -1.521311 0.4708020000000001 -0.266535
13880 2.7454364100000004 6.84226899 -2.28051108 -1.823381 -0.126681 -0.837241
13900 3.9411576900000003 6.002219070000001 -2.9018666700000004 -1.753602 -0.327177 -1.373813
13920 4.15057176 7.15811175 -2.3842420200000003 -1.43344 -0.5192939999999999 -1.825324
13940 2.45714013 10.007887320000002 -0.5343899400000001 -1.092235 -1.221762 -2.007912
13960 0.98360946 7.4989602 0.19175607 -1.522779 -2.000193 -1.706546
13980 0.6529437900000001 6.58944567 -0.90442314 -2.530603 -2.417131 -1.262262
14000 0.12857967 8.25503652 -1.77126417 -2.789993 -2.097098 -1.150184
14020 0.8478390600000001 9.496698030000001 -1.9197581400000001 -2.075801 -1.747773 -0.417116
14040 0.46238454000000007 10.813965210000001 -2.47435668 -1.624064 -1.707022 0.720439
14060 1.7166322800000002 9.92256975 -2.074089060000001 -1.903075 -0.846618 0.514425
14080 7.76030841 10.77654006 -2.5035414300000003 -2.022362 -1.170688 0.142266
14100 7.6092736499999996 11.56045716 -4.68540315 -1.7806349999999995 -1.499785 -0.08529099999999999
14120 9.393418350000001 10.95122673 -7.53517872 -1.239293 -0.8968370000000001 -0.28845
14140 6.392902320000001 12.12658245 -8.088874740000001 -0.371686 0.037844 -0.349817
14160 6.5631058200000005 9.80565417 -6.499331010000001 -0.188382 0.338134 -0.479244
14180 6.4834682400000005 6.90843744 -5.24808513 -0.095747 0.209485 -0.0896
14200 6.29171217 5.9737798799999995 -4.5147582 -0.213574 0.370857 0.415708
14220 5.06442231 4.4595279 -4.69932354 1.051765 -0.414835 1.062213
14240 5.281468560000001 2.14234704 -4.48467093 1.415327 -0.57876 0.715654
14260 6.433917930000001 1.03210029 -2.54725479 0.8664719999999999 0.10122 0.309298
14280 7.63682013 0.29818476 -0.49038228 0.121679 0.49914 0.013029
14300 5.72184927 0.5559425100000002 -0.4564004400000001 -0.341042 0.357787 -0.200462
14320 2.7006831900000003 3.9122672400000003 -1.4980851 -1.0851030000000002 0.593072 -0.585179
14340 1.3614219900000002 10.60783749 -3.7601828100000003 -1.255727 0.288275 -0.671438
14360 2.9069580600000005 13.265562690000001 -2.6309242800000003 -0.506718 0.369541 -0.5979439999999999
14380 -3.5760589200000004 10.373574690000002 0.04221243000000001 0.13981300000000002 0.623946 -0.576663
14400 -3.7250041500000006 8.62476561 -1.53610866 0.452732 0.958313 -0.549268
14420 -2.30759649 8.96560425 -0.98091171 0.6560159999999999 0.94985 -0.208143
14440 -1.57996917 11.100613410000001 2.6270395200000003 0.817405 0.707857 -0.037926
14460 -0.24983127000000002 16.81064163 2.1395021400000003 0.917213 0.571383 0.171249
14480 4.0519224000000005 16.49150271 1.8381781799999999 1.097607 0.661131 0.48111
14500 4.6532263500000015 16.371153630000002 -4.121975610000001 1.621952 0.625915 0.574549
14520 6.84481959 26.754165540000002 0.85920885 2.388731 0.339794 0.599499
14540 2.35295793 12.89329281 0.7165616400000001 3.094251 0.253907 0.68679
14560 3.6549509400000004 3.0386769300000003 2.40370506 3.532893 0.31098200000000004 0.951496
14580 4.43707281 2.36972322 0.9204330600000001 3.658792 0.325623 1.44267
14600 4.0938405300000005 2.4351363000000004 -0.01257642 2.85615 0.7579199999999999 2.1885380000000003
14620 3.3055776 7.594902 -0.32063004 1.873232 0.45962 1.715241
14640 1.63070649 10.64631231 1.11204198 1.554426 0.330179 1.062633
14660 1.5242778 13.4335197 -0.04041720000000001 0.6120979999999999 1.287682 1.125327
14680 1.7336918700000001 12.980709720000002 0.0779895 0.061751 1.475417 1.273998
14700 1.94984541 9.93558762 -0.36449055 -0.17216800000000002 1.284899 0.903003
14720 3.8856232800000003 7.159161419999999 -1.03285566 -0.762158 1.106359 0.243223
14740 4.45278843 5.35885965 -1.3986901800000002 -1.523358 0.500594 -0.255905
14760 3.91241439 4.876256700000001 -1.3271360399999999 -1.533983 0.055048 -0.713676
14780 3.3513804900000004 5.1828192 -1.8785953800000001 -1.292835 0.027496 -1.224702
14800 3.59342262 8.071069589999999 -1.97574381 -0.918645 -0.048548 -1.712305
14820 2.9452759200000003 9.79742358 -0.96144867 -0.8536860000000001 -0.401135 -2.039344
14840 1.2919671900000003 7.081024770000001 0.9818044200000001 -1.549762 -0.8488889999999999 -2.150454
14860 0.51358293 4.205350800000001 -0.43783992 -2.337516 -1.075569 -2.056321
14880 -0.19414971 5.42441988 -2.22077799 -2.44318 -1.032691 -1.7654900000000002
14900 2.6848204200000003 8.66712519 -3.1916638800000006 -1.97101 -0.763969 -0.912231
14920 3.6565990200000003 12.25456371 -2.90904759 -1.606102 -0.31099 -0.223396
14940 1.7154354600000004 12.61921122 -2.75861124 -1.3999629999999998 -0.234047 -0.196418
14960 5.74415721 13.96266129 -3.4732305 -1.139039 -0.546132 -0.166421
14980 6.41341503 11.141481870000002 -4.57882731 -1.021524 -0.689526 -0.106665
15000 6.167625480000001 10.368041850000001 -6.5985787799999995 -1.014691 -0.502428 -0.01499
15020 6.41341503 10.48045464 -8.50441653 -0.5513279999999999 -0.011652 -0.071134
15040 7.369478010000001 11.24805771 -6.671329740000001 -0.232893 0.259198 -0.148305
15060 6.421047210000001 7.647444360000001 -4.96457613 -0.021737 -0.437305 -0.111755
15080 6.44245263 6.38557425 -4.4509932 0.111355 -1.290727 -0.193053
15100 4.47330114 5.401219230000001 -4.1433810300000005 -1.165406 0.15778599999999998 0.711639
15120 4.01869593 3.3973305300000005 -3.5892337500000004 0.023645 -0.025799 1.367522
15140 4.78898694 1.84102308 -2.7530784 0.511409 -0.447584 0.663239
15160 5.529798899999999 1.91990529 -1.6407421200000003 0.640437 -0.644594 0.003163
15180 5.2317711000000005 2.81534247 -1.5852077100000002 0.4337720000000001 -0.624718 -0.524939
15200 4.432432680000001 5.77903176 -3.2073795000000005 -0.269413 -0.260896 -0.855057
15220 3.7422207 10.23391953 -3.50451459 -1.076029 0.10663 -0.956234
15240 2.9809058400000006 10.137663810000001 -1.84401513 -1.101475 0.34983000000000003 -0.747352
15260 -1.18403757 8.78762142 -1.80718839 -0.385275 0.637281 -0.525868
15280 -1.9637658 7.7507338500000005 -1.71378738 0.153229 0.805878 -0.5308689999999999
15300 -1.7130418200000002 6.91351902 -2.24547957 0.454132 0.7825880000000001 -0.561852
15320 -0.33650262000000003 9.46825884 -2.9015625600000003 0.436367 0.8106770000000001 -0.378278
15340 0.75846996 13.879590210000002 2.2290183900000002 0.337789 0.6177560000000001 -0.0005690000000000001
15360 2.13486201 14.08705209 1.39464846 0.428231 0.520782 0.195672
15380 5.755683960000001 15.614027640000002 1.53355806 0.840194 0.335083 0.456229
15400 4.585713930000001 11.566146960000001 1.1752085700000001 1.299496 0.106073 0.584713
15420 8.2279413 13.523026140000002 -5.379813810000001 1.6821099999999998 -0.047227 0.760634
15440 7.3089993600000005 24.78530835 1.24855794 2.172845 -0.143282 0.912667
15460 1.58760135 11.605818600000001 -0.34937334000000003 2.639965 -0.227711 1.108318
15480 3.18133395 7.1100623700000005 0.22752333 3.029538 -0.017783 1.285959
15500 3.46813911 6.146220060000001 -0.09475478999999999 2.985485 0.250527 1.625002
15520 2.6002386000000004 6.02721495 1.92829284 2.1034040000000003 0.622077 2.1802490000000003
15540 -0.30596409 6.533312850000001 2.28903597 1.275899 1.0377120000000002 1.7883080000000002
15560 0.11181438 9.0841581 1.11652515 1.277253 0.800299 1.485247
15580 0.61776513 11.55566988 -0.7429014899999999 1.034138 0.8033859999999999 1.456839
15600 1.27444653 10.918000260000001 -1.11728052 0.467265 0.696816 1.426311
15620 1.77156828 7.5396717 -0.71970084 -0.282802 0.146598 0.8791200000000001
15640 3.57127164 5.435642520000001 -0.45834282000000004 -1.207834 0.118788 0.378107
15660 4.43737692 5.16784914 -0.7463448 -1.914556 0.395322 0.035258
15680 4.525990650000001 6.0965226 -0.8526263400000001 -1.7990669999999995 0.497857 -0.397764
15700 3.75119685 6.677765100000001 -1.10695059 -1.258261 0.124423 -0.985303
15720 2.40684426 7.28220825 -1.01099898 -0.900989 -0.272803 -1.591185
15740 1.62217179 6.42149847 -0.32138541 -0.845827 -0.613967 -2.102041
15760 1.69238196 6.35324049 -0.00509139 -1.167528 -1.079136 -2.444455
15780 2.21838435 5.7431075400000005 0.11915226000000001 -1.747076 -1.42841 -2.508944
15800 2.4182238600000003 5.6359332900000005 -1.24002324 -2.1457080000000004 -1.517711 -2.209307
15820 2.2619505600000007 7.72049943 -3.83442489 -2.11753 -1.3568790000000002 -1.429515
15840 5.14944558 12.320428049999999 -5.0169713400000004 -1.714109 -1.023615 -0.406972
15860 4.923864630000001 14.893581240000001 -2.5008534900000003 -1.264586 -0.918533 0.09703
15880 3.15738774 12.541368870000001 -3.3890999400000004 -0.8884770000000001 -0.917105 0.212886
15900 6.0176403899999995 10.09006569 -3.46888467 -0.740161 -1.184868 0.179014
15920 6.41880072 12.041264880000002 -4.29457275 -0.729622 -1.248681 0.14391800000000002
15940 7.490278350000001 13.886476830000001 -5.43370014 -0.751204 -0.937107 0.03441
15960 9.780511140000002 13.336665570000001 -6.15759966 -0.50056 0.011119 0.050969
15980 7.8162940800000005 10.097550720000001 -5.25631572 -0.489249 0.043482 -0.060089
16000 6.30578952 7.7149567800000005 -4.524038460000001 -0.032465 -1.086328 -0.035154000000000005
16020 3.8943051300000002 6.69991608 -4.5693999 -0.521303 0.055223 -0.037895
16040 2.9901861000000003 4.781060460000001 -4.52867859 -0.29117600000000005 0.763105 1.224375
16060 3.9255892200000004 2.4035481 -3.412899 0.586641 -0.107834 0.8823139999999999
16080 4.65816078 0.98854389 -2.03531994 0.994832 -0.372979 0.236026
16100 5.35092336 1.12460859 -1.00351395 0.770442 -0.416334 -0.448079
16120 5.41169631 3.25961775 -1.24031754 -0.266486 -0.410751 -0.944575
16140 5.1901570800000005 6.98626998 -2.461329 -1.307435 -0.34010300000000004 -1.192287
16160 3.53774106 10.44857214 -2.26449135 -1.361605 -0.116889 -1.022035
16180 1.6078099500000003 9.223823070000002 -1.9505909700000001 -0.7806810000000001 0.232765 -0.78769
16200 -1.9896642 8.09082693 -2.3140416600000004 -0.313743 0.44928 -0.725953
16220 -3.55106304 7.96119759 -2.1731798700000002 0.138499 0.281135 -0.6275069999999999
16240 -2.21673627 6.130200330000001 -1.5304188600000002 0.272353 0.306683 -0.4727810000000001
16260 -0.6165683100000001 5.970934980000001 -1.7762084100000002 0.136682 0.252995 -0.249333
16280 1.22474907 11.895762959999999 1.5715816200000001 0.164728 0.026334 -0.06831799999999999
16300 4.44695148 18.569035080000003 2.00837187 0.402188 -0.034314 -0.025989
16320 5.01427359 16.66274607 2.9987109899999997 0.815411 -0.119158 0.053918
16340 -0.21120930000000002 10.96275348 0.63079281 1.091993 -0.348847 0.244152
16360 6.89421294 15.220646640000002 -7.66855548 1.362247 -0.452298 0.305992
16380 7.05961935 29.668755780000005 2.2866423300000003 1.882443 -0.532909 0.566103
16400 5.3530227 8.7255045 0.68018616 2.540445 -0.4854560000000001 0.915674
16420 5.012027100000001 6.41894787 -0.18755739000000002 3.128464 -0.6717489999999999 1.17212
16440 4.65157827 5.51722248 0.26764623000000004 2.609922 -0.758667 2.044551
16460 2.68526187 5.78531997 1.4635048499999999 1.670563 -0.381424 2.291743
16480 1.4167994400000001 5.9004305100000005 2.1742295400000007 1.804733 -0.479107 1.297223
16500 1.7811428400000002 8.36864613 -0.13037490000000002 1.143915 0.370015 1.0468959999999998
16520 2.59470576 11.831841 -1.7033103 -0.07105800000000001 1.352343 1.264682
16540 2.50025508 10.72579293 -0.8789760000000001 -0.7355119999999999 1.524605 1.3858700000000002
16560 3.2858202600000004 6.7222240200000005 -0.8496342900000001 -0.862984 0.957063 1.16779
16580 4.293375930000001 4.60637379 -0.63453042 -0.8623 0.68298 0.978002
16600 4.76099901 4.65427602 -1.1479662000000002 -0.971499 0.049605 0.424712
16620 4.26013965 6.27420132 -1.1868824699999998 -1.023861 -1.193567 -0.329293
16640 3.25738107 7.0464445200000005 -0.54666225 -0.910051 -2.311291 -0.897497
16660 2.52389718 6.9843276 -1.0565075700000002 -0.984039 -2.6816560000000003 -1.187027
16680 2.90995011 6.933433320000001 -0.25416729000000005 -1.092849 -2.340904 -1.324956
16700 3.1127816700000004 6.362520750000001 1.13164236 -1.125546 -2.155948 -1.4621540000000002
16720 2.55024684 4.68795375 0.04190832 -1.165524 -1.944275 -1.614392
16740 2.7111602700000006 5.310359010000001 -1.6902826200000003 -1.359451 -1.655959 -1.619321
16760 3.3910521300000003 8.15683842 -3.6435713400000003 -1.636447 -1.244036 -1.294907
16780 4.7880942300000005 12.46442904 -4.091437080000001 -1.744833 -0.502581 -0.408922
16800 4.0257297 17.90052282 -2.62194813 -1.439144 0.22280100000000005 0.674392
16820 1.87111035 16.194818880000003 -1.86871671 -1.032346 0.220716 0.8428110000000001
16840 1.5338621700000001 13.736334780000002 -3.8299319100000004 -0.6654439999999999 0.443108 0.853634
16860 4.8835945800000005 13.545481230000002 -3.77335764 -0.34362800000000004 0.502016 0.761803
16880 5.20931601 14.12672373 -4.96502739 0.101487 -0.311733 0.6121310000000001
16900 5.664225330000001 12.384948420000002 -6.837932970000001 0.433356 -0.7920729999999999 0.8319139999999999
16920 8.163725040000001 9.892629629999998 -6.13079874 -0.6407229999999999 -0.742799 0.097957
16940 8.49258567 7.164105660000001 -4.76339265 -1.369538 -0.992386 -1.3211389999999998
16960 7.074736560000001 6.22869273 -4.29022692 -0.632831 -1.818414 -1.317071
16980 4.57239195 4.9889736000000005 -3.08448963 0.7390369999999999 -1.864365 -0.606676
17000 3.3870104100000007 2.75532489 -2.25311175 -0.189083 -0.709997 0.294418
17020 2.63796786 2.1683925900000003 -1.9164619800000002 -0.485757 -0.46819 0.553751
17040 1.8853250400000001 2.19563496 -1.52652429 -0.242319 0.02205 0.289904
17060 1.6512192 1.79357211 -0.64964763 -1.193551 0.233369 -0.315216
17080 1.4733835200000003 3.54747258 -0.7212017700000001 -1.848648 0.01153 -1.012783
17100 1.6805511 6.597381960000001 -1.6051122000000002 -1.296556 -0.030358 -1.405184
17120 1.83952215 8.920095660000001 -2.73196728 -0.545234 0.6777850000000001 -1.457459
17140 4.7458818 10.76171715 -1.6232214600000001 -0.4789350000000001 1.227072 -1.416039
17160 1.9085355000000002 10.286010630000002 -3.9484857600000005 -0.040762 1.322879 -1.246458
17180 0.83825469 11.538453330000001 -3.98411568 0.104449 1.16874 -1.187563
17200 0.97477065 8.605753830000001 -3.60839268 -0.137733 0.824974 -1.057422
17220 -0.70728138 6.382130940000001 -7.9975730700000005 -0.153905 0.431574 -0.699177
17240 2.86474563 15.31330209 -2.4343907400000004 0.027776 0.257543 -0.226599
17260 4.03755075 20.5684308 0.00808344 0.675127 0.176775 0.228816
17280 -1.42069401 15.967148400000001 8.149206240000002 1.567198 -0.29047199999999995 0.684299
17300 0.9361486800000001 17.175583440000004 8.90947143 1.972604 -0.774101 1.395982
17320 4.62448305 19.88121087 -0.27018702 2.263255 -1.606827 2.128675
17340 4.45833108 10.62655497 4.32330624 2.40789 -2.163272 2.628189
17360 1.49778099 6.8813422200000005 -0.8652027600000002 2.281278 -1.915308 2.798971
17380 2.0360655000000003 7.1317718999999995 -4.07243511 1.4519 -0.988358 2.146784
17400 2.7116115300000003 12.10203783 -4.20969663 1.032806 -0.277463 1.622721
17420 1.37548953 10.06506981 1.4153083200000003 0.7238720000000001 -0.517886 1.275836
17440 -1.53715833 9.040896 2.02334193 0.471088 -1.062084 1.18931
17460 0.3094074 11.167223309999999 1.22684841 0.296116 -1.266143 1.222532
17480 0.20537235 12.513979350000001 1.9905569100000002 -0.14644 -1.682243 1.233861
17500 2.94482466 9.70087356 0.52181352 -0.368723 -2.193939 1.517111
17520 5.420378159999999 7.513479 -0.44742429 -0.478563 -2.639869 1.7732880000000002
17540 5.813464860000001 7.259606010000001 -1.5473313000000002 -0.8132550000000001 -3.071101 1.745866
17560 4.979546190000001 7.9200348300000005 -2.71101312 -1.205472 -3.555105 1.64547
17580 4.44515625 7.76480139 -2.97237114 -1.637098 -3.855469 1.476197
17600 4.35145113 7.98679188 -2.47345416 -1.6703290000000002 -3.67322 1.217222
17620 5.786369639999999 8.924441490000001 -0.8388531 -1.446934 -2.990775 0.856849
17640 7.664808060000001 10.28615778 0.6408186300000001 -0.933058 -2.482977 0.496592
17660 6.00311178 9.73380573 2.0779836300000003 -0.556245 -1.968895 0.015729
17680 3.6702153 6.260879340000001 0.88481295 -0.5832510000000001 -1.61505 -0.27012800000000003
17700 3.6639270900000005 10.21581027 -1.995354 -1.097181 -1.558878 -0.28554
17720 1.5926927400000002 18.424288530000002 -2.19847986 -1.794857 -1.286897 -0.031184
17740 0.11092167 20.149298550000005 -0.82493271 -1.579389 -0.8420629999999999 0.42695
17760 0.08517042 15.800093910000001 -1.3584299400000002 -0.378399 -0.438039 0.912316
17780 1.9251438300000001 11.4814278 -1.35109206 0.188556 -0.06614500000000001 1.191401
17800 3.21576705 10.69541136 -0.15178032 0.545904 -0.313701 0.718856
17820 3.82155417 9.66704868 0.393381 0.122946 -0.312869 0.345227
17840 4.687355340000001 9.19178361 -0.8346642300000001 -1.088049 -0.698855 0.684435
17860 4.168533870000001 8.072560710000001 -2.6192503800000004 -2.761843 -0.836874 1.218782
17880 3.65240034 7.887701070000001 -2.9722239900000003 -1.69314 -0.521726 1.135044
17900 3.1347855 7.3946210400000005 -2.14488783 0.065095 -1.476258 0.422158
17920 2.19353562 5.91270282 -1.68639786 0.092354 -1.6923830000000002 -0.16489700000000002
17940 1.9715549400000003 4.69648845 -0.8590617000000002 0.000282 -1.828375 -0.708023
17960 1.88787564 4.73375664 -0.15837263999999998 -0.21604 -2.085327 -1.2636120000000002
17980 1.5271227 4.68929772 -0.24788889 -0.695389 -2.471102 -1.3444459999999998
18000 0.7417046700000001 5.069955149999999 -0.25012557 -1.7694849999999998 -2.138228 -1.073569
18020 0.6912616500000001 5.52171546 1.66423707 -2.514119 -1.221336 -0.883392
18040 1.0933245 6.477778440000001 2.8243284300000004 -2.382517 -0.331494 -0.5492600000000001
18060 0.29967588 7.9097048999999995 2.99886795 -1.776534 -0.458588 -0.194487
18080 0.15986376000000002 9.44027091 0.86130819 -0.971062 -0.95562 -0.206384
18100 2.5412608800000003 14.14004571 -5.14764054 -0.5129130000000001 -1.47648 -0.352067
18120 7.37366688 16.741785240000002 -8.05130244 -0.418921 -1.712146 -0.373542
18140 8.267161680000001 12.305457989999999 -6.474639240000001 -0.71975 -1.428953 -0.336482
18160 5.90597316 6.291417870000001 -7.233256350000001 -0.960569 -0.867859 -0.317518
18180 5.34882402 6.56055522 -4.44305691 -0.855017 -0.354981 -0.262959
18200 7.430996520000001 10.2643011 1.0473744600000001 -0.5921609999999999 -0.218666 -0.214296
18220 9.524842920000001 20.17624662 2.02348908 -0.451014 -0.275106 -0.341424
18240 4.74363531 26.033415030000004 1.6363962900000002 -0.425748 -0.394438 -0.624174
18260 -3.60735282 11.39564916 -3.56438502 -0.465869 -0.31764000000000003 -0.879857
18280 -3.4385031 4.67807508 -2.56102803 -0.573376 -0.204687 -1.061282
18300 -2.27706777 3.2906075400000003 -1.96630659 -0.553674 -0.206433 -1.174374
18320 -0.86685084 3.30423363 -1.41770196 -0.41765 0.069428 -1.014612
18340 3.0049992 5.80342923 -0.33320646000000004 -0.27078800000000003 0.201215 -0.7990430000000001
18360 6.52568067 9.3648222 3.1199625900000005 -0.215591 0.193454 -0.504886
18380 7.53353064 11.53965015 4.511619 -0.082957 0.108525 -0.426939
18400 3.1919581800000003 11.58606126 2.27541969 0.16486199999999998 0.058065 -0.543716
18420 0.85068396 10.845994860000001 -0.47555937000000004 0.5186189999999999 0.009751 -0.489908
18440 0.23935419000000002 10.82159739 -1.12656078 0.719808 0.110614 -0.047457
18460 -0.2342628 9.520801200000001 -0.58767786 1.0426540000000002 -0.077293 0.5756760000000001
18480 0.777933 8.88507396 -0.82059669 1.431156 -0.359235 1.214343
18500 1.4516838 9.098824050000001 0.67165146 1.747089 -0.514792 1.7455189999999998
18520 1.5310172700000002 8.71921629 1.2656175300000003 1.855586 -0.524899 2.047529
18540 1.13898024 8.94180519 1.21517451 1.676324 -0.246316 2.332203
18560 0.31494024000000004 8.75529747 1.0666805400000001 1.511161 0.21682 2.2738400000000003
18580 -0.06900354 8.44139709 0.5761511099999999 1.141389 0.327669 2.0467880000000003
18600 -0.40117014 8.86366854 0.09370512 0.775041 -0.218789 1.824876
18620 0.5498112600000001 9.17157501 0.01197801 0.5566909999999999 -0.789479 1.407476
18640 1.6980717600000002 9.63770697 -0.07364366999999998 0.492334 -1.109985 1.161746
18660 2.04864192 10.585686509999999 -0.07619427 0.411723 -1.552565 1.088042
18680 3.9034284300000004 10.78222986 0.35116857000000007 0.22385500000000005 -1.923131 1.213255
18700 3.34569069 9.977800049999999 0.6334807499999999 0.139157 -2.2349240000000004 1.469436
18720 3.2953948200000003 10.03917141 1.34570637 0.065026 -2.681591 1.612633
18740 1.50841503 10.00085355 1.44090261 -0.14846900000000002 -2.871825 1.685093
18760 1.95283746 11.812682070000001 0.6939594 -0.393641 -2.750891 1.758001
18780 4.1671800900000004 12.335996520000002 -0.17378415000000003 -0.526062 -2.403814 1.657286
18800 5.46782913 12.566963160000002 -0.5536960200000001 -0.541459 -1.801958 1.410716
18820 4.84093089 11.423646900000001 -0.37886220000000004 -0.459355 -1.140654 1.131637
18840 3.4260738300000004 9.84008727 0.58573548 -0.467888 -0.779147 0.7786
18860 1.17041148 7.40435256 0.64859796 -0.762204 -0.709248 0.337416
18880 0.08712261 6.41146284 -0.0577809 -1.2378280000000002 -0.996003 0.000108
18900 0.7982887500000001 8.55875412 -1.2891222900000001 -1.7219650000000002 -1.273051 -0.093718
18920 0.45280998 13.401784350000002 -1.35618345 -1.899304 -1.218534 0.012864
18940 0.03847482 15.013930319999998 -1.76453451 -1.362586 -0.912642 0.306777
18960 1.90224729 14.51381652 -2.42750412 -0.479053 -0.85393 0.5756560000000001
18980 2.56206789 12.64360869 -3.1454097300000003 -0.276853 -0.948454 0.595349
19000 2.43992358 11.180545290000001 -2.40729552 -0.446321 -1.198114 0.306066
19020 3.25901934 9.78261048 -1.80419634 -0.8476100000000001 -1.081413 -0.024831
19040 3.0686170500000003 8.55516366 -1.45033002 -1.931048 -0.652566 0.7618090000000001
19060 2.98838106 7.409895210000001 -1.6986701700000002 -0.625812 -1.173096 0.8645280000000001
19080 2.08741104 6.425991450000001 -2.105226 -0.17240899999999998 -0.994866 -0.142003
19100 1.9134699300000002 6.06313917 -2.09339514 -0.643764 -0.8809030000000001 -0.792784
19120 2.2791573 6.95049291 -1.8119854800000001 -0.597618 -1.408032 -1.144299
19140 3.1533460200000003 7.53383475 -1.6878889799999999 0.058573 -2.033806 -1.066275
19160 2.80307016 7.28489619 -1.7453657700000003 -0.82944 -1.834759 -0.789654
19180 2.43259551 6.780750480000001 -1.7920711800000002 -1.70714 -0.870238 -0.141132
19200 2.42106876 6.059852820000001 -1.2265541100000001 -1.202083 0.148848 0.31508400000000003
19220 2.73526344 5.758077600000001 -0.16974243 -0.768703 1.07018 0.23895
19240 3.29225562 5.9923404 0.48753738 -0.65657 1.079328 -0.014515
19260 3.66018948 7.5137733 -0.27901602 -0.570188 0.863613 -0.223007
19280 4.32390465 8.60859873 -2.1489295500000005 -0.561933 0.5164949999999999 -0.270574
19300 5.845494510000001 10.878622920000002 -4.0026762 -0.484083 0.281822 -0.260116
19320 6.738832350000001 12.69015714 -5.46588675 -0.236741 0.483348 -0.255442
19340 5.9719846500000004 10.98894618 -5.05469079 -0.07636699999999999 0.676198 -0.13706400000000002
19360 4.03950294 6.43302522 -4.401747 -0.119156 0.802505 0.015231
19380 1.07387127 7.14509388 -7.0642594800000005 -0.11246 0.656435 0.041102
19400 5.15019114 19.562964660000002 -3.19360626 -0.102124 0.397326 0.093849
19420 5.51647692 29.723986080000003 6.670731330000001 -0.086411 0.189165 0.188229
19440 -5.91899103 10.80408654 1.55571885 0.13828900000000002 0.066001 0.15791
19460 -2.01645531 5.65643619 1.67860872 0.5158149999999999 -0.076561 0.050703
19480 -0.8403540300000001 3.4506282600000002 0.6039918900000002 0.704549 -0.205691 -0.054636
19500 1.17595413 6.2804895300000005 -0.5881291200000001 0.6359100000000001 -0.326727 -0.096621
19520 2.4550407900000004 7.80761223 -1.62157338 0.518857 -0.363183 -0.202077
19540 1.7860870800000002 11.33308098 2.08112283 0.452709 -0.197547 -0.27432199999999995
19560 1.82246256 10.09261629 1.04063499 0.249696 -0.006242 -0.25355300000000003
19580 0.45535077 8.153091 -0.41179437 0.179779 0.01153 -0.108786
19600 0.70652601 9.334293480000001 -0.01092834 0.313512 -0.162389 0.111357
19620 1.2331366200000002 9.51406173 -1.4917968900000003 0.632084 -0.27199 0.336981
19640 2.02648113 9.40014801 -1.26652005 1.208905 -0.29330900000000004 0.6390710000000001
19660 2.69499339 8.81607042 -0.7427543400000001 1.930337 -0.500069 1.102642
19680 2.35699965 8.32748337 -0.21106215 2.527178 -0.418763 1.563906
19700 2.4035481 8.48854395 0.39697146000000005 2.692734 -0.483674 1.934751
19720 2.0142088200000003 8.23153176 0.86505561 2.523849 -0.287085 2.202511
19740 2.49217164 8.344248660000002 0.53573391 1.922335 0.181816 2.146434
19760 2.65637142 8.18902503 -1.02162321 1.4946700000000002 0.527833 1.50207
19780 4.34381895 7.7067261899999995 -2.34307926 0.987248 1.035739 1.200909
19800 5.128638570000001 7.553444939999999 -2.64649275 -0.170166 1.257298 1.143402
19820 4.832249040000001 7.51826628 -1.8323412300000002 -0.795532 1.233745 0.915806
19840 2.93465169 7.07578623 -1.3554280800000003 -1.002299 0.782771 0.653225
19860 2.736009 7.7770737 -1.10439999 -1.092328 0.383781 0.343323
19880 2.65906917 8.57072232 0.11181438 -1.041836 0.019992 -0.100238
19900 2.35415475 8.192615490000001 0.9592021800000001 -1.00849 -0.389428 -0.572703
19920 2.05132986 6.57133641 0.29952873 -0.999116 -0.7473310000000001 -1.120177
19940 2.7413946900000004 6.1574427 -0.03458025 -0.936905 -0.882108 -1.568223
19960 3.8733411600000003 6.37629399 -0.44248005 -1.083274 -0.921149 -1.8009990000000002
19980 4.12737111 7.547009580000001 -1.0409391000000001 -1.501973 -1.036832 -1.812321
20000 3.75074559 8.798108310000002 -1.53355806 -1.999715 -1.068506 -1.718549
20020 3.3962906700000004 8.52087771 -1.5013812600000003 -2.254581 -0.8192370000000001 -1.496322
20040 2.9767071600000006 7.64655165 -2.3077534500000003 -1.912257 -0.587137 -1.228241
20060 1.99609956 8.63239779 -3.12206193 -1.42255 -0.448672 -0.848984
20080 2.90485872 10.25472654 -3.5810031600000003 -1.226372 -0.158754 -0.527519
20100 1.9284399900000002 12.458140830000001 -3.77664399 -0.970696 -0.041037 -0.084708
20120 -0.04550859 14.09648931 -2.0821725 -0.732318 0.087037 0.180644
20140 1.6890858000000002 11.14237458 -0.70293555 -0.992686 0.6627460000000001 0.291319
20160 3.06323136 9.24927021 -3.08208618 -1.306114 1.147646 0.246848
20180 6.221217510000001 10.3568094 -5.846995440000001 -0.709953 0.377422 0.004171
20200 9.86014872 13.073218020000002 -6.99839514 0.202757 -0.696461 -0.2327
20220 9.72542799 12.82233708 -6.7939253100000006 -0.101979 -1.649627 -0.564756
20240 7.851924 8.85348576 -5.011281540000001 -0.197334 -1.745037 -0.332427
20260 6.37673544 6.3336303 -4.16284407 -0.996112 -0.827391 0.5143260000000001
20280 4.68570726 5.57575875 -3.7649700900000003 -0.471005 -0.058749 1.245537
20300 3.68084934 4.296966390000001 -2.51492103 0.403146 -0.371378 0.6143149999999999
20320 3.6721674900000005 2.6553315600000005 -1.51185834 0.670769 -0.356758 0.189945
20340 3.89969082 1.89985365 -1.02521367 0.437771 -0.282268 -0.120494
20360 4.0894947 3.0192237 -1.4154554700000002 -0.097543 -0.155083 -0.293175
20380 3.4880436 4.59769194 -2.5595271 -0.518378 -0.134001 -0.405101
20400 3.0816447300000003 6.89810751 -3.66078789 -0.425149 -0.089397 -0.451508
20420 2.47465098 9.66195729 -3.99189501 -0.13088699999999998 0.365417 -0.425467
20440 2.1044706300000002 11.64234123 -3.8130194700000004 0.126749 0.864497 -0.515105
20460 1.33672041 8.738679330000002 -2.5457538600000005 0.15107 1.179119 -0.627502
20480 0.40954788000000003 6.7717645200000005 -1.6932746699999999 0.177394 1.438553 -0.527238
20500 -0.31479309 7.59131154 -1.3154621400000002 0.239527 1.27857 -0.267021
20520 0.26360451 8.51922963 -2.23784739 0.405208 0.662267 -0.001223
20540 1.7342902800000002 10.11311919 -1.74282498 0.622139 0.197436 0.169667
20560 0.55983708 15.4035639 2.10058587 0.946511 0.137036 0.340789
20580 3.65210604 14.427900540000001 0.69410655 1.483764 0.212213 0.521771
20600 6.065836920000001 12.323125800000001 0.30386475 2.25336 0.03184 0.738885
20620 8.25338844 14.190194430000002 0.22632651000000004 2.9901 -0.040003 1.01652
20640 6.31492263 14.40829035 -0.89514288 3.406998 0.002884 1.118722
20660 2.81863863 19.15581042 1.43776341 3.28817 -0.080666 1.601903
20680 0.63467757 11.088488250000001 -0.40804695 2.518231 0.138988 2.2168810000000003
20700 4.30220493 5.80567572 -0.27767205 1.73537 0.184138 1.728518
20720 4.43317824 4.49889543 -0.48469248000000004 1.8937580000000005 0.09256 1.050353
20740 2.11615434 5.18506569 0.33335360999999997 1.1075780000000002 0.851563 1.06739
20760 0.19145196 7.584729030000001 0.99916812 0.273784 0.886855 1.222822
20780 0.20956122 9.938285370000001 1.0722231899999999 -0.228136 1.064077 1.028945
20800 1.54688004 10.70543718 0.70084602 -0.8585209999999999 1.349358 0.563773
20820 1.9829247300000001 10.388250450000001 0.91160406 -1.33918 1.127499 -0.014004
20840 2.38379076 7.96718169 0.07439904 -1.495939 0.387638 -0.536511
20860 3.8407131000000003 6.09143121 -1.22759397 -1.308061 -0.039444 -0.988646
20880 5.07414402 6.719231970000001 -2.4758478 -0.904988 -0.558802 -1.461592
20900 5.2870014 7.459288560000001 -2.36792799 -0.868017 -0.94016 -1.762083
20920 4.39710687 7.8421924800000005 -1.12401018 -1.32099 -1.151334 -1.839752
20940 3.26126583 6.88867029 -0.2809682100000001 -1.99377 -1.276889 -1.826131
20960 3.3871575600000003 6.987172500000001 -0.5718150900000001 -2.483551 -1.174464 -1.707906
20980 3.51709101 7.56721818 -0.35161983 -2.241423 -1.035193 -1.315424
21000 3.60405666 6.68869344 -1.21337928 -1.897361 -0.5136890000000001 -0.429201
21020 1.8194705100000002 6.44709276 -3.2894107200000002 -1.727584 0.14568299999999998 -0.035755
21040 2.73555774 8.618183100000001 -3.3859607400000002 -1.366718 0.069438 0.07048099999999999
21060 5.01412644 13.34953629 -3.8318841000000003 -1.111335 -0.005365999999999999 -0.092145
21080 2.47151178 15.739615259999999 -1.17385479 -0.972531 0.202097 -0.145921
21100 1.4980851 12.33539811 -1.46859624 -0.795092 0.596256 -0.301147
21120 2.95500744 11.430376560000001 -3.1388272200000005 -0.566908 0.448929 -0.419005
21140 3.5992693800000004 11.69921961 -3.7622723400000004 0.066634 0.225979 -0.358747
21160 6.23812995 9.978849720000001 -5.80388049 0.23337600000000006 -1.278909 0.208368
21180 6.33512142 8.8091838 -7.29343089 -0.204643 -1.968305 0.362152
21200 6.899755590000001 9.242982000000001 -6.626870820000001 -0.8025359999999999 -0.139053 1.102319
21220 6.664443120000001 7.385644890000001 -5.67589923 0.4262260000000001 0.435507 1.274671
21240 7.06471074 6.68793807 -4.32105975 1.010249 0.431528 0.698711
21260 4.321363860000002 4.86892863 -3.88696725 0.966656 0.230004 -0.014907
21280 3.38864868 2.6147672099999997 -2.87701794 0.562277 -0.181347 -0.4241970000000001
21300 3.80239524 1.13957865 -2.0975840100000003 0.078324 -0.364972 -0.704012
21320 4.02303195 1.98547533 -2.07603144 -0.452465 -0.360542 -0.81882
21340 4.0576122 3.7562882400000004 -2.4530984100000004 -0.745891 -0.290585 -0.742979
21360 3.18358044 5.928575400000001 -3.78847485 -0.349088 0.111038 -0.558056
21380 2.55593664 9.89667135 -3.4822066500000006 0.040676 0.801552 -0.41735
21400 2.8174418100000005 12.10548114 -2.11779261 0.295687 1.119942 -0.340133
21420 -0.320787 8.75918223 -1.8163215000000001 0.5182899999999999 1.112575 -0.023443
21440 -2.12677857 8.583298740000002 -1.7639361 0.804474 0.7313470000000001 0.491791
21460 -2.25430857 7.84009314 -1.4274334800000001 1.132318 0.234371 0.8792780000000001
21480 -0.38275677 7.70582367 -0.24324876 1.7884790000000002 0.090049 0.970572
21500 1.3320802800000002 8.27359704 0.89768367 2.493714 -0.276087 1.078517
21520 2.98419219 12.08467413 0.7939527300000001 2.92262 -0.481166 1.109549
21540 7.042854060000001 15.25881735 -1.07191908 3.074462 -0.530084 1.222836
21560 7.43309586 16.44240366 1.4142586500000003 3.262407 -0.446544 1.746402
21580 4.33573551 13.663289520000001 -0.87417891 2.848301 -0.041219 1.708807
21600 4.6970868600000015 21.44530746 4.10341509 2.410081 -0.100259 0.8704719999999999
21620 2.21733468 12.767999490000003 -1.36186344 1.102006 0.599804 0.628634
21640 5.25991599 7.49775357 -1.94654925 -0.276387 1.242169 1.023039
21660 4.8990159 5.24554434 -2.2598512200000003 -0.489041 1.507743 1.126967
21680 4.7187865800000015 5.3831099700000005 -0.7997896800000001 -0.409094 1.530528 0.688457
21700 3.07056924 6.97145688 0.88465599 -0.980405 1.497763 0.054258
21720 2.8327061700000007 7.18745346 1.7801029800000001 -1.5379969999999998 0.8402129999999999 -0.458336
21740 3.77874333 10.078538940000001 1.01069487 -1.556949 0.159449 -0.960729
21760 2.9265682500000003 11.167978680000001 0.51523101 -1.216983 0.075913 -1.676092
21780 2.2829047200000003 8.28227889 -1.7143857900000001 -0.91087 0.029994 -2.179164
21800 2.65817646 6.126305760000001 -2.8187857800000007 -1.11005 -0.178991 -2.225153
21820 4.0478806800000005 5.4893817 -2.9645820000000005 -1.745008 -0.254272 -2.029734
21840 4.932242370000001 6.51161313 -2.3138847 -2.144965 -0.442472 -1.771641
21860 4.58076969 7.3748637 -1.17894618 -1.926303 -0.5745140000000001 -1.176013
21880 3.05529507 7.8540135300000005 -0.46418958 -1.423619 -0.321241 -0.481686
21900 2.2290183900000002 6.140079 -0.34563573000000003 -1.376941 -0.169916 -0.270046
21920 1.13957865 5.670062280000001 -1.8625756500000001 -1.30506 -0.30550900000000003 -0.256552
21940 0.6572798100000001 7.63277841 -2.5253981100000003 -1.049296 -0.4445850000000001 -0.330431
21960 2.7193908600000003 10.90467828 -2.9054571300000003 -0.8397399999999999 -0.190275 -0.173333
21980 2.3376935700000003 13.67361945 -1.95553521 -0.646962 0.155602 0.010237
22000 2.4757006500000003 12.7688922 -2.4427684800000002 -0.427908 0.60278 0.14579
22020 4.96577295 12.97262628 -4.15849824 -0.149121 0.532516 0.957539
22040 4.817583090000001 10.695862620000002 -5.997726090000001 0.054867999999999986 -0.635514 1.168764
22060 5.63832693 10.79480628 -7.67484369 -0.873843 0.17943299999999998 0.905928
22080 5.869293570000001 11.488608720000002 -7.072490070000001 0.468685 -0.243657 1.117741
22100 6.288720120000001 9.10751571 -5.13552519 0.934342 0.12619 0.665458
22120 4.70621016 6.6345030000000005 -4.692142620000001 1.009542 0.318106 0.02694
22140 5.449121460000001 6.82161894 -4.20490935 0.6728270000000001 0.112647 -0.5146
22160 5.1680061 5.29912656 -3.25198557 0.147476 -0.276372 -0.809396
22180 5.88725568 2.5105752 -3.1466065500000004 -0.526261 -0.548244 -0.967578
22200 6.95064987 2.49785163 -2.36373912 -0.896388 -0.137446 -0.813661
22220 6.59259468 3.3436011600000004 -1.9056906 -0.548042 0.507868 -0.522567
22240 3.8408602500000004 4.168082610000002 -3.1823836200000004 0.0247 0.5248189999999999 -0.46304
22260 1.96751322 8.92518705 -3.87948222 0.343121 0.470147 -0.387039
22280 1.5928398900000003 9.62363943 -3.7877194800000002 0.476395 0.410299 -0.18841
22300 -1.36561086 9.59400342 -2.09519037 0.655842 0.117353 0.187097
22320 -2.72672874 8.24485374 -1.3697997299999998 0.818697 -0.231233 0.638402
22340 -2.9663772300000004 7.13550951 -0.5638788 1.152136 -0.13097899999999998 0.8521110000000001
22360 -0.74050785 6.014638530000001 -0.03712104000000001 1.861824 -0.028218 0.912484
22380 0.40655583 6.001914960000001 0.86295627 2.589135 -0.312076 0.938224
22400 1.81677276 10.37177946 0.52870014 3.018635 -0.380818 0.973359
22420 5.91989355 18.75958452 1.35812583 3.129018 -0.429458 1.053241
22440 7.6017886200000016 16.09692489 1.30618188 3.035921 -0.332722 1.450913
22460 7.681730310000001 14.02373835 -4.799022570000001 2.4054740000000003 -0.24993 1.273352
22480 7.506288270000001 22.317092730000006 1.2397191300000001 1.977275 -0.014842 0.39839
22500 2.5578790200000006 9.968225490000002 1.52338509 0.8844540000000001 1.26026 0.554697
22520 3.24390213 6.58435428 -0.24504399000000002 -0.220842 1.965313 1.019296
22540 6.42508893 5.253029370000001 -0.7536826799999999 -0.5030060000000001 1.944622 1.110287
22560 6.223307040000001 7.347317220000001 0.02963601 -0.385248 1.177682 0.727532
22580 3.5121467700000006 7.116654690000001 1.31441247 -0.661949 0.518363 0.14746800000000002
22600 5.15572398 6.59393865 -0.43305264000000004 -1.011846 -0.020435 -0.405488
22620 6.27420132 11.964168090000001 -0.1707921 -1.220422 -0.252763 -0.998443
22640 2.80950552 10.357711920000002 -0.44157753 -1.240127 -0.28636 -1.636266
22660 2.37765951 6.9846219000000005 -1.70450712 -1.250801 -0.23667800000000006 -2.062624
22680 3.32698302 5.491628189999999 -1.64926701 -1.5130860000000002 -0.340656 -2.206397
22700 4.26209184 3.8287350900000003 -2.12872095 -1.990059 -0.6454770000000001 -2.021331
22720 4.3743574800000005 4.408633620000001 -1.92829284 -2.217639 -0.70323 -1.767541
22740 3.93441822 6.83703045 -0.93435345 -1.81255 -0.311188 -1.059119
22760 2.6321309100000003 8.610246810000001 -1.0267146 -1.271414 -0.396252 -0.236973
22780 1.4602086900000002 7.532333820000001 -0.13321980000000003 -1.166698 -0.549039 0.051306
22800 1.04393115 5.75253495 -2.08516455 -0.954831 -0.7654449999999999 0.172704
22820 0.32318064 7.6407147 -3.20123844 -0.7825 -1.220495 0.067669
22840 2.63302362 10.34004411 -2.30385888 -0.906314 -0.997521 -0.173831
22860 2.89811925 13.237417800000001 -2.38409487 -0.7190000000000001 -0.8066479999999999 -0.11722
22880 2.97401922 12.405451320000001 -0.5277976200000001 -0.054673 0.701796 -0.429638
22900 5.623955280000001 10.953924480000001 -3.63339837 -0.009447 0.578091 -0.169586
22920 5.774097330000001 12.73925619 -5.80582287 0.114701 -0.372107 -0.01795
22940 7.61811246 13.442643000000002 -7.91224569 -0.5682699999999999 1.096834 0.059787
22960 6.04173375 11.367514080000001 -8.25009228 0.5041640000000001 0.683343 1.034548
22980 5.67230877 9.86732964 -6.0273621 1.241716 -0.07838300000000001 0.6753439999999999
23000 5.80837347 8.048614500000001 -3.86047044 1.300015 -0.556376 0.280054
23020 5.6613804299999995 5.8363613999999995 -3.05155746 0.981874 -1.394492 -0.040493
23040 4.53871422 4.54215753 -2.7650466000000002 -0.138166 -1.553934 -0.488219
23060 4.15146447 2.72927934 -2.89033992 -1.777685 -0.961683 -0.920242
23080 5.50300779 3.2910588 -3.0443667300000006 -1.660681 -0.70586 -1.060758
23100 6.958429199999999 4.27032243 -2.55488697 -0.801229 -0.421832 -0.906635
23120 7.012913940000001 4.78689741 -3.27608874 -0.56201 -0.144579 -0.918138
23140 5.8207929300000005 6.659655840000001 -3.06412407 -0.381515 -0.246783 -0.8238110000000001
23160 4.1137450200000005 9.828707670000002 -3.01742847 -0.133003 -0.389668 -0.472584
23180 0.03981879 8.73193986 -2.52449559 0.009068 -0.566975 -0.211786
23200 -2.15102889 6.34979718 -1.31665896 0.07639800000000001 -0.640206 -0.072353
23220 -4.03201791 6.16478058 -0.54876159 0.363065 -0.742178 0.13808299999999998
23240 -2.32796205 5.34972654 -0.5828905799999998 1.005223 -0.8695950000000001 0.27626
23260 -0.78182757 4.26432852 0.6815301300000001 1.805439 -0.901929 0.475239
23280 0.66088008 8.152796700000001 0.44248005 2.53993 -1.0619299999999998 0.689946
23300 3.0557463300000003 22.680533610000005 2.16853974 3.000899 -1.125956 0.850276
23320 7.74174789 18.34360128 2.7870504300000003 2.9491240000000003 -1.065803 1.036776
23340 4.133649510000001 9.90310671 -3.8411643600000005 2.706517 -0.7840630000000001 1.652153
23360 11.86747092 22.88920212 -0.53183934 1.973497 -0.30943200000000004 2.141011
23380 8.40217671 15.367943790000002 -0.99408654 1.148197 0.556968 1.708984
23400 6.812034570000001 6.76293552 -2.3742162 0.964228 1.157175 1.221957
23420 6.941212650000001 5.47935588 -2.8053166500000004 0.475459 0.388792 1.1928219999999998
23440 6.5470860900000005 7.274723219999999 -1.9363762800000002 -0.202888 0.86431 1.146882
23460 4.12661574 8.49274263 0.7234482600000001 -1.144487 1.250798 0.949666
23480 3.0907680300000004 8.18692569 3.29405085 -1.620742 0.984594 0.535415
23500 2.8669921200000004 8.29395279 0.60788646 -1.959814 0.244415 -0.016138999999999997
23520 2.2716722700000003 9.43936839 -1.02132891 -2.204627 -0.4969270000000001 -0.890705
23540 2.5147738800000004 9.01455615 -0.9379537200000001 -1.717318 -1.077206 -1.6524720000000002
23560 3.41230059 7.105873500000001 -2.3138847 -1.15074 -1.773968 -2.125117
23580 4.14653004 5.48609535 -2.10746268 -1.250883 -2.072585 -2.219437
23600 4.06823643 5.059026810000001 -1.68923295 -1.7701639999999998 -2.062984 -2.039343
23620 4.18245426 6.88807188 -1.6347482100000001 -2.167975 -1.53416 -1.540735
23640 3.37981968 8.082743490000002 -0.09160578000000001 -1.680619 -1.300281 -0.778125
23660 1.48236948 6.29770608 0.36164565000000004 -0.876035 -0.646071 0.088712
23680 1.2608302500000002 5.893848 0.29833191000000003 -0.882597 0.018948 0.5546270000000001
23700 1.06398279 5.89354389 0.40700709 -0.915145 0.5043 0.686237
23720 0.72718587 5.9856009299999995 -0.6902119800000001 -0.802556 0.926584 0.7463029999999999
23740 0.8749342800000001 7.050633390000001 -1.0210248000000002 -0.7210840000000001 0.727288 0.6979890000000001
23760 2.26314738 9.09194724 -2.26164645 -0.26531 0.013227 0.650813
23780 1.03449393 12.274625160000001 -4.716844200000001 0.139528 -0.900723 0.81825
23800 1.96586514 15.53139801 -2.37465765 -0.57528 -0.691774 0.068439
23820 6.7954164299999995 17.427955500000003 -2.03860629 -0.359167 -1.7770669999999995 -0.440339
23840 8.514442350000001 12.964837140000002 -4.21553358 -0.076937 -2.065803 -0.141032
23860 5.334609330000001 8.20309257 -6.07586274 0.307368 -0.581969 0.347928
23880 5.57889795 9.23310333 -9.54175536 -0.108237 0.747954 0.8592719999999999
23900 5.16291471 11.0100573 -8.12136546 0.415044 -0.096692 0.376901
23920 7.590261870000001 9.055414800000001 -6.7237151399999995 0.200767 -0.798182 -0.36718
23940 6.662049480000001 7.5914586900000005 -5.61766707 -1.145058 -0.8038109999999999 -0.988664
23960 5.901176070000001 5.52515877 -3.3441995700000002 -1.939228 -0.733838 -1.54764
23980 5.555991600000001 3.1838747400000003 -0.6710530499999999 -1.828546 -0.229756 -1.694928
24000 4.537958850000001 2.3340933000000006 0.15462522000000004 -1.126623 0.526126 -1.388686
24020 2.9949733800000002 3.30856965 -0.89648685 -0.622055 0.400174 -1.497164
24040 2.3079006 3.9591198000000003 -2.48887548 -0.406018 -0.037976 -1.338065
24060 1.2439178100000001 5.883213960000001 -3.5196318000000004 -0.377529 -0.373416 -1.126996
24080 1.96735626 9.51242346 -2.37376494 -0.219074 -0.636273 -0.7986770000000001
24100 0.47331288 9.3556989 -2.01525849 -0.079513 -0.981437 -0.383858
24120 -0.7982887500000001 9.0929871 -0.9273196800000001 0.178745 -1.158179 -0.098748
24140 -0.40655583 7.16530248 -0.49591512000000004 0.792934 -1.1636879999999998 0.213197
24160 -1.1587375800000002 3.9493882800000004 -1.1648786400000002 1.688145 -1.484689 0.590534
24180 -0.9813629700000001 2.60668377 -4.03770771 2.129187 -1.485413 1.453534
