time Ax Ay Az Gx Gy Gz
20 -5.38624917 4.6997748 1.8540409500000001 -1.342065 -1.327125 0.311725
40 -8.069568660000002 6.946608149999999 1.9077801300000001 -0.426884 0.698229 0.251429
60 -10.72579293 10.316549160000001 2.1183910200000002 0.078716 0.381588 0.675177
80 -10.82234295 11.927645459999999 2.14129737 0.7624890000000001 -0.022781 0.772339
100 -7.6907064599999995 9.417070260000001 2.9526138000000004 1.311983 -0.814768 0.6842560000000001
120 -5.990545170000001 7.381750320000001 3.5880369300000003 1.684823 -1.393431 0.948248
140 -2.66865354 6.0478748100000015 3.5717229000000006 1.887854 -0.5368850000000001 1.022276
160 -0.46582785000000004 13.5727236 0.42781410000000003 1.291494 -0.08228300000000001 0.27618200000000004
180 4.90514715 24.784709940000006 0.26989272000000003 0.896548 -0.16384500000000002 0.23614
200 2.33260218 21.79722159 7.377257340000001 0.8655209999999999 -0.266624 0.390947
220 -6.4452975299999995 8.98087842 -0.29728224000000003 0.626455 0.09052 0.5287569999999999
240 -4.770583380000001 3.85897932 -6.24471246 0.344578 0.274858 0.76156
260 -2.7512831700000002 5.83905915 -8.238565529999999 0.278509 0.663266 0.656984
280 -1.06099074 9.33712857 -6.2297424 0.237734 1.477506 0.334121
300 -1.14945732 9.553134960000001 -2.8369048500000003 0.24974 1.488206 0.045771
320 -4.24966257 12.51682425 1.5370013700000003 0.39889 0.8150390000000001 -0.10508
340 -6.29710767 14.171633910000002 3.4822066500000006 0.211754 0.31579 -0.034177
360 -2.5881134400000003 9.70476813 1.78593993 0.011652 -0.21539 0.04095
380 0.42765714000000005 7.663915350000001 -0.42107463000000006 -0.420797 -0.098777 -0.241026
400 1.76946894 6.94405755 0.15297714 -0.617082 0.644192 -0.454857
420 0.23516532 7.4324974500000005 2.3628366 -0.375524 0.147632 -0.096816
440 -3.8907048600000005 8.220152160000001 2.0646518400000002 -0.135305 0.107801 0.065147
460 -5.4881848799999995 7.74669213 1.79910495 0.0074870000000000015 0.5281520000000001 0.049582
480 -4.97909493 7.88710266 1.01489355 -0.037595 0.375281 -0.043472
500 -4.12931349 7.731722070000001 1.18793214 -0.341037 0.7151310000000001 -0.319492
520 -2.4971060700000005 5.42920716 0.49442400000000003 -0.936203 0.8646010000000001 -0.6849
540 -1.32549777 2.7559233 -0.13861530000000005 -1.490774 1.282302 -1.03114
560 -2.5592328 1.73698803 3.16786482 -2.658985 0.32841 -1.7644689999999998
580 -3.53684835 3.01846833 5.01816816 -2.584918 -0.785389 -2.746356
600 -0.79424703 5.54342499 -1.6739685900000003 -2.46803 0.20517 -3.07689
620 -0.91175121 4.465364850000001 -1.0990143 -1.003015 0.878331 -2.193714
640 -1.3578217199999998 4.613407560000001 0.06047865000000001 -0.576475 0.588501 -1.4799950000000002
660 -2.63796786 7.4323404900000005 -0.32018859000000005 -0.224692 0.026185000000000003 -1.023891
680 -4.5891572400000005 7.908508080000001 -0.18800865000000003 0.100597 -0.409621 -0.480541
700 -5.3154504000000005 7.061414580000001 -0.18367263 0.4473180000000001 -0.352268 0.060192
720 -4.27989699 6.94345914 0.6300374400000001 0.877825 -0.276661 0.4925270000000001
740 -3.27922794 8.75798541 -1.24181847 1.0069709999999998 -0.287345 1.186719
760 -4.247720190000001 17.580795300000002 0.023504760000000003 0.955297 -0.157919 1.897628
780 -13.25598813 32.43440079 3.2446575 1.075759 0.217281 2.535717
800 -8.15159988 23.87415555 2.87163225 1.126863 0.488625 2.832692
820 -4.9793990400000006 19.644544619999998 5.50195812 0.929103 -0.397922 2.265221
840 -7.47770193 13.0956633 4.8100980600000005 0.970201 -1.397877 1.613038
860 -7.679326860000001 10.49063742 3.3090209100000005 1.213843 -1.471583 1.452464
880 -3.3750324000000003 7.07982795 1.9459508400000003 1.449233 -0.977589 1.322084
900 -0.36090009000000006 5.5184291100000005 1.4046742800000003 1.146228 0.091014 0.487521
920 0.17782587000000002 4.185446310000001 1.43700804 0.139605 0.289872 -0.150016
940 -0.32871348000000006 3.54448053 1.5530210999999998 -0.306938 0.685377 -0.101299
960 -1.4432962500000002 2.54350737 1.5123096 -0.345015 1.0614 0.202397
980 -1.25873091 2.79453546 1.4651529300000001 -0.422087 0.535399 0.207874
1000 -0.38694564000000004 5.310810270000001 -0.060772950000000006 -0.113981 -0.648563 -0.214678
1020 -0.3793134600000001 8.760683160000001 -1.75090842 0.230775 -1.7558169999999995 -0.405267
1040 -0.49651353 9.73425699 -0.62749665 -0.262238 -0.224046 -0.752505
1060 -1.34645193 9.771829290000001 1.56619593 0.091559 1.7284810000000002 -1.560111
1080 -1.9746941400000002 10.075851 2.97536319 -0.148926 0.563647 -0.96423
1100 -1.1627793 9.0867087 3.0772989000000006 0.266488 3.554558 -0.429982
1120 -0.23306598000000003 6.98313078 4.95379494 -1.375533 1.174973 -0.664866
1140 -2.02633398 1.33133472 3.43939581 -1.208256 1.103947 -1.162466
1160 -3.59642448 -1.03494519 -0.7774817399999999 -0.792539 1.398412 -0.304294
1180 -3.8983468500000003 -2.53991691 -3.1127816700000004 -0.163854 0.8772479999999999 0.542525
1200 -3.42233622 -3.20333778 -2.05657821 -0.21897 0.807954 0.8691040000000001
1220 -1.06832862 -1.36890702 4.57299036 -0.196774 0.8706969999999999 -0.45328
1240 -5.07698892 8.94794625 13.689786330000002 -0.6716310000000001 1.441995 -2.247669
1260 -6.560702370000001 16.97231043 -12.561724620000001 -1.556805 -0.081191 -3.383147
1280 -0.32796792 17.11930347 -7.347170070000001 -2.325905 -1.344373 -2.775878
1300 -9.477244800000001 25.568332740000002 21.897960480000002 -2.213018 -1.897293 -2.331068
1320 -11.768978520000001 17.50744593 -2.22182766 -0.950005 -0.361593 -1.45575
1340 -6.07825638 6.86517534 -0.18621342 -0.252904 -0.15217 -0.6200720000000001
1360 -3.0051463500000004 2.78974818 0.057329639999999994 0.104413 0.08735599999999999 -0.357237
1380 -4.05326637 7.6136194800000006 -1.25124588 0.434375 0.381431 -0.125641
1400 -6.707852370000001 10.89524106 -0.78706611 0.6120909999999999 0.330759 0.403367
1420 -9.60343083 13.45567068 -0.64455624 0.751139 0.025458 0.973023
1440 -9.08550207 11.75909985 3.8537407800000003 0.831692 -0.344198 1.4366
1460 -8.45097165 19.265986530000003 4.036658040000001 0.969023 -0.665037 1.897305
1480 -9.47380149 18.99849726 0.31689243 1.1909530000000002 -0.7673220000000001 2.507873
1500 -9.015752970000001 13.62900357 -1.3108220099999999 1.422376 -0.254682 3.04508
1520 -2.34891621 14.84852391 4.76339265 1.17791 0.03441 2.890246
1540 -3.9573245700000004 13.50985131 5.32248417 1.069666 -1.047764 2.149531
1560 -3.1781947500000003 12.20546466 3.88067904 1.859261 -1.924795 1.011036
1580 -3.08433267 7.74848736 1.9399667400000002 2.110692 -1.247488 0.579295
1600 -2.28649518 3.3196451400000004 1.46694816 1.025539 -0.8578450000000001 0.516736
1620 -2.38498758 2.06405343 1.43566407 0.218774 -0.136295 0.32751
1640 -3.12505398 2.7952908300000003 1.3624618499999999 -0.004256 0.316095 0.076477
1660 -3.1008036600000004 2.94707115 1.8751520700000002 0.192565 0.255392 -0.098327
1680 -2.12049036 3.46859037 2.19967668 -0.006118 -0.042166 -0.105743
1700 -1.3861137600000002 4.64619258 1.9160107200000003 -0.185626 -0.843576 -0.13588
1720 -1.4587175700000001 6.65995014 0.33470739 0.320918 -1.099119 -0.339249
1740 -2.8409465700000003 9.9284067 -2.23933851 -0.321631 0.8454209999999999 -0.949775
1760 -3.63115188 12.126729599999999 -0.86056263 0.4860390000000001 2.363255 -1.337047
1780 -2.1049218900000004 10.997029620000001 3.0252078000000004 -0.318742 0.21617600000000006 -1.035474
1800 0.86953878 8.91037395 4.17212433 -0.204092 2.062037 -0.005136
1820 -0.6970986 5.80237956 2.89347912 -0.403114 0.31103800000000004 -0.4433220000000001
1840 -1.65959694 3.9348694800000006 0.65653425 -0.521833 -0.009017 -0.222619
1860 -1.5712873200000002 2.28335598 0.19339434 -0.028828 0.06842000000000001 1.028409
1880 -2.4092379 0.5445629100000001 0.5312409300000001 0.207924 0.686919 1.195912
1900 -2.30835186 -0.56492847 0.38964339 -1.006789 2.39232 0.41185
1920 -1.6536128400000003 3.62261718 4.07332782 -1.275852 0.7666609999999999 -0.939247
1940 -3.63399678 14.761705410000001 5.92482798 -1.6509459999999998 0.022698 -1.312655
1960 -5.442087689999999 20.588482440000003 -8.486905680000001 -1.858155 0.202411 -1.319674
1980 0.21106215 16.10591085 -2.8427418000000007 -1.933557 0.101126 -1.499532
2000 -8.022421800000002 13.462106040000002 9.992770109999999 -1.71492 0.101033 -2.19769
2020 -14.040199529999999 16.48432179 -2.3781009600000003 -1.272683 -0.158682 -2.1013330000000003
2040 -8.18917218 7.18625664 0.70728138 -1.097961 -0.748992 -1.683818
2060 -4.70531745 8.74076886 -2.0676537 -0.413191 -0.264633 -1.3933719999999998
2080 -4.0863555 10.48539888 -2.52389718 0.27515300000000004 0.786623 -0.616518
2100 -4.81907421 8.31221901 2.114055 0.774924 0.975442 -0.051385
2120 -6.781348889999999 6.95034576 3.0967619399999995 0.959172 0.578133 0.577458
2140 -4.593650220000001 9.77407578 1.5633510300000002 0.8258479999999999 0.042198 0.984206
2160 -2.55398445 9.44640216 3.12101226 0.684451 -0.217437 1.565732
2180 -1.76692815 9.14882562 0.9919872000000001 0.697752 -0.144672 2.004771
2200 -4.1912832600000005 12.0661038 0.69515622 0.932479 0.047734 2.435589
2220 -8.17749828 21.155657400000003 2.1630069 1.0970030000000002 0.010337 2.587405
2240 -5.92482798 19.74903093 0.17035065000000002 0.996993 -1.168469 2.2944560000000003
2260 -2.9683294200000003 12.75512877 3.03015204 1.060598 -2.277585 1.7483240000000002
2280 0.5611810500000001 12.90226896 7.35764715 1.151819 -2.076159 1.115247
2300 -5.00468922 11.83034988 5.980215240000001 1.161328 -0.956728 0.352237
2320 -6.23049777 9.16140204 3.22744095 1.206034 -0.095033 -0.190143
2340 -4.954246200000001 5.809423140000001 1.0404878400000002 0.722616 -0.003274 -0.07399700000000001
2360 -2.42540478 2.59889463 0.27857457 0.041421 0.099423 0.142235
2380 -0.9845021700000001 1.67681349 0.54995841 -0.280947 0.221238 0.06184700000000001
2400 -0.61941321 2.5765965 1.24002324 -0.386135 0.016156 -0.242
2420 -0.8163980100000001 4.04474148 1.1731092300000001 -0.379716 -0.906596 -0.457621
2440 -1.71558261 7.06485789 -0.71536482 0.427072 -1.470255 -0.5922689999999999
2460 -3.2606674200000003 9.79697232 -0.88001586 0.8471700000000001 -0.35535900000000004 -0.843932
2480 -3.3275814300000004 8.25683175 0.49591512000000004 1.077365 1.3189110000000002 -1.489675
2500 -3.28596741 7.6034367000000005 1.55107872 -0.449452 1.788736 -1.241364
2520 -2.0131591500000003 9.136102050000002 1.3666605300000003 -0.384932 2.0342740000000004 -0.630205
2540 -0.62494605 8.61862455 0.45295713 0.176525 -0.727481 0.35361
2560 2.00882313 7.4603382300000005 1.74717081 0.025053 -0.27644 -0.154363
2580 -0.8038314000000001 4.45833108 2.50953534 -0.006376 0.6013069999999999 -0.117251
2600 -3.06742023 2.25999837 1.5211386 -0.124126 0.929325 0.538462
2620 -2.8776163500000003 -0.2576106 0.11780829000000001 -0.022968 1.198402 1.092163
2640 -1.2427111800000001 -1.45467585 -1.46739942 -0.517378 0.397716 0.621855
2660 -0.8535288600000001 1.5208344900000001 3.5390948399999997 -0.692651 0.213004 -0.451628
2680 -4.4560845900000015 12.11775345 0.72733302 -1.450072 0.699079 -0.937173
2700 -6.24021948 23.216424480000004 -8.491388850000002 -1.502731 0.429426 -1.123066
2720 -6.3559284300000005 20.48489865 4.117933890000001 -1.420072 0.0053 -1.424252
2740 -6.505619220000001 12.847480110000001 2.6672997600000006 -1.629565 -0.393251 -1.74033
2760 -6.396345629999999 18.880384860000003 -3.19181103 -1.680896 -0.950941 -1.558376
2780 -8.53435665 9.66944232 2.139649290000001 -1.051994 -0.706413 -1.183624
2800 -4.6568168100000005 6.90079545 -0.86265216 -0.136776 0.596757 -1.262222
2820 -2.33020854 6.05117097 -0.30641535000000003 0.2706 0.745957 -0.8322790000000001
2840 -2.87312337 9.47065248 1.3051322100000002 0.397279 0.3783780000000001 -0.661076
2860 -7.73097651 11.180702250000001 3.0069513900000002 0.180541 0.393951 -0.372053
2880 -9.97854561 8.465049 0.2200383 -0.123151 -0.231172 0.108395
2900 -4.85051526 7.48129239 3.3374601000000004 -0.217583 -0.562037 0.613428
2920 -2.3135904000000003 9.406141920000001 1.11623085 -0.142051 -0.598349 1.103248
2940 -2.5960497300000003 13.395192030000002 0.12603888 -0.063901 -0.674557 1.444654
2960 -5.412441870000001 19.209402450000002 -1.27145448 0.08719299999999999 -0.733688 1.714977
2980 -6.51101472 16.658105940000002 -1.66902435 0.409944 -0.558082 2.0086310000000003
3000 -3.1515507900000004 13.09716423 0.69260562 0.8959370000000001 -0.410731 2.03427
3020 -1.46230803 18.954783900000002 3.87453798 1.326582 -0.6556420000000001 1.63594
3040 -5.003943659999999 15.183525600000001 5.142402000000001 1.323007 -0.835491 1.061442
3060 -5.05214019 10.21909662 4.2776505 0.772213 -0.845717 0.633524
3080 -4.15490778 6.619680090000001 1.67023098 0.8769520000000001 -0.5819439999999999 0.380749
3100 -2.85950709 4.546042290000001 0.77329287 1.243535 -0.594426 -0.011917
3120 -1.07701047 3.7362267900000004 0.7024842900000001 1.083437 -1.037319 -0.204747
3140 -0.6709058999999999 3.45541554 0.57959442 0.538107 -0.948556 -0.084756
3160 -0.35985042 3.60405666 0.15657741000000003 0.073209 -0.177696 0.151358
3180 -0.65503332 4.0499800200000005 0.95995755 -0.029379 -0.6026239999999999 0.476994
3200 -1.46560419 4.57808175 1.37623509 0.208416 -1.034107 0.548642
3220 -3.2639635800000004 7.27786242 1.02626334 0.631397 -1.2505190000000002 0.222862
3240 -5.598655290000001 11.39401089 0.50190903 1.08834 -1.5001 -0.09623
3260 -6.774913530000001 12.319231230000002 0.9894464100000001 1.324588 -0.919402 -0.331401
3280 -5.34643038 10.440037440000001 2.6517312900000003 1.145166 0.6608609999999999 -1.088844
3300 -4.75366113 8.42253246 2.4905235600000006 0.100815 1.356272 -0.663331
3320 -3.8299319100000004 8.4075624 0.81445563 -0.65528 0.831357 -0.075077
3340 -0.448317 9.31932342 1.7552542500000001 -0.746829 -1.132141 0.05285
3360 0.79769034 7.820639910000001 3.56528754 -0.967328 0.365247 -0.190959
3380 0.9166954500000001 4.63391046 3.36425121 -0.365357 -0.95458 0.339434
3400 -0.24818319 1.6167861 0.75832281 0.684866 -1.455993 0.94348
3420 -2.42406081 -1.33521948 -0.6800390100000001 1.237318 -1.238677 0.73128
3440 -3.0713148000000006 -4.016449440000001 -2.25430857 1.224667 -0.171781 0.337787
3460 -1.6232214600000001 -2.46612609 -0.44652177000000004 0.616642 -0.453928 0.02839
3480 -1.2407688000000001 4.81982958 2.79169056 -0.876598 -1.466618 -0.371712
3500 -3.6016630200000006 18.18299196 2.10118428 -1.71118 -0.760847 -0.320762
3520 -4.96442898 24.34072896 -1.9715549400000003 -2.481096 0.273023 -0.32426
3540 -6.81517377 19.931349780000005 8.23303269 -2.571685 -0.816118 -1.202644
3560 -9.73291302 12.791651400000001 -7.234306020000001 -1.638494 -2.151952 -1.749889
3580 -12.775484520000001 7.08581205 6.157746810000001 -0.658728 -0.52174 -1.619084
3600 -3.81825801 8.75978064 -2.83614948 0.32261 0.648878 -1.108461
3620 -4.87431432 11.65207275 -1.96197057 0.652192 1.344924 -2.29705
3640 -5.9838057000000004 11.44714185 -2.4439653 0.626957 -0.972594 -1.607389
3660 -7.40525508 10.37851893 0.7432056000000001 0.70395 -1.5067959999999998 -0.75159
3680 -8.743770720000002 10.60035246 0.73017792 0.502772 -1.7268880000000002 0.115752
3700 -6.91411743 7.0364187 2.51117361 0.443796 -1.998238 0.625229
3720 -3.11711769 7.641754560000001 4.67867349 0.469449 -2.236793 0.8521770000000001
3740 0.9273196800000001 12.82143456 2.15057763 0.582892 -2.424452 1.062582
3760 0.7906565700000001 14.059966680000002 -0.73033488 0.72134 -2.160964 1.383678
3780 -1.39524687 12.80961351 -3.6266589000000002 0.772817 -1.877616 1.609069
3800 1.02267288 13.473181530000002 -1.720674 0.864236 -1.376595 1.710547
3820 -1.7961129 12.278362770000001 -0.33380487 1.04722 -0.991817 1.4987549999999998
3840 -10.82683593 17.130673260000002 2.6378109000000003 0.697284 -0.998243 1.012415
3860 -10.142608050000002 19.4346891 4.30938585 0.071232 -1.454452 0.025862
3880 -5.06606058 9.098676900000001 3.55570317 -0.249076 -1.950323 -0.8976149999999999
3900 -2.76280011 3.7769481000000003 1.5522755400000001 -0.294354 -0.372791 -1.355016
3920 -1.61663895 3.2768343 0.30476727000000003 -0.16686700000000002 1.342225 -1.180066
3940 -1.34001657 4.34695815 -0.25597233 -0.075049 0.984624 -1.076417
3960 -1.03449393 4.96756818 -0.12020193000000001 -0.257618 -0.122001 -0.967316
3980 -0.47256732 4.37899761 0.57345336 -0.473858 -0.635425 -1.32175
4000 0.16794720000000002 3.74311341 1.0093509 0.6205109999999999 0.296457 -0.082572
4020 -0.25012557 3.92543226 1.1404811700000002 1.220601 -0.811373 -0.350425
4040 -1.51559595 5.04421371 1.6416348300000003 2.080785 -3.199115 -0.182192
4060 -2.39382639 5.762413620000001 2.48677614 2.323338 1.279464 0.8980090000000001
4080 -2.6195544900000005 8.69108121 4.956943949999999 -0.315717 -0.704507 -0.966975
4100 -3.2615699400000002 12.091707900000001 8.09591832 1.016281 -2.254521 -0.248522
4120 -5.7583719 11.70790146 8.88447555 2.571562 -1.24805 0.586788
4140 -5.4666323100000005 7.32621591 3.4200897300000004 2.734768 -0.765885 1.078692
4160 -5.40600651 2.21883561 2.1838041 2.178116 -0.973578 1.285509
4180 -4.22601066 -0.02080701 1.656909 1.8989 -1.48564 1.177393
4200 -0.42301701 8.09561421 3.56962356 2.053109 -1.448526 1.086556
4220 1.11847734 17.927470890000002 0.74005659 1.956923 -1.488658 1.082731
4240 -0.10777265999999999 16.300953269999997 -12.294980910000001 1.662006 -1.37356 1.060227
4260 1.7580893400000002 23.08110534 -12.94598232 1.510859 -0.512576 1.130707
4280 -7.37351973 24.32112858 -3.6893742300000003 1.4611889999999998 -0.549007 1.2265469999999998
4300 -14.11474572 12.56831694 12.238249680000001 1.153153 -0.335473 1.373672
4320 -2.53886724 13.595482800000001 -6.4289835 0.112694 -0.7097939999999999 1.046418
4340 0.82418715 13.97673864 -2.25057096 -0.538143 -0.750113 0.771663
4360 0.56043549 13.84830612 -0.50595075 -0.166986 -0.913218 -0.318326
4380 -2.38379076 11.31302934 1.67262462 -0.610085 -1.0259459999999998 -1.3125870000000002
4400 -5.3667861299999995 9.680821920000001 1.8449176500000002 -1.342119 -0.665462 -2.113987
4420 -5.586687090000001 8.55036657 -0.03577707 -2.313713 -0.474312 -2.719223
4440 -3.34389546 6.84272025 -0.45460521000000004 -2.33191 0.21290100000000006 -2.730913
4460 -1.1907770400000002 5.86840086 -0.86565402 -2.708557 -0.554505 -2.303136
4480 -0.12484206 6.2266032 0.5081972400000001 -2.401243 -2.117624 -2.213528
4500 0.7836228 8.01792882 0.38290392 -1.608852 -2.09815 -1.6439970000000002
4520 0.89393625 7.54491024 1.3675532400000001 -1.100556 -1.887307 -1.531758
4540 -1.35573219 6.95618271 -0.052993620000000005 -1.05516 -2.314635 -2.330992
4560 -6.09143121 7.627539870000001 -2.3611885200000002 -0.936086 -3.29674 -2.9858580000000003
4580 -10.33420716 8.534052540000001 -2.8225332 -0.563048 -4.408802 -3.06408
4600 -11.383376850000001 8.940009960000001 -3.8956491000000004 0.031209 -4.571078 -3.224228
4620 -9.22172373 9.64249425 -3.5859474 0.5773699999999999 -3.766907 -2.871066
4640 -9.55463589 13.771964700000002 -5.023249740000001 0.8840290000000001 -3.115042 -2.317489
4660 -9.52259643 15.28950303 -3.52905921 1.13475 -2.925883 -1.887623
4680 -6.11598564 14.88250575 -1.3674060900000002 1.337818 -2.868755 -1.432283
4700 -2.7436411800000005 16.017885720000002 -5.4744116400000005 1.485532 -2.568464 -0.999007
4720 -0.49562082 15.143255550000001 -7.4805468300000015 1.632675 -1.960146 -0.605653
4740 0.51073803 12.34692486 -5.4091555200000005 1.7969689999999998 -1.286034 -0.164193
4760 -3.5708203800000002 10.944487259999999 -2.60742933 2.023755 -0.8978440000000001 0.330412
4780 -9.70955541 12.021801840000002 -2.9334450600000004 2.248984 -0.783718 0.8979969999999999
4800 -8.65844334 13.29624837 -4.0082188499999996 2.433503 -0.76615 1.4056
4820 -5.137918830000001 12.52849815 -3.85073892 2.411117 -1.111616 1.77015
4840 -3.2546833200000003 9.39940245 -2.39906493 1.654969 -1.689847 1.839317
4860 -1.4153083200000003 4.404287790000001 -1.16473149 0.5800930000000001 -2.01051 0.911412
4880 -1.55706282 2.19398688 -0.03412899 0.427169 -2.476625 -0.671095
4900 -3.1665110400000005 3.85957773 -0.21135645000000003 0.838094 -1.7580209999999998 -1.178688
4920 -3.89340261 4.9368825 -0.52092081 1.45885 0.077407 -1.439486
4940 -2.68272108 6.26910993 0.08412075 1.597407 1.470525 -0.96174
4960 -2.09878083 5.92991937 0.6231508200000001 0.352511 -1.488985 -0.638699
4980 -1.5320669400000002 5.01008472 0.7750881000000001 -0.393406 -1.686634 0.150033
5000 -1.87200306 3.8959532100000005 0.8300241 -0.28736300000000004 -1.289701 0.69399
5020 -3.19181103 3.6759051 0.7286868000000001 0.284968 -2.019626 1.0493
5040 -5.666913270000001 4.75336683 0.79574796 1.404178 -1.990801 0.596677
5060 -7.464978360000001 6.2206092900000005 2.32616682 1.818898 -2.687357 0.204156
5080 -8.31430854 7.9240765500000006 2.9178864 2.644282 -2.408451 0.33668200000000004
5100 -12.70871766 13.201650540000001 2.5182171899999997 1.700523 -1.529783 0.401603
5120 -12.838199850000002 16.13120103 2.09519037 1.512293 -1.230444 0.565479
5140 -7.95864699 9.50987286 1.86302691 1.7916880000000002 -1.031109 0.557561
5160 -5.415139620000001 10.246643100000002 0.71027343 1.639568 -0.768116 0.7217359999999999
5180 -2.07454032 19.33798212 -2.10626586 1.558347 -0.6491239999999999 0.8716360000000001
5200 3.69177768 18.65046789 -0.42975648 1.623043 -0.955043 1.127785
5220 -1.8182736900000003 4.59484704 2.74304277 1.310799 -0.580277 1.184944
5240 -3.73158666 3.37309002 -0.90127413 1.033333 -0.27403 1.030926
5260 -4.06404756 5.63503077 -8.09561421 1.062536 -0.420195 0.79524
5280 -3.62142036 11.880341640000001 -7.2411926399999995 1.243455 -0.902814 0.650776
5300 -2.62180098 12.12373755 -4.87850319 1.393969 -0.8374809999999999 0.698745
5320 -1.7004654000000003 12.1494888 0.98974071 1.342361 -0.584294 0.5645319999999999
5340 -3.7549442700000006 11.572739279999999 4.54679766 0.859259 -0.613208 0.4885560000000001
5360 -2.37586428 10.416836790000001 0.8674492500000001 -0.221916 -0.107237 0.36926
5380 -0.74005659 9.20749923 -1.3385156400000002 -0.701875 -0.476795 -0.036338
5400 0.9156457800000001 7.29582453 -1.0096550100000001 -0.672054 -0.283108 -0.54592
5420 0.93645279 7.578136710000001 -0.13321980000000003 -0.960739 0.019178 -1.2971469999999998
5440 -0.48559500000000005 8.41339935 1.15005573 -1.753254 0.795863 -2.231963
5460 -2.9615899500000005 9.04224978 1.19242512 -3.477554 1.124618 -3.2955589999999995
5480 -3.6169273800000004 8.75334528 -0.22318731000000003 -3.093617 0.443271 -3.469329
5500 -3.01413231 7.4800955700000005 -0.72149607 -2.184388 0.334773 -2.434141
5520 -2.3126878800000004 7.01037315 -0.7339253400000001 -1.669814 -0.07030499999999999 -1.481447
5540 -2.3882837400000003 7.60269114 -0.4167288 -1.6641720000000002 -0.161079 -1.164029
5560 -2.5884175500000004 9.170976600000001 -0.03637548 -1.45645 -0.474022 -1.405732
5580 -2.55983121 9.50733207 0.40640868 -0.858133 -0.658995 -2.019816
5600 -2.8247796899999997 9.76044969 0.9654903900000001 -0.5065069999999999 -1.073236 -2.095878
5620 -5.06187171 8.52821559 -1.26547038 -0.441981 -1.730389 -1.916192
5640 -6.20654175 9.04973481 -1.67561667 -0.238416 -1.942206 -1.603646
5660 -6.3162666000000005 10.16326791 -2.41028757 -0.091678 -1.687453 -1.2365469999999998
5680 -7.38309429 12.03467256 -0.63991611 0.021216 -1.484199 -0.7489100000000001
5700 -6.8415234300000005 11.91731553 3.93172047 0.350759 -1.157497 -0.152027
5720 -4.21703451 14.555283390000001 2.87507556 0.758411 -0.375802 0.6135970000000001
5740 -1.85764122 18.340913340000004 -0.23036823 0.989361 0.398376 1.280789
5760 0.36793386 16.938622889999998 -2.16988371 1.259711 1.210438 1.764473
5780 -0.10104300000000001 13.814471430000001 -0.20702043 1.373218 1.355882 2.056704
5800 -3.1811868000000003 11.183988600000001 0.9813629700000001 1.355588 0.682986 1.982668
5820 -6.93807345 9.84742515 0.8915426100000001 1.1643370000000002 -0.16858399999999998 1.187666
5840 -6.58226475 9.258697620000001 0.47615778 0.695267 -0.583607 0.68713
5860 -2.6927469000000004 9.99995103 1.08000252 0.5094310000000001 -0.308555 0.529519
5880 -1.07446968 9.37859544 1.15664805 0.6662600000000001 -0.302738 0.5370159999999999
5900 0.49696479000000005 7.60688001 -0.13905675 1.326998 -0.626 0.6178899999999999
5920 0.73452375 5.039573580000001 -0.2832147 1.857515 -1.108967 0.789925
5940 -0.7725473100000001 2.30295636 0.44097912 1.481473 -1.092299 0.67725
5960 -2.0272365 -0.04101561 1.2955576500000001 0.954361 -1.073772 0.23130100000000006
5980 -2.3685264 0.52286319 1.6340026500000002 0.8223860000000001 -1.163432 -0.408303
6000 -2.2547598300000002 2.21045787 2.40968916 0.314417 -2.017796 -0.76327
6020 -2.37286242 4.285135530000001 2.20850568 0.700393 -0.479643 -1.071261
6040 -3.0473587800000006 8.00295876 1.15349904 0.50056 1.580467 -0.59887
6060 -3.70165635 12.75048864 1.8883269 -0.998056 1.870126 -0.873559
6080 -3.70090098 12.06490698 0.7475416199999999 -1.123578 1.069319 -0.568967
6100 -2.2309607700000003 8.82055359 0.9129480300000001 -0.749919 0.764061 -0.213452
6120 -0.80472411 6.7539593700000005 1.15559838 -0.356844 0.801303 -0.276984
6140 0.22498254 5.76601389 1.1567952000000001 -0.235152 1.28805 0.436814
6160 -0.54292464 4.56385725 1.0484241300000001 -0.279974 1.054991 0.682491
6180 -2.6655045300000006 1.87200306 1.56739275 -0.566771 0.8831100000000001 0.225645
6200 -4.1197291200000015 -1.52697555 1.71318897 -1.345323 1.108217 -1.045924
6220 -4.56176772 -2.69230545 1.3720462199999999 -2.590585 1.124547 -2.183754
6240 -2.31523848 -0.15567489 1.8489593700000002 -2.759882 -0.055133 -2.730355
6260 -1.37788317 6.59513547 1.32205446 -2.011565 -0.380738 -2.672367
6280 -2.11510467 16.34960106 -1.01114613 -1.411534 -1.243201 -1.964181
6300 -6.180349050000001 28.539801360000002 4.6988820900000015 -1.001418 -0.221433 -1.031136
6320 -7.572456720000001 15.848143290000001 -1.3319331300000001 -0.127778 1.063246 -0.180648
6340 -10.75064166 8.940009960000001 4.30938585 0.17946900000000002 0.948855 0.186977
6360 -4.18679028 9.362281410000001 -1.3247424000000003 0.286492 0.577866 0.694537
6380 -4.049381610000001 7.75597239 1.07686332 0.378365 0.32121900000000003 1.126001
6400 -2.8681889400000005 8.99779086 -2.6129621700000003 0.443666 -0.250257 1.45727
6420 -2.9564985600000004 10.05624081 -0.29324052 0.673325 -0.90607 1.691518
6440 -5.74760052 11.63679858 0.9804604500000001 1.011674 -0.898409 2.14573
6460 -6.259388220000001 11.001816900000001 3.02640462 1.301931 -0.517291 2.755087
6480 -5.7754413 15.45909831 2.0240874900000003 1.62102 -0.018695 2.999164
6500 -10.66951296 22.58503326 4.03111539 1.918713 -0.007188 2.528006
6520 -11.61614853 18.64836855 1.22010894 1.543954 -0.673617 1.6802099999999998
6540 -5.72828463 9.86583852 -2.5453026000000003 1.10649 -1.203805 0.915124
6560 0.5824393200000001 8.24575626 5.507343810000001 1.075279 -1.002675 0.461722
6580 -5.3157447 12.507387029999999 7.807013820000001 0.733175 -0.756285 0.14816400000000002
6600 -5.54551452 9.126517680000001 2.8856997900000003 0.7462409999999999 -0.950259 -0.105733
6620 -4.23439821 4.71579453 1.11443562 0.6466029999999999 -1.026787 -0.328521
6640 -3.0469173300000003 3.3242852700000003 0.6165683100000001 0.51646 -0.742188 -0.524211
6660 -2.26030248 2.0014852500000004 0.28500993 0.6903060000000001 -1.2911629999999998 -0.5853189999999999
6680 -1.40452713 1.64358702 0.72509634 0.31448200000000004 -0.237185 -0.896942
6700 -0.35970327 2.66789817 1.51619436 0.309099 1.441378 -1.346716
6720 -0.57001005 4.54544388 0.94348656 -0.5142399999999999 1.348171 -1.034017
6740 -1.93427694 9.414372510000002 1.0731159000000003 -0.8346290000000001 0.8685790000000001 -0.968343
6760 -3.9035853900000004 13.655804490000003 0.6236020800000001 -1.423792 0.347662 -0.7250310000000001
6780 -4.50487953 12.50798544 1.08554517 -0.3614 -0.302898 -0.129255
6800 -3.17130813 9.31976487 3.16621674 0.477393 0.26308200000000004 0.395035
6820 -2.06136549 5.8799178 2.97371511 0.623973 0.777421 0.58127
6840 -2.257310430000001 3.60839268 0.8138572199999999 -0.8336680000000001 2.5828450000000003 0.30172
6860 -3.00035907 1.6262135100000001 0.40146444000000003 -1.645672 1.047446 -0.507424
6880 -2.8666880100000003 -0.48798864 -0.09939492000000001 -2.155222 0.8860889999999999 -1.005363
6900 -1.9374259500000002 -2.75951376 0.66715848 -2.722364 0.470309 -1.764025
6920 -0.72389952 -1.08928278 2.1574642500000003 -2.945888 -0.275394 -2.632027
6940 -2.6596675800000003 6.810239340000001 9.405092250000001 -2.488621 -0.186336 -2.92164
6960 -3.5106458400000005 19.798424280000003 -2.10042891 -1.85257 -0.522894 -1.627422
6980 -4.1733211500000005 26.376500160000003 -4.18095333 -1.116829 0.456455 -1.024265
7000 -11.03160987 14.44211523 0.9229836600000001 -0.265583 1.122874 -0.320556
7020 -12.968584560000002 10.33779762 2.8285173000000006 0.300941 0.7022520000000001 0.21271
7040 -1.00875249 10.85707035 -1.5507746100000002 0.5749 0.600517 0.640975
7060 -2.11225977 9.18998838 -1.02596904 0.688806 0.119698 1.1690200000000002
7080 -3.43685502 8.8991415 -2.59650099 0.8584430000000001 -0.8850049999999999 1.591303
7100 -6.43571316 6.809042520000001 4.481826030000001 1.134882 -1.479589 1.924077
7120 -5.8998321 8.73942489 1.1298471300000001 1.593832 -1.2050459999999998 2.399085
7140 -3.39658497 10.348882920000001 3.16442151 2.04846 -0.309223 2.556005
7160 -3.28312251 11.829005910000001 1.6199351100000001 1.958668 -0.040959 2.148041
7180 -5.863005360000001 15.633941940000001 3.29225562 1.58576 -0.664146 1.407026
7200 -12.5576829 21.84362289 3.10409982 1.607448 -1.488091 0.977739
7220 -7.8540135300000005 18.24436332 -1.10934423 1.65999 -1.933549 0.709485
7240 1.7847431100000002 15.651148680000002 8.24545215 1.509126 -1.87103 0.391089
7260 -3.3756308100000005 9.56256237 8.233474140000002 0.8256370000000001 -0.8853059999999999 0.098769
7280 -6.6752145 7.527997800000001 3.17759634 -0.001873 0.396946 0.102028
7300 -6.2325873000000005 4.966077060000001 0.7632670500000001 -0.26481 0.384696 0.196347
7320 -3.65180193 2.1168999000000004 0.2544714 -0.438377 -0.05768300000000001 0.152972
7340 -2.0155626 1.87844823 1.4126105700000002 -0.064476 -0.851957 -0.276028
7360 -1.82650428 3.0006631800000005 2.4152318100000008 0.653532 0.189868 -0.8940530000000001
7380 -2.2628432700000003 4.4698578300000005 3.20723235 0.739803 0.774457 -1.70498
7400 -2.4263073 5.47995429 2.8692288 -0.2793 0.70905 -1.248406
7420 -2.44472067 7.3196334 1.0897340400000002 -0.13173 1.808991 -0.456164
7440 -2.30416299 8.41999167 -0.8020361700000002 -0.532149 0.403954 -0.124944
7460 -1.5968816099999998 7.3112458500000015 -0.73796706 -0.304064 0.582158 -0.132125
7480 0.015264360000000001 8.09905752 0.85247919 0.11846 0.361204 -0.121413
7500 0.5334874200000002 9.40030497 1.74132405 -0.393805 1.295137 0.134458
7520 1.24376085 9.21618108 4.0433877 -0.52758 1.433163 0.365151
7540 0.76535658 6.0412824899999995 5.911506 -0.191594 0.5092840000000001 0.411411
7560 -2.8611453600000005 1.6949227500000001 3.19869765 -0.581906 0.6844680000000001 -0.16838
7580 -5.02685001 -0.6421626 0.11061756 -1.321808 0.607598 -1.081438
7600 -4.752464310000001 -2.5709067000000005 -2.4307904700000003 -2.159564 0.301316 -1.815425
7620 -2.12199129 1.3964436900000001 0.0009025200000000001 -2.119376 -0.40778 -2.210546
7640 -3.32368686 16.04573631 3.3120129600000006 -1.627338 -0.32410100000000003 -1.453051
7660 -4.450846050000001 24.03117441 -7.4297997 -1.148396 -0.377726 -1.245607
7680 -5.5642320000000005 16.923956940000004 2.46312423 -0.536343 0.32413200000000003 -0.937788
7700 -11.70385974 9.401050530000001 2.2501197 -0.155959 0.076544 -0.357974
7720 -7.896530070000001 10.76531742 -1.2249060300000003 0.221627 -0.469879 -0.168765
7740 -4.89258054 8.928336060000001 -1.5236793900000003 0.371132 -0.555996 0.191312
7760 -3.4326661500000006 9.51885882 0.62794791 0.255859 -0.536324 0.698955
7780 -1.98471996 8.70275511 3.68652933 0.28092 -0.361722 1.235154
7800 -4.422249900000001 11.640094740000002 -0.30282489 0.460676 -0.33408000000000004 1.625207
7820 -7.268739120000001 12.59884566 2.32691238 0.731424 -0.393372 2.09826
7840 -7.195684050000001 8.67161817 0.98210853 1.083609 -0.508866 2.43629
7860 -4.11224409 8.87789304 3.1014020700000002 1.364087 -0.980919 2.227346
7880 -3.06038646 14.30724735 2.6521825500000005 1.844217 -1.280919 1.443804
7900 -4.98119427 21.47224572 0.32423030999999997 1.871451 -0.889547 0.518413
7920 -4.95230382 16.943263019999996 0.37436922000000006 1.227556 -0.48931 0.08825
7940 -4.869968490000001 12.983397660000001 1.6151380200000003 0.34894899999999995 -0.323362 0.375661
7960 -3.14376165 15.34398777 3.14301609 0.242062 -0.564859 0.65403
7980 -6.47837685 13.972098509999999 4.58301618 0.6268729999999999 -1.128608 0.641417
8000 -4.78854549 9.02113866 3.6784458900000003 0.353351 -0.827016 0.316517
8020 -1.5486752700000002 5.68742598 1.5271227 -0.104609 -1.101631 -0.14139300000000002
8040 0.42481224000000006 3.0990084300000005 0.30565998000000005 0.477502 -0.8359120000000001 -0.495521
8060 1.3662092700000001 1.5606532800000001 -0.032186610000000004 0.12486300000000003 1.057392 -1.331487
8080 1.20933756 1.68923295 0.06615864 0.321515 1.578594 -1.838187
8100 0.39756987000000005 3.71722482 0.19159911000000002 0.05075 2.133687 -1.093034
8120 -2.28005982 7.31184426 0.48902850000000003 -1.564898 2.008784 -0.425839
8140 -4.89676941 10.68986871 0.38155995000000004 -0.916211 0.6003109999999999 -0.410957
8160 -5.510787120000001 9.981694619999999 1.30154175 -0.111053 0.6005010000000001 -0.091276
8180 -2.80337427 8.254585259999999 3.27563748 0.296518 0.700116 0.4840100000000001
8200 1.22924205 8.02750338 3.96061092 -0.111927 0.911767 0.656075
8220 1.35678186 5.04525357 3.02011641 -0.778012 0.895407 -0.002309
8240 -1.4612583600000002 1.02461526 -0.45475236 -0.7504850000000001 0.25958200000000003 -0.5941649999999999
8260 -3.9146608800000005 -2.12812254 -1.445994 -1.231276 0.6059770000000001 -1.2869700000000002
8280 -4.68300951 -4.53601647 -1.2488522400000002 -1.704141 0.130802 -2.192312
8300 -2.81729466 -3.69312165 1.06263882 -1.973549 -0.341853 -2.30682
8320 -1.02267288 5.4943259399999995 7.24014297 -1.994133 -0.253889 -1.909698
8340 -4.299055920000001 23.25443823 7.272329580000001 -1.496207 -0.975772 -1.370115
8360 -3.0286511099999998 18.70270614 -15.30941733 -0.912134 -0.383206 -0.8796860000000001
8380 -1.9589785200000003 24.530238540000003 10.1601189 -0.340879 0.151036 -0.4448180000000001
8400 -13.22604801 12.81844251 -0.7312275899999999 0.08871 -0.116986 -0.391268
8420 -6.14203119 10.372230720000001 -2.76879402 0.422365 -0.382368 -0.116201
8440 -3.5723213100000004 5.88516615 -0.69575463 0.438789 -0.814394 0.548902
8460 -4.55263461 7.23700377 -0.50579379 0.486753 -0.941595 1.147604
8480 -6.03260064 10.892700270000002 -0.5170262400000001 0.7295689999999999 -0.779323 1.647952
8500 -6.8511078 11.02622418 2.02124259 0.8980879999999999 -0.555972 2.123133
8520 -7.16918724 11.77226487 1.85209857 1.094165 -0.085772 2.648397
8540 -3.1448113200000005 12.05038818 1.5060213900000003 1.411385 0.369564 2.789967
8560 -1.99579545 17.555946570000003 1.5190392600000002 1.6904279999999998 -0.039478 2.010502
8580 -8.15533749 21.630618360000003 3.0777501600000003 1.601984 -0.610956 1.4113440000000002
8600 -8.28108207 16.2683154 1.2088863 1.424326 -1.387379 0.992355
8620 -3.5354945700000004 12.744945990000002 0.23500836000000003 1.662591 -1.371137 0.454546
8640 -0.46058931000000003 11.776610699999999 4.1674842 1.499323 -0.515976 0.12757000000000002
8660 -3.84864939 12.02584356 5.3172456299999995 0.432201 0.349682 0.090165
8680 -4.854556980000001 10.14291216 3.57262542 -0.101726 0.544098 0.152416
8700 -3.1296941100000004 6.09771942 1.8242577900000003 -0.015232 0.629699 -0.016937
8720 -1.41860448 2.4917203800000003 0.80682345 -0.17711400000000002 -0.328305 -0.328761
8740 0.26135802 1.2543948900000002 0.9922913100000001 1.901771 -1.927866 -0.386965
8760 -0.3176379900000001 1.21517451 0.84992859 1.976909 -0.896752 -0.167708
8780 -0.84004992 1.9336785300000001 0.8972324100000001 0.276809 1.44793 -0.560738
8800 -0.9592021800000001 3.66348564 1.12027257 -0.35386100000000004 0.146787 -0.170371
8820 -1.45467585 8.00040816 1.6853481900000002 -0.383414 -0.467336 1.050119
8840 -3.51484452 12.58702461 0.6484508099999999 -0.509219 -0.912116 1.298706
8860 -4.07767365 10.056839219999999 0.98105886 -0.508686 -0.018603 1.361658
8880 -3.8082321900000005 9.664056630000001 1.32833286 -0.380273 -0.280555 1.490009
8900 -2.4812433000000005 9.623933730000001 2.51925705 0.353524 -0.4224020000000001 1.162031
8920 0.54936 8.224645140000002 4.17272274 0.443356 -0.310275 0.750182
8940 0.54816318 5.5616814 5.206922370000001 -2.319219 0.684606 -0.560802
8960 -2.95201539 1.52802522 3.0075498000000005 -3.297367 0.564549 -1.921986
8980 -3.4757712900000004 -0.8867553300000001 -2.17767285 -3.932354 -0.727947 -3.4213440000000004
9000 -4.0055211 -4.157899830000001 -3.0473587800000006 -3.000882 -0.406146 -4.7815059999999985
9020 -1.65555522 -1.11278754 -6.753056850000001 -1.405612 0.260172 -4.164467
9040 -1.08823311 8.439150600000001 1.88503074 -0.496357 -0.217941 -2.0744700000000003
9060 -4.966371360000001 27.28271853 0.6191091000000001 0.524771 0.151544 -2.917047
9080 -3.6259133400000003 28.125309240000004 -1.6515135 0.740149 -1.003803 -4.286728
9100 -3.9044781 9.31288806 1.1139843600000001 1.053091 -2.620355 -3.361663
9120 -6.878046060000001 9.4513464 -0.6448603500000001 1.346323 -3.363675 -2.877962
9140 -11.155255109999999 11.770322490000002 0.11840670000000002 1.351669 -3.921117 -2.008746
9160 -8.643473279999998 12.79000332 -3.4274178000000006 1.35259 -3.807396 -1.1457620000000002
9180 -7.206318090000001 11.90354229 -1.58879817 1.433509 -3.185015 -0.482629
9200 -6.76114029 7.43907996 0.6707587500000001 1.557984 -2.753823 0.268648
9220 -5.616323100000001 5.749847010000001 8.61668217 1.829296 -2.43819 0.754043
9240 -10.22658165 6.386918220000001 2.9024650800000003 2.190207 -1.903367 1.225897
9260 -8.86921119 11.17905417 0.03517866 2.943325 -0.8431690000000001 1.84189
9280 -4.02902586 17.17991946 -0.26180928000000003 3.002998 -0.656486 2.523593
9300 -0.18666468 25.386906600000003 -3.26006901 1.536569 -1.879006 2.358956
9320 3.2651604000000005 29.689111529999998 -0.057633750000000004 -0.134967 -3.214389 0.229639
9340 -6.4830169799999995 19.68242103 1.70570394 -0.384318 -2.8682380000000003 -1.400516
9360 -16.44360048 15.385307490000002 3.00021192 0.198665 -0.78819 -1.796488
9380 -8.84795292 14.1104097 3.09241611 0.6395850000000001 2.297706 -1.860388
9400 -3.99040389 10.268941230000001 0.7687998900000002 0.420562 2.375642 -1.7135349999999998
9420 -1.62037656 7.35854967 0.07679268 -0.46634 -0.420132 -1.3550879999999998
9440 1.8067469400000002 4.51820151 -0.3586536 0.225542 0.323096 -0.008453
9460 3.4396999200000002 2.7881001000000003 -0.9681881400000001 -0.4653060000000001 -0.8507950000000001 0.8449399999999999
9480 2.1814104600000004 1.8106317000000003 -1.1229605100000002 0.059841 -0.7106399999999999 2.36744
9500 1.49150259 0.8514295199999999 -0.41942655 1.304568 -3.009229 2.285077
9520 0.47046798 0.43424946000000003 -0.15014205 2.3545 -4.5159970000000005 1.227188
9540 -0.34308513000000007 -0.01946304 0.7146094500000001 2.118766 -3.090127 0.500528
9560 -0.79424703 2.02243941 1.6423803900000002 0.994445 -2.586983 -0.471507
9580 -3.03523362 5.773194810000001 1.9669050000000001 1.325002 -2.219171 -0.298754
9600 -9.12667464 16.55841672 3.0582871199999997 1.7166419999999998 -2.571205 0.283409
9620 -11.56525425 25.18318233 4.568046120000002 1.887656 -1.641239 0.672245
9640 -5.24404341 15.27364026 7.404803820000001 1.7661919999999998 -1.484487 1.270468
9660 -4.918920389999999 10.456351470000001 7.701929100000001 1.6646040000000002 -1.926455 1.593996
9680 -7.469167230000001 24.49940571 -0.8482903200000002 1.480974 -1.604663 1.467319
9700 -1.02162321 28.5567138 -2.9147373900000004 1.285399 -1.202488 1.229361
9720 -2.35879488 -0.12229146 0.9036677700000001 1.430862 -1.302401 1.047839
9740 2.15402094 -4.966675470000001 0.9337550400000001 1.509949 -1.769177 1.025489
9760 2.4944083200000002 -0.00703377 -2.21359707 1.240479 -1.7402509999999998 0.951998
9780 -0.03847482 9.46720917 -9.45778176 0.946781 -0.830767 0.73941
9800 -5.473371780000001 18.31994937 -10.174490549999998 0.373359 -0.231363 0.258209
9820 -8.282877299999999 16.14781917 0.07784234999999999 -0.410217 -0.239898 -0.124335
9840 -8.899896870000001 11.203000379999999 5.716914840000001 -0.8694870000000001 -0.90708 -0.445018
9860 -4.402796670000001 10.57715181 3.8556831600000003 -1.238138 -1.3138450000000002 -0.966228
9880 0.78422121 9.99636057 -0.6255444600000001 -1.461335 -0.274352 -1.783104
9900 2.61236376 8.89405011 -1.01698308 -2.496314 1.227263 -2.643631
9920 3.1702584600000003 8.13753234 -0.9505203300000001 -2.456705 0.5694229999999999 -3.334719
9940 1.8684126 8.15429763 -0.48394692000000006 -1.6678959999999998 -1.279205 -3.126014
9960 -2.31328629 7.93934091 0.83780343 -1.154574 -1.248698 -2.409964
9980 -3.08628486 7.639665030000001 0.56313324 -0.630552 -1.177992 -1.898989
10000 -2.35549872 7.992481680000001 -0.53064252 -0.305039 -1.694452 -1.96442
10020 -1.23852231 7.82901765 -0.39637305000000006 -0.0026420000000000003 -2.413166 -2.312831
10040 -0.03726819 8.203543830000001 -0.25956279 0.355145 -2.407922 -2.867951
10060 -0.8940932100000001 9.588764880000001 -0.43993926 0.56707 -2.85982 -2.996214
10080 -2.92805937 10.7382222 0.621954 0.918461 -3.169231 -2.914315
10100 -5.27099148 11.155255109999999 1.73668392 1.062596 -3.468514 -2.521955
10120 -6.46266123 9.346261680000001 0.04266369 1.025451 -3.458334 -1.839634
10140 -6.163878060000001 9.03386223 -2.69364942 1.037359 -3.23201 -1.173271
10160 -7.034770620000001 11.47349151 -1.79746668 1.139608 -2.892889 -0.5544899999999999
10180 -6.5848055400000005 12.080328300000001 -0.9330094800000001 1.259584 -2.490644 -0.018989
10200 -5.51168964 11.34685422 1.48057425 1.2764879999999998 -1.932872 0.340406
10220 -3.5194846500000003 11.51585109 -0.98464932 1.235918 -1.18815 0.617974
10240 -2.1534225300000003 13.75893702 0.31404753 1.387668 -0.727024 0.787222
10260 -1.7625823200000001 14.487918120000002 -1.6687300500000002 1.220406 -0.948823 0.987164
10280 -1.70749917 11.076961500000001 -3.33506646 0.682413 -0.94201 0.815686
10300 -5.3331084 9.44880561 -0.64650843 0.302282 -0.477969 -0.080597
10320 -8.2108719 10.80153594 -1.3825233000000001 0.828973 -0.400021 -1.114262
10340 -6.8591814300000005 12.298129920000001 -1.36351152 1.536815 -0.003318 -1.2999690000000002
10360 -4.704866190000001 12.263843970000002 -0.9768699900000001 2.476598 0.90246 -0.590607
10380 -2.9901861000000003 10.34708769 -0.7445495700000001 1.501004 -0.775162 0.206963
10400 -1.68683931 7.503296220000001 -0.5954571900000001 -1.03249 -2.286862 0.02456
10420 -0.76550373 5.55914061 -0.03233376 -0.166974 -0.015708 0.342821
10440 -1.01997513 5.42172213 0.9662359500000001 -0.484343 0.050837 0.759262
10460 -1.4925424500000002 6.195319110000001 1.3850739 0.348691 -0.026074 1.687055
10480 -1.33537644 6.786881730000001 2.0202027300000003 0.682031 -1.788158 1.959765
10500 -0.89797797 5.99652927 2.4840882 1.833638 -3.382622 1.697456
10520 -1.63445391 4.73929929 1.83803103 3.011636 -2.186282 1.201019
10540 -2.9530552500000002 4.47674445 3.16397025 2.774966 0.111308 0.128199
10560 -5.184918540000001 5.297929740000001 4.56640785 1.255297 -0.845792 -0.031809
10580 -8.98087842 9.377997030000001 5.30197146 1.015628 -1.455322 0.223672
10600 -13.262119380000001 12.16085859 2.074089060000001 1.249633 -0.97317 0.391331
10620 -10.90407006 8.364006 -0.9593591400000001 1.414513 -1.028071 0.923459
10640 -7.59056598 6.1887267900000005 0.21330864 1.33546 -1.188943 1.26174
10660 -5.11755327 13.190869350000002 0.26195643 1.135556 -0.578852 1.246743
10680 0.10537902 25.03813167 -1.00800693 1.15141 -0.216395 1.167341
10700 0.4573029600000001 20.563035300000003 9.15016959 1.308675 -0.704399 1.05797
10720 -1.3662092700000001 3.5860945500000003 -1.9655610300000002 1.434498 -0.994552 0.782551
10740 1.22280669 2.09310084 -0.43589754000000003 0.967521 -0.7266600000000001 0.26192600000000005
10760 2.2902327900000006 5.09210613 -6.96381489 0.480761 -0.231426 -0.6169819999999999
10780 -0.30506157000000006 11.737694430000001 -7.981553340000001 -0.192496 0.04757 -0.8057770000000001
10800 -3.32084196 15.1342794 -4.50533079 -0.504077 -0.214302 -0.5822229999999999
10820 -6.327037980000001 12.632229090000001 -0.5089428 -0.757685 -0.987349 -0.714395
10840 -6.959027610000001 10.020463740000002 3.16067409 -1.07235 -1.342803 -1.32716
10860 -2.6716455900000002 7.90535907 4.41791388 -1.682969 -0.405959 -1.9789
10880 0.83346741 7.7505866999999995 0.45266283000000007 -1.636773 2.087167 -2.6462060000000003
10900 1.54015038 7.70792301 -1.8694622699999999 -3.841839 2.353664 -2.909778
10920 1.36022517 8.147852460000001 -0.5998030200000001 -3.124912 0.370399 -2.269841
10940 -0.00913311 8.74661562 1.20185253 -2.249527 -0.305246 -1.63261
10960 -1.52353224 7.93035495 1.0124901 -1.3936540000000002 -0.748955 -1.171
10980 -1.72441161 8.57656908 0.016461180000000002 -1.100411 -0.104394 -1.442175
11000 -2.53034235 9.58666554 -0.07753824000000002 -0.7806489999999999 0.06344 -2.3972830000000003
11020 -4.53841011 9.91238697 1.0383885000000002 -0.459263 -1.121938 -2.211921
11040 -6.7677228000000005 8.810233470000002 0.69245847 -0.351979 -1.333654 -1.841296
11060 -6.37629399 8.30188908 1.02776427 -0.12677 -1.400976 -1.4518719999999998
11080 -3.8118226500000003 9.07682022 0.5809383900000001 0.185431 -1.28984 -1.010795
11100 -1.6001679600000003 10.97143533 -1.0867419900000002 0.516786 -1.072713 -0.452215
11120 -3.3934457700000005 11.382484140000003 -3.09631068 0.7951779999999999 -0.664083 0.21364
11140 -4.27690494 12.404254500000002 -2.9849475600000006 0.963483 -0.184268 0.75579
11160 -4.3900731 11.225004210000002 -3.2437549800000003 1.017126 0.124673 1.238605
11180 -5.02384815 14.293326960000002 -0.48184758000000005 1.047982 0.344227 1.717102
