time Ax Ay Az Gx Gy Gz
20 13.236819390000003 27.510840270000003 -4.6678923 2.71979 1.402356 -0.073598
40 4.290972480000001 4.49305848 3.65016366 3.420809 2.27828 0.316872
60 -1.7404313400000002 4.941826740000001 2.02738365 3.965962 1.815262 0.814792
80 -3.2407629300000003 5.78022858 2.68302519 3.844694 0.354702 0.936526
100 -1.2769971300000003 15.20866863 -0.60803361 2.349741 -0.313733 1.027353
120 4.641395490000001 22.76256483 -0.48199473000000004 1.59656 -0.6482600000000001 1.15498
140 5.05603476 10.400218650000001 -3.51169551 1.262492 -0.016575 0.385922
160 0.08248248000000001 11.52902592 -7.05483207 0.740783 -0.284585 -0.602279
180 -1.31142042 11.94935499 -7.36453377 0.539609 -0.386496 -1.049002
200 -0.10238697000000001 8.27658909 -6.21268281 0.057807 -0.256789 -0.30157399999999995
220 2.90605554 7.5239560800000005 -7.09929099 -1.12724 0.307664 -0.038178
240 2.42286399 7.828272090000001 -3.12594669 -2.931741 0.719727 -0.022469
260 0.07813665 7.530538590000001 -3.0208717800000002 -4.440805 0.741185 -0.616286
280 -1.31127327 5.3374542300000005 2.0389104000000002 -4.497235 1.498387 -1.313063
300 -1.39345164 3.03493932 3.21067566 -3.964525 0.888035 -1.521136
320 2.5036983900000003 2.39531751 2.62344906 -2.815742 -1.788603 -1.285356
340 7.12937826 8.0198712 -0.14010642 -1.595204 -2.021459 -0.323678
360 4.32361035 14.16564 1.29181023 -0.803602 -1.579673 0.13100699999999998
380 0.15014205 11.32021026 0.12379239 1.102434 -2.444758 0.097359
400 1.5555618900000003 7.8740749800000005 -2.4748079400000003 -0.585507 -3.456182 -0.184463
420 0.89244513 6.43571316 -5.014872 -0.486085 -4.187488 -1.202984
440 2.8801571400000006 5.29673292 -8.86187331 -0.36746 1.895362 -1.337068
460 4.8358395000000005 5.00289399 -8.38227222 -1.529917 2.041351 -0.34231500000000004
480 4.59169803 6.60052116 -2.9642877000000003 0.517085 1.896974 1.7509290000000002
500 3.9031341299999998 10.138713480000002 -0.12603888 0.46785 -0.879396 1.858828
520 5.4109507500000005 13.676307390000002 -0.09834525 0.186766 -2.266651 0.572503
540 5.996382120000001 12.33045387 -5.29957782 -0.132874 -1.884805 -0.333935
560 2.8951272 7.028629560000001 -11.194622640000002 -0.73237 -0.540606 -1.632393
580 -2.11330944 2.3972697000000003 1.14421878 -0.328589 -1.241282 -1.252661
600 -7.536228390000001 -1.4688905399999999 2.09878083 -0.183849 0.714903 -0.398511
620 -14.96961855 -1.16757639 -4.13424792 0.144318 1.102763 0.090394
640 -2.13500916 13.87943325 11.207493359999999 0.783633 0.214202 0.099203
660 10.735377300000001 46.08690912 -17.34053859 1.711914 -0.209943 0.135072
680 19.305059760000002 14.57758152 -7.6791797100000005 2.264225 -0.110415 0.074709
700 11.45433258 7.47096246 0.43035489 2.538857 0.097091 0.424602
720 -0.05747679000000001 7.577989560000001 3.64507227 3.006453 -0.029138 0.949322
740 -2.19728304 9.77333022 3.8941481700000002 2.764021 -0.05058 1.459335
760 -1.95254316 16.93204038 -0.32227812 2.084777 -1.203519 2.124775
780 1.9243982700000002 15.20882559 -0.5448670200000001 1.3654110000000002 -1.838719 2.023356
800 5.20766793 10.45381068 -3.3560206200000002 0.7412989999999999 -0.941702 1.485872
820 2.05657821 11.51300619 -7.25765382 0.480296 -0.29133600000000004 1.575083
840 1.2454089300000002 9.27950463 -6.378540480000001 -0.423774 -0.213127 1.981001
860 2.24937414 7.587721080000001 -6.45323382 -1.412576 0.185073 2.092157
880 2.0700473400000003 7.41782169 -5.794296120000001 -1.76717 -0.143061 1.608332
900 1.05874425 6.142629600000001 -5.4823479299999995 -1.795346 -0.636937 0.731758
920 -0.53183934 5.49806355 -2.98569312 -2.036766 -0.727943 -0.009021
940 -1.47667968 6.93477729 -0.09879651 -2.19736 -0.700626 -0.5731310000000001
960 1.15529427 8.88268032 3.2310314100000004 -1.901418 -0.711051 -1.1521629999999998
980 6.549332580000001 11.55717081 1.7238132000000002 -1.598527 -1.009388 -1.665616
1000 8.90677368 12.880117980000001 -0.29878317000000004 -0.909799 -1.857611 -1.929979
1020 6.84092502 12.492426779999999 -2.02932603 0.545078 -3.548047 -1.632435
1040 3.9908551500000002 11.42065485 -2.88734787 0.6652060000000001 -1.77719 -0.232358
1060 1.14766209 11.212133490000001 -5.162610600000001 -0.347114 0.394503 0.478838
1080 -0.8604154800000001 9.66420378 -4.61221074 -0.247517 0.817833 0.8208219999999999
1100 -1.7899816499999999 7.0924043700000015 -2.06330787 -0.405586 1.077959 0.6420600000000001
1120 -0.8542744200000001 5.069356740000001 -0.84753495 -0.623793 -0.289091 0.108177
1140 -0.09759969 4.684657590000001 -1.6262135100000001 1.805729 -3.017719 -0.284758
1160 -0.52705206 4.99900923 -2.54590101 -0.549399 -2.112193 -1.182584
1180 -0.90875916 6.398592120000001 -2.38050441 -0.796492 -1.64104 -1.043909
1200 0.63632565 9.84922038 -5.30526762 -0.760829 0.279333 0.069103
1220 3.0801438000000005 15.18337845 -14.027328810000002 1.424139 -1.614599 0.805706
1240 8.09022852 12.465027450000001 -12.63896856 0.024572 -2.790138 0.29003
1260 6.97234959 7.663464090000001 -3.8158643700000003 -1.383987 0.291804 -0.377509
1280 6.41086443 5.34942243 -0.79424703 -1.731426 1.127693 -1.0529190000000002
1300 2.42855379 4.0300657200000005 0.8098155 -1.904343 0.165266 -1.0486209999999998
1320 -0.06706116000000001 -0.28650105 1.4714411400000003 -1.662418 0.70626 -0.684429
1340 -3.8094290100000006 6.509660940000001 -20.04661728 -1.610937 0.247016 -0.967628
1360 -3.3934457700000005 26.272465110000002 14.442262379999999 -1.530684 -0.5728810000000001 -1.128386
1380 -0.96159582 24.41288151 10.63448145 -1.502977 -0.707643 -1.017993
1400 9.449099910000001 23.33242773 2.14983207 -1.404174 -0.148477 -1.07784
1420 6.094276110000001 12.838356809999999 -12.009225420000002 -1.15198 0.140557 -1.115973
1440 -4.77327132 13.92554025 8.52163308 -0.882448 0.6727390000000001 -0.969494
1460 -7.490876760000001 13.23817317 9.2432763 -0.608588 1.094724 -0.708544
1480 -6.950051460000001 11.88153846 0.2168991 -0.409552 0.996109 -0.462404
1500 -1.73952882 14.74434171 1.48296789 -0.272074 1.262543 -0.8762559999999999
1520 4.62134385 12.236307299999998 -0.15747012000000002 0.103136 0.472834 -1.116177
1540 2.82028671 11.569139009999999 -0.19578798 0.395934 -0.23937 -1.220042
1560 0.46104057 9.036412830000002 -2.27422287 0.290697 -0.975513 -0.853433
1580 -0.50145777 6.51879405 -0.6736036500000001 0.6766939999999999 -1.357621 -0.471029
1600 -1.24435926 5.639219639999999 0.47046798 1.4838559999999998 -1.604768 -0.37107
1620 -1.6497182700000002 6.2483029199999995 -1.31411817 2.440132 -1.459975 0.41843
1640 -0.17947395 7.11964674 -1.9779903 3.0857360000000003 -1.674812 1.368592
1660 1.6134899400000002 9.111704580000001 -2.0872638900000005 3.375729 -1.953654 1.850606
1680 1.72770777 9.63770697 -3.1549842900000007 3.324796 -1.438535 2.545003
1700 3.16561833 10.80468495 -3.49478307 2.196391 -0.5504760000000001 3.351036
1720 3.2537808000000004 12.5576829 -2.53872009 1.316958 0.073716 3.329138
1740 6.18843249 11.49848739 -1.40452713 0.80298 -0.8704620000000001 2.795852
1760 9.64564326 9.20495844 -2.24966844 0.564905 -1.872098 2.539099
1780 6.91157664 11.33667144 -3.9760322400000003 0.567659 -1.78466 2.249518
1800 5.34673449 13.98661731 -3.19615686 0.197341 -1.745166 2.550256
1820 4.93059429 15.094764720000002 -1.8419157900000003 0.249613 -2.425019 2.822821
1840 4.33169379 13.47228882 -0.65219823 0.157054 -3.619672 2.756407
1860 2.8340599500000003 14.51321811 -0.22737618 -0.25574 -4.316078 2.510861
1880 0.74155752 13.608500670000002 -0.5688132300000002 -0.644608 -4.018438 2.208661
1900 -0.57330621 13.033693529999999 1.72501002 -1.054 -4.083599 2.075562
1920 -2.1833626500000003 16.91317575 2.64364785 -1.411469 -4.218329 1.7132470000000002
1940 -0.41239278 16.305593400000003 0.04101561 -1.616194 -4.393749 1.270866
1960 1.82979063 12.924419940000002 -1.21532166 -1.513752 -4.4325 0.750339
1980 4.74363531 11.81507571 -0.38469915000000005 -1.339444 -3.933338 0.446474
2000 5.76286488 11.543691870000002 2.1692853 -1.15104 -3.397839 0.366987
2020 6.738390900000001 10.80093753 4.0559641200000005 -0.963453 -2.304246 0.315621
2040 3.4154496000000005 10.49767119 1.93547376 0.085207 -1.602729 0.330593
2060 0.68662152 10.14455043 2.5857198000000006 1.481654 -2.02952 0.887824
2080 -0.16031502 8.77939083 4.504281120000002 0.79277 -1.620581 0.983969
2100 -0.67554603 7.18341174 4.2890301 -0.210316 -1.178249 0.993487
2120 -0.050295870000000006 5.69924703 3.74686083 -0.979074 -0.023347 1.091323
2140 0.22333446 5.18461443 3.3280326900000006 -1.5738530000000002 -0.507687 0.7181850000000001
2160 -0.34038738 6.0296085900000005 3.2620212 -1.581992 -1.130848 0.7189260000000001
2180 -2.8747714500000003 7.819737389999999 3.1750457400000003 -2.299882 -0.47053 1.112581
2200 -3.81660993 8.65275354 1.4994290700000001 -2.498715 -0.724938 0.704525
2220 -3.9362134500000003 9.19762056 -0.23620518 1.212812 -4.663453 -0.332725
2240 -3.7106325 12.147693570000001 -4.67148276 0.838568 -4.3882059999999985 -0.110297
2260 1.7528508 15.249684240000002 -12.096348030000001 -0.316635 -0.61715 -0.435119
2280 5.5221667199999995 12.09664233 -10.29993102 -1.411054 1.5606950000000002 -0.92305
2300 4.33558836 6.5852568 -5.5961145000000005 -0.650583 1.266924 -1.642684
2320 4.91727231 4.29381738 -0.31973733000000004 -0.507666 -1.811446 -2.1013490000000004
2340 6.77955366 4.42420209 2.58093252 -1.455693 -2.293268 -1.7334759999999998
2360 5.73038397 4.84647354 2.52974394 -0.899813 -0.987062 -0.663045
2380 10.83521367 5.1970437 -0.6107313599999998 -0.775379 -1.52629 0.07665599999999999
2400 9.81119682 8.570428020000001 3.4738289100000004 -1.207876 -1.053222 0.163828
2420 5.147199090000001 23.91426864 -3.4711311600000005 -1.531433 -1.022867 -0.219826
2440 0.72105462 30.873747510000005 -14.40783909 -1.478019 -0.8046409999999999 -0.4931970000000001
2460 -13.251348 9.441467730000001 -0.97357383 -1.478432 0.008345 -0.538039
2480 -8.27644194 3.3620047200000003 6.7614444 -1.472247 -0.131921 -0.6307520000000001
2500 -6.2703067500000005 1.64328291 8.07466005 -1.074666 -0.742429 -0.68274
2520 -5.282518230000001 4.1852991600000005 4.87670796 -0.8700200000000001 -0.79 -0.6855220000000001
2540 -0.55085112 17.286201000000002 2.3659758 -0.8341860000000001 -0.609194 -0.643843
2560 8.77250421 22.19239782 1.46096406 -0.693554 -0.415804 -0.643108
2580 8.681800950000001 9.16513965 0.10448631000000001 -0.649988 -0.11808 -0.542773
2600 -0.75083778 9.909993329999999 -0.05328792 -0.83815 0.213042 -0.6011270000000001
2620 -3.3242852700000003 9.12996099 1.9281358800000001 -0.961697 0.049313 -0.575075
2640 -3.8708003700000004 8.81786565 -0.7095278700000001 -0.801717 -0.072136 -0.445615
2660 -0.43499502 8.96995008 -0.09220419 -0.532674 -0.306215 -0.4829600000000001
2680 1.2350790000000003 8.33601807 1.05216174 -0.007882 -0.741875 -0.414643
2700 0.67000338 6.83882568 -0.063765 0.320867 -0.719433 -0.184844
2720 1.4846159700000001 8.473878000000001 -0.54127656 0.817661 -0.442451 0.180399
2740 1.1472108300000001 9.35090181 -1.7188787700000001 1.61304 -0.8633850000000001 0.593486
2760 -0.42182019000000004 8.61054111 -1.08719325 2.3753580000000003 -0.833376 1.218341
2780 -0.55893456 9.0206874 0.30371760000000003 3.421608 -0.651554 1.727481
2800 -0.30625839 10.36564821 0.64995174 4.069249 -1.016303 2.071098
2820 0.70728138 10.801084679999999 0.26719497000000003 3.64757 -1.216441 2.402763
2840 1.0975133700000002 10.44213678 -0.36972909000000004 2.615698 -0.816431 2.365132
2860 1.4338688400000001 11.75730462 -1.25169714 2.024407 0.927661 2.020141
2880 2.53886724 11.4612192 -1.84281831 1.616633 1.191898 2.094934
2900 3.5295104700000004 10.18691982 -1.26831528 1.593852 1.5681889999999998 2.318619
2920 5.247937980000001 10.41099984 -1.0159334100000001 1.510033 1.680409 2.565718
2940 3.49447896 12.8263788 -2.15835696 0.977876 -1.419564 2.499743
2960 2.2836502800000003 13.88512305 -2.6952975 0.381792 -1.583798 2.262918
2980 4.04713512 12.07853307 -2.03187663 0.508113 -1.366567 1.908872
3000 2.6206041600000005 12.085566839999998 -3.23177697 0.412556 -1.584389 1.58588
3020 -0.41134311000000007 13.03534161 -3.53505312 0.054423 -1.622207 1.2309139999999998
3040 -2.9373396300000003 15.60938751 -0.70159158 -0.5273800000000001 -1.316316 0.897446
3060 -5.30512047 15.917902200000002 5.36439249 -1.208029 -1.195315 0.532546
3080 -3.9998313 15.525865170000001 2.6866156500000002 -1.821936 -0.951047 -0.079874
3100 0.5513023800000001 12.306507660000001 -2.17961523 -2.084884 -0.4111770000000001 -0.860068
3120 3.4949302200000005 12.38239782 -1.5615558 -2.001594 -0.120061 -1.53818
3140 2.48528502 11.36601315 -4.39500753 -1.626456 -0.50581 -1.8330990000000005
3160 1.3621675500000001 10.08317907 -2.34172548 -1.477462 -1.07843 -2.08663
3180 0.71221581 9.28459602 -0.82777761 -1.431583 -0.653859 -0.943856
3200 0.83960847 7.40734461 0.8900514900000001 -1.266285 0.2377 -0.269796
3220 0.04281084 5.6857779 0.16301277 -1.3541299999999998 0.624842 -0.039101
3240 -0.76161897 4.60996425 0.29293641 -1.105558 0.5805739999999999 0.159245
3260 -1.70180937 3.3431499 0.26435007 -0.959282 -0.122 -0.094138
3280 -1.04782572 1.7727651000000002 -0.18920547 -0.856452 -1.526216 -0.403542
3300 -0.46837845000000006 0.27542556 0.00973152 -0.881483 -1.990009 -0.282413
3320 -1.90957536 0.027095220000000003 -0.42227145000000005 0.138718 -1.3992719999999998 0.020922
3340 -2.1731798700000002 1.2290949000000002 -1.9486485900000001 -0.307964 -1.529711 0.526442
3360 -0.77599062 3.7312923600000003 -2.6203000500000004 -1.115422 0.121396 0.710967
3380 1.40347746 11.671084530000002 -2.1751222500000003 -0.6786439999999999 -0.02192 0.474919
3400 5.74550118 19.39037733 -1.29720573 -0.400122 1.16718 0.702872
3420 6.02272197 10.438389359999999 -4.885988220000001 0.249378 -1.639162 1.040018
3440 3.34764288 6.159542040000001 -6.094727370000001 0.5328430000000001 -0.871756 0.692774
3460 0.09086022 6.149663370000001 -2.49336846 0.306207 -1.168892 -0.4599720000000001
3480 -3.13957278 6.68733966 1.07895285 0.768383 -0.49064 -0.778079
3500 -2.7707364000000005 5.08387554 0.7851139200000001 1.81966 1.314525 -0.238938
3520 1.58849406 3.0088937700000002 0.70892946 2.236359 2.739395 0.5814729999999999
3540 2.5824334500000004 0.8825664599999999 -2.95276095 3.1271720000000003 1.544352 0.825304
3560 2.46027933 6.95857635 -3.74386878 3.462821 1.184192 0.558918
3580 3.1726521 22.802236470000004 4.881799350000001 3.394572 0.343517 0.6609999999999999
3600 2.5453026000000003 16.03570068 -0.97222986 2.5631 -0.323305 0.306738
3620 5.27338512 17.47152171 -6.23737458 2.118385 -0.613052 0.689631
3640 11.797868970000003 21.41072721 -5.399276850000001 1.399095 0.77651 0.935994
3660 3.76810929 8.90542971 3.2639635800000004 0.7046560000000001 0.7301 0.623555
3680 -1.63610199 9.544600260000001 -2.14474068 0.297136 0.022466 -0.8130069999999999
3700 -2.23469838 17.94797379 -3.89474658 -0.236605 0.174609 -0.83509
3720 -0.9204330600000001 17.0516439 -6.85694475 -1.441683 0.461363 -0.904763
3740 1.1900216700000001 9.92511054 -9.179962560000002 -3.142573 0.7893560000000001 -1.000386
3760 0.27063828 8.18078463 -7.96538646 -4.605367 1.22681 -1.502546
3780 0.4776587100000001 6.81188742 -2.5119289800000004 -4.385909 2.012481 -1.833169
3800 1.03974228 6.33198222 -1.6098994800000002 -3.571515 0.873339 -1.383776
3820 0.3617928 4.62613113 2.86623675 -2.4014330000000004 -1.083205 -0.892396
3840 0.39068325000000004 2.71206279 2.8999242900000004 -0.8622690000000001 -2.39069 0.267301
3860 1.52667144 0.44277435000000004 1.72605969 0.315879 -3.2874410000000003 0.258519
3880 2.72074464 4.737798360000001 -0.24129657000000002 0.735539 -3.22194 -0.234288
3900 4.20026922 14.70856464 1.72201797 -1.494828 -1.988619 0.167295
3920 3.1063365 11.89382058 1.6248695400000002 0.115079 2.2042080000000004 -0.137685
3940 -2.4676172100000002 7.87706703 -0.8767295100000001 -0.552578 1.222979 0.733783
3960 1.3540841099999998 7.139855340000001 -3.01578039 -0.694404 2.3649560000000003 1.388285
3980 2.73107457 6.6523179599999995 -6.07526433 0.591208 -0.367419 0.792948
4000 4.00327461 7.275920040000001 -7.197783390000001 1.279841 -1.783364 -0.020822
4020 6.880743810000001 12.61352142 -3.5455302000000004 1.065057 -0.7035819999999999 -0.531111
4040 8.036185230000001 9.17233038 -1.35169047 2.185566 0.27387399999999995 -0.320506
4060 9.85146687 4.28065236 -1.66648356 2.600323 2.100824 0.384008
4080 8.39664387 0.39053610000000005 1.7667711900000003 3.154018 1.906107 0.911554
4100 -5.4148355100000005 0.01482291 -9.015154560000001 3.4073910000000005 2.520856 0.937105
4120 -5.85657 9.294023430000001 -13.28756652 3.3018050000000003 0.998416 1.068641
4140 -9.10047213 26.998758270000003 13.19296869 2.411213 -0.176488 1.017993
4160 0.13921371000000002 14.42639961 -1.67710779 1.705252 -0.308499 0.810268
4180 7.200324180000001 12.38389875 -3.57786396 1.390654 0.897468 0.79798
4200 16.27191567 22.3531641 -4.50503649 0.445883 0.616621 -0.076724
4220 7.4342926799999995 13.663740780000001 -1.6462749600000002 0.159925 -0.233338 -0.925801
4240 -0.62898777 12.270436290000001 -2.4818417100000003 -0.404282 0.006444 -0.727087
4260 -1.50721821 16.45318485 -4.8243225600000015 -1.671628 0.411791 -0.8293940000000001
4280 -1.4681449800000002 11.97659736 -6.032757600000001 -3.23423 1.115379 -0.933077
4300 -1.11712356 8.09891037 -6.63375744 -4.237606 1.339839 -1.316388
4320 1.87335684 7.47291465 -3.78967167 -4.22795 2.089656 -1.290576
4340 0.77553936 6.7011129 -1.77336351 -3.796322 0.480027 -1.132742
4360 -0.050295870000000006 6.14651436 0.98569899 -2.798413 -1.209125 -0.760412
4380 0.14429529 3.1948030800000002 4.39516449 -1.336776 -1.94564 -0.061324
4400 -0.77463684 0.99782415 0.9873470700000001 0.645314 -3.3834410000000004 -0.261417
4420 1.30109049 4.456535850000002 0.7568218800000002 0.369616 -5.2040739999999985 -0.80153
4440 3.9191538599999998 13.893804900000001 0.59845905 0.060447 -0.999783 -0.445882
4460 5.78591838 10.60723908 1.0238697 -0.64575 2.633985 -0.394582
4480 0.8298769500000001 7.343726760000001 -1.01549196 -0.603506 2.86837 0.8926200000000001
4500 0.47885553000000003 8.347691970000001 -3.12175782 -0.45587 1.045771 2.073167
4520 0.9714843000000001 6.71713263 -6.7996053000000005 0.057391 -1.865285 1.27718
4540 4.40923203 6.004465560000001 -9.63860949 0.560836 -1.567427 0.413987
4560 10.00114785 10.72594989 -2.3882837400000003 -0.046380000000000005 -1.555393 -0.735404
4580 9.20735208 9.16843581 0.80247762 0.081875 -0.5715680000000001 -0.990006
4600 8.87444973 6.84556515 -2.9228208300000005 0.768173 1.035413 -0.390135
4620 9.26333775 3.4515209700000002 -3.2808760200000004 1.188469 1.3365049999999998 0.405036
4640 -3.2964444900000003 3.85328952 -3.2272839900000005 1.908674 1.630291 1.169196
4660 -9.94531914 4.6767213000000005 -11.247165 2.919484 1.2655040000000002 0.941715
4680 -8.333467470000002 17.71790967 5.172342120000001 3.464684 1.3697290000000002 1.044734
4700 -2.40729552 15.576906600000001 5.17982715 3.52454 0.530801 1.131685
4720 8.10190242 19.573893 -8.17719417 3.113115 -0.252125 1.208863
4740 19.551889170000003 15.876435330000001 -3.2837209200000004 2.3837650000000004 0.21973 1.58986
4760 16.3633743 8.88372999 1.8462616200000002 1.402274 -0.574368 1.492155
4780 -2.66041314 9.29072727 -0.09774684000000002 1.076124 -0.535409 0.026363
4800 -2.2472748 14.627435940000002 0.93150855 0.953832 -0.385243 -0.390222
4820 -2.0697432300000003 17.49082779 -0.26958861 0.344925 -0.05195 -0.36072
4840 1.9399667400000002 12.181067190000002 -6.16837104 -0.575836 0.427389 -0.35281
4860 2.8759682700000004 8.594079930000001 -7.460485380000001 -2.002344 1.106744 -0.375395
4880 3.7772424 7.9851438 -7.72378578 -3.55329 1.362368 -1.150335
4900 0.9624983400000001 8.80005069 -7.78096827 -4.0235379999999985 1.759325 -2.241578
4920 -0.033383430000000006 8.54887545 -3.89026341 -3.66764 1.196314 -2.945534
4940 0.39847239000000007 7.461986310000001 -0.9361486800000001 -3.233595 0.018757 -2.416496
4960 0.35042301000000003 5.6971575 0.61207533 -2.217646 -2.36686 -1.051837
4980 0.320787 3.33476235 3.17998998 -1.8072740000000005 -2.383153 -0.264875
5000 1.2609774000000002 8.1063954 -2.3915799 -1.101956 -1.6492810000000002 0.21447
5020 4.414019310000001 16.45962021 1.08315153 1.460435 -3.2515080000000003 -0.128774
5040 5.98755312 11.665394730000001 0.8577177300000002 -1.349744 -1.180868 0.5059
5060 -2.36268945 9.954903510000001 -0.7656606900000001 -0.987497 0.464299 0.36318
5080 0.07963758 7.90566318 -2.23021521 0.269755 1.812902 1.145763
5100 0.06975891000000001 5.718111660000001 -4.29965433 0.061754 0.4340600000000001 1.419542
5120 3.01862529 4.53422124 -6.2605850400000005 0.262238 0.023517 0.550868
5140 5.047058610000001 3.23417061 -5.149288620000001 0.7808350000000001 -1.6244459999999998 -0.168721
5160 6.58150938 3.05529507 -5.06681595 0.16598 -1.430996 -0.8590620000000001
5180 8.54467677 8.579109870000002 -1.3811793300000001 0.350188 -0.954728 -0.7750640000000001
5200 7.9676329500000005 9.42694893 -0.47002653 0.8202719999999999 0.880166 -0.506008
5220 5.64131898 8.303085900000001 1.50856218 1.365043 1.5080360000000002 -0.019103
5240 5.09331276 1.5347548800000002 5.623209719999999 2.328408 1.579038 0.303729
5260 -3.80837934 -1.49164974 -19.31717511 3.159903 1.663609 0.544437
5280 -3.71287899 8.04172788 -3.7305468000000004 3.815214 1.253389 0.7973680000000001
5300 -1.88128332 23.25084777 6.7280609700000005 3.833101 0.14383800000000002 0.931374
5320 9.68247 25.296497640000002 -4.09368357 2.946134 -0.6997760000000001 0.880326
5340 7.628138280000001 11.745620910000001 -3.87154593 1.999968 -0.7673220000000001 1.009468
5360 7.30166148 11.324399130000002 -1.2467529000000002 1.7218759999999995 -0.251879 0.489845
5380 2.48468661 7.8433893 0.33231375 1.225285 -0.33060100000000003 -0.437534
5400 1.6992685800000003 13.8212109 -0.93315663 0.748151 -0.466132 -0.762228
5420 2.33349489 20.40451551 -2.71026756 -0.170514 -0.284758 -0.568052
5440 0.90022446 10.02166056 -4.3602801300000005 -1.437937 0.195852 -0.577521
5460 -0.80921709 9.633213990000002 -6.120625770000001 -3.106755 0.945853 -0.740758
5480 1.3102235999999998 10.63822887 -7.313345190000001 -4.518789 1.903354 -1.335097
5500 3.35377413 9.61945056 -5.88411648 -4.4680300000000015 3.334149 -1.943326
5520 2.7641538900000002 8.82205452 -4.866230879999999 -2.998175 1.663639 -2.112516
5540 1.80419634 7.439678370000001 -1.2734066700000002 -2.510111 -1.507209 -1.5901610000000002
5560 0.00628821 6.4870587 0.68721993 -1.840464 -1.261253 -0.5432140000000001
5580 -0.69949224 4.67238528 3.3724916100000004 -0.344554 -0.507495 0.6701550000000001
5600 -0.42451794000000004 4.18215015 1.89296703 0.486318 -1.008091 0.461888
5620 1.3921076700000001 9.83484873 0.05673123 -0.6808420000000001 -3.533862 -0.655047
5640 5.48459442 12.149930250000002 0.22663062000000003 0.114593 -2.902043 -1.105363
5660 -0.15328125 9.13565079 -0.58677534 -0.4512100000000001 2.566684 -0.7819699999999999
5680 1.1049984000000002 5.62380813 -2.5942545000000004 -1.013506 1.07367 0.111186
5700 1.09482543 5.86735119 -4.97909493 0.348972 1.275373 1.500587
5720 2.17288557 5.6166174 -8.44977483 0.7147560000000001 -0.260766 1.18678
5740 3.89295135 6.137391060000001 -7.67274435 0.718804 -2.0409040000000003 0.400742
5760 6.44035329 8.845108020000001 -5.091664679999999 0.11434 -1.5455709999999998 -0.401009
5780 6.66728802 13.34714265 -3.1720536900000003 -0.028097000000000004 -0.150586 -1.742273
5800 8.11148679 12.18960189 -0.49816161000000003 0.128427 -0.207529 -1.491143
5820 9.45553527 7.333102530000001 -4.3963613100000005 0.120301 0.94797 -1.136963
5840 4.83808599 3.0340368 -1.74507147 0.234719 1.034808 -1.107433
5860 -5.19225642 1.5073653599999999 -3.8805318900000003 0.393224 0.445098 -1.3576700000000002
5880 -10.104290190000002 -0.03637548 -4.34531007 0.630157 -0.024505 -1.608582
5900 -6.871757850000001 5.58982629 8.561442060000001 0.808477 -0.4629680000000001 -1.604638
5920 1.65495681 25.09950303 -2.49217164 0.992807 -0.545412 -1.393873
5940 13.266013950000001 22.23835767 -3.2888123100000004 1.202248 -0.668702 -1.113447
5960 14.086904940000002 15.972985350000002 -7.84369341 1.6924990000000002 -0.494631 -0.581475
5980 9.756113670000001 11.69608041 -3.5118426600000006 1.885102 -0.900509 0.317696
6000 -2.29427451 8.323892910000001 2.06839926 1.962576 -1.167018 1.096245
6020 -5.461393770000001 12.94986708 2.2412907 1.272275 -1.864251 1.82939
6040 -6.01523694 12.350662470000001 -0.6589278900000001 0.776428 -1.024107 2.614265
6060 2.01136392 12.553641180000001 -0.91490022 0.246704 -1.080051 2.677935
6080 6.74347248 11.37335103 -1.05515379 -0.18163 -1.6782689999999998 2.666096
6100 5.3670902400000005 9.961780319999999 -3.8922057899999998 -0.2707 -1.60192 3.096937
6120 4.2514578 9.991867590000002 -4.29995844 -0.475708 -1.188734 3.3096879999999995
6140 4.85336016 9.35898525 -2.62149687 -0.8671040000000001 -1.394027 3.306149
6160 5.636227590000001 7.8302144700000005 -2.9506616100000005 -1.45469 -2.165842 3.421607
6180 4.92925032 6.578968590000001 -3.19436163 -1.926282 -2.448577 3.140937
6200 3.3260805 6.591397860000001 -2.34681687 -2.139438 -3.106305 2.906351
6220 2.9053099799999997 7.93919376 -3.0067944300000002 -2.250278 -3.985061 2.712286
6240 5.065020720000001 11.984523840000001 -2.77477812 -2.659416 -4.762771 2.2831360000000003
6260 4.42405494 13.588439220000001 -2.78601057 -2.462646 -5.188613 1.5138
6280 3.87918792 15.19969248 0.67224987 -2.231155 -4.8780480000000015 0.639077
6300 0.51657498 15.973436610000002 0.14744430000000003 -2.06568 -4.341143 -0.037708
6320 0.66416643 15.093263790000002 -2.2811094900000004 -1.511781 -3.823337 -0.271648
6340 2.9068011000000005 15.15568482 -3.5700748200000003 -0.591625 -4.021204 -0.338674
6360 4.343514840000001 15.711480180000002 -1.38701628 0.563074 -4.809522 -0.0048590000000000005
6380 4.4680626 14.44211523 1.05141618 0.552363 -3.008483 0.621941
6400 3.99818322 12.30636051 0.8672922900000001 0.118297 -1.066071 0.62817
6420 3.8905577100000004 12.61486539 0.97536906 -0.22185700000000005 0.654289 0.405673
6440 2.2927833900000003 13.3005942 2.41987194 -0.241956 0.796469 0.032541
6460 2.5939602 11.264224590000001 2.43977643 -0.97738 0.069078 0.089224
6480 3.2233992300000005 9.05437494 2.15911233 -3.179125 1.230314 1.17583
6500 2.37750255 8.39169963 3.1292428500000002 -1.265843 -0.477947 1.537488
6520 0.53109378 5.87768112 5.667815790000001 2.4850950000000003 -5.089112999999998 0.315504
6540 -3.5392419900000003 5.378469840000001 4.58691075 0.8509190000000001 -5.898976 -0.33473800000000004
6560 -5.18596821 5.67499671 2.2808053800000003 -1.480967 -1.5289620000000002 -1.03922
6580 -4.34066994 7.81764786 -1.0041123600000001 -1.859431 3.112314 -1.211249
6600 -1.45542141 12.490180290000001 -6.084995850000001 0.189731 0.506316 -1.8377330000000005
6620 2.60264205 15.927928020000001 -12.48403923 0.333977 -3.858496 -2.93247
6640 3.85223985 10.562633009999999 -6.645725639999999 -1.247535 -1.904501 -1.3671879999999998
6660 0.7750881000000001 7.29343089 1.08284742 -1.2440870000000002 -1.814622 -0.138824
6680 -0.11960352 5.572011330000001 2.10776679 -1.44054 -1.238897 0.710439
6700 0.5415708599999999 2.43379233 -0.6939594 -1.6594080000000002 -0.956376 0.312238
6720 5.31140868 0.40041477000000003 -1.1514095100000001 -1.541488 -1.441162 -0.300545
6740 15.41869092 1.64747178 5.49911322 -1.446192 -1.082786 -0.493687
6760 21.08141532 27.62774604 -0.1998297 -1.459811 -0.6350979999999999 -0.815891
6780 17.78332275 41.18864859 -13.64112873 -1.421365 -0.778434 -0.968194
6800 -10.824736589999999 9.36661743 2.9493176400000003 -1.296648 -0.770476 -0.935286
6820 -16.57578042 -1.38895866 2.7979787700000003 -1.022645 -0.063171 -0.896891
6840 -12.95196642 -3.1145769000000003 10.643016150000001 -0.924036 0.307074 -0.8646299999999999
6860 -8.36130825 0.22692492 3.32503083 -0.903749 0.111902 -0.825782
6880 -2.14383816 17.03203371 -0.9003814200000001 -0.914067 0.362647 -0.6520560000000001
6900 10.958260500000002 32.81237028 1.4861070900000002 -0.857187 0.178352 -0.4345729999999999
6920 11.063345220000002 9.66614616 2.7137108700000003 -0.761729 0.353537 -0.371106
6940 1.0961694000000002 7.231608270000001 1.63654344 -0.352068 0.197186 -0.5208
6960 -3.90179016 10.531947330000001 0.23156505000000002 0.078416 -0.869711 -0.7546390000000001
6980 -3.9321717300000003 9.06858963 -0.9580053600000001 0.080094 -0.843598 -0.626474
7000 -0.98854389 7.647748470000001 1.02222162 0.246342 -0.25464200000000003 -0.469039
7020 -0.9202859100000002 7.34207868 -0.0011968200000000001 0.825534 -0.989485 -0.221565
7040 -1.67561667 7.91494344 -1.42817904 1.527091 -0.7778970000000001 0.335335
7060 -1.58011632 8.41729392 -0.9304686900000001 2.331907 -1.028081 1.195855
7080 -0.8658011700000001 8.362956330000001 -0.27886887000000005 2.897635 -1.517315 1.838162
7100 -0.36927783000000003 8.07915303 -0.27018702 3.391696 -1.366056 2.211024
7120 0.48094506000000004 8.18527761 -0.80532252 2.858343 -1.837955 2.668307
7140 1.05081777 9.04793958 -0.69350814 2.089128 -1.888214 2.849937
7160 2.05522443 11.121420420000002 -0.5423262300000001 1.590923 -0.932097 2.608086
7180 2.2260165300000003 11.64099726 -0.94513464 1.057395 -0.246407 2.358858
7200 1.5976271700000002 11.94635313 -2.80561095 1.165765 -0.742458 2.439299
7220 2.68317234 11.50417719 -1.8333909000000002 0.925528 -1.426873 2.507933
7240 3.9953383200000006 10.927721970000002 0.7964935200000001 0.355601 -1.954193 2.7375
7260 5.11396281 11.781996390000002 -0.15103476000000002 0.5978680000000001 -2.809802 2.575782
7280 3.6854894700000003 12.613668570000002 -1.06578783 0.376227 -3.123798 2.436836
7300 5.87513052 14.310092250000002 -0.45594918 0.055773 -3.13269 2.274376
7320 7.0940524499999995 12.17941911 -1.2494506500000002 -0.308395 -2.91881 1.851747
7340 5.629497929999999 12.28644621 -2.53034235 -0.574242 -3.598053 1.449109
7360 1.06249167 12.103381800000001 -2.38170123 -0.86651 -3.349989 1.206399
7380 -1.3395653100000002 12.698691839999999 -1.9904097600000001 -1.168407 -3.054279 0.778759
7400 -2.5518949200000005 13.29220665 2.9536536600000005 -1.262174 -2.660542 0.431496
7420 -0.72733302 16.20110709 4.09128993 -1.386499 -2.455107 0.047941
7440 2.5664137200000003 15.278427540000001 1.7362424699999999 -1.48135 -1.868388 -0.34017
7460 4.737347100000002 13.623617880000001 -2.10746268 -1.659159 -1.2163190000000002 -0.482185
7480 5.129835389999999 12.630737970000002 -1.6039153800000001 -0.819484 -0.762021 -0.26753000000000005
7500 4.34786067 11.63500335 1.9357778700000001 0.953954 -1.235188 0.637429
7520 3.6182713500000006 11.04553026 1.8702078300000002 0.212142 -0.510686 0.718913
7540 1.3723503300000002 9.971217540000001 1.15454871 -0.332891 0.08528200000000001 0.805141
7560 0.5768966700000001 8.12211102 1.17490446 -0.267964 -0.24282 0.7483310000000001
7580 -0.0925083 6.565195350000001 2.9144430900000002 -0.360083 -0.622667 0.448004
7600 -0.16660323000000002 6.09802353 1.03374837 -0.685633 0.149135 0.062318
7620 -1.12955283 5.66497089 2.12213844 -3.260736 1.7472439999999998 0.380909
7640 -1.10095668 5.904923490000001 1.7970154200000001 -2.510787 0.319238 0.397591
7660 -1.162485 6.09458022 2.30715504 1.951719 -2.170312 1.322849
7680 -2.45714013 5.720054040000001 1.3216032000000002 0.361488 -3.73335 0.10879
7700 -3.5572041 5.7842703 -0.027389520000000004 -0.845361 -1.3338370000000002 -0.304366
7720 -3.5211229200000003 7.03582029 -1.7396857800000003 -1.455329 1.045053 -0.606504
7740 -0.8515766700000001 8.98686252 -5.58548046 -0.8879739999999999 0.185805 -0.938998
7760 4.693339440000001 16.141835070000003 -12.42745515 -0.251935 -1.530177 -1.267778
7780 11.7046053 16.84431936 -10.607690340000001 -0.637458 -0.310191 -0.197403
7800 2.43648027 9.57154833 -5.614223760000001 -0.486996 -0.8396899999999999 0.218796
7820 1.1306025000000002 8.09247501 -3.26470914 -0.473618 -1.052267 0.353758
7840 -0.21884148000000003 6.73524189 -2.91308931 -0.385827 -0.438305 0.186942
7860 -0.34323228 3.4826579100000004 -3.09286737 -0.385041 -0.37819 0.071502
7880 3.9914535600000005 2.6063796600000004 2.2103009100000004 -0.368511 0.215106 0.072994
7900 6.54858702 7.51168377 9.409428270000001 -0.40339 0.483845 0.030745
7920 13.43875824 22.38744024 -7.69041216 -0.429735 0.439666 -0.086886
7940 9.37366101 32.576155289999996 -15.479306910000002 -0.321862 0.391651 -0.160847
7960 -7.17637797 2.80965267 3.88082619 -0.149815 0.33931300000000003 -0.274946
7980 -8.52357546 1.81811673 3.2955517800000003 0.08427899999999999 0.328287 -0.384392
8000 -6.15011463 4.480786170000001 3.12594669 0.180738 0.350624 -0.45959
8020 -3.5494149600000005 4.96292805 3.33162315 0.201437 0.241761 -0.426192
8040 4.0917411900000005 14.745391380000001 1.07760888 0.192322 0.191408 -0.347142
8060 13.74771438 18.46260639 -1.4976338400000002 0.220087 0.462842 -0.318454
8080 2.4221086200000004 7.733066040000001 -2.79184752 0.257319 0.644999 -0.349406
8100 -1.75315491 9.50269194 0.004640130000000001 0.607173 0.749808 -0.223183
8120 -2.2071617100000003 8.342600580000001 -0.182466 1.076063 0.63534 0.023794
8140 -0.57315906 7.99996671 -0.8608569300000001 1.9956080000000005 0.475235 0.370117
8160 1.04213592 8.752295610000001 -0.9587607300000001 2.881471 0.4133770000000001 0.951087
8180 2.074089060000001 8.75379654 -1.60361127 3.280634 0.059135 1.280137
8200 2.2390442100000003 7.729475580000001 -1.99145943 3.05895 -0.232619 1.173208
8220 2.6756873100000003 7.3905793200000005 -3.13418709 2.285961 0.186321 1.238843
8240 2.21060502 6.4611603 -2.91698388 1.488513 -1.435301 0.667057
8260 2.74992939 6.5881017 -2.94871923 1.040234 0.046489 0.5252939999999999
8280 2.8990217700000005 8.596473569999999 -3.44702799 0.230312 0.926178 0.485395
8300 3.40361874 8.61773184 -2.25446553 -0.591565 1.489752 0.65412
8320 3.17669382 6.901393860000001 -2.0510355600000003 -1.5274 1.132106 0.328643
8340 2.69439498 7.166048040000001 -2.30535981 -2.593007 1.124 -0.448978
8360 3.3914935800000006 9.04598739 -3.1922622900000004 -3.418647 1.123476 -1.199295
8380 4.51595502 9.69234867 -4.70680857 -3.699446 1.182294 -1.811286
8400 3.59941653 8.589586950000001 -5.629193820000001 -3.449926 0.363603 -1.887543
8420 2.39876082 7.196586570000001 -5.36813991 -2.751294 -1.364256 -1.432864
8440 2.07722826 7.685163810000001 -5.32203291 -1.849457 -2.6859040000000003 -0.441038
8460 -0.14714019 10.33016544 -2.55414141 -1.2185780000000002 -2.97265 0.389471
8480 -0.41987781 11.128159890000001 1.6693284600000002 -0.5878140000000001 -2.2618560000000003 0.577769
8500 2.0895005700000002 9.43637634 2.5942545000000004 0.286885 -2.204877 -0.043241
8520 3.7124277300000004 10.990741410000002 -1.9050921900000002 -1.028859 -3.4339510000000004 -0.031628
8540 2.5542885600000003 10.95407163 -1.26157581 0.403296 1.430311 0.005257
8560 -2.46268278 11.423195640000001 -0.58737375 -1.021966 0.969897 0.228764
8580 -0.82239192 10.409655870000002 -1.5015284100000001 -0.445513 -0.6998939999999999 0.387686
8600 0.88121268 8.82205452 -2.87806761 -0.8253799999999999 2.658879 0.194858
8620 3.03493932 6.806050470000001 -3.01757562 -0.371633 0.771044 0.375635
8640 3.8360729700000005 6.352337970000001 -3.4735248000000003 0.8804190000000001 -0.048986 1.095799
8660 4.09533165 6.0493659300000004 -3.5518184100000005 0.975278 -0.377686 -0.167892
8680 4.91248503 6.98731965 -3.03823548 2.176637 -0.69906 -0.4945100000000001
8700 5.65344414 8.080497000000001 -3.79969749 3.403939 1.163729 -0.132607
8720 6.53017365 9.65911239 -3.86047044 3.756643 2.380991 0.7132609999999999
8740 7.58532744 5.73412158 -1.83038904 4.129219 2.208457 1.444611
8760 4.5653581800000005 1.1563439400000002 6.20938665 4.083071 1.83618 1.6082040000000002
8780 -3.36604644 -4.48467093 -6.81053364 2.648104 0.774228 1.488447
8800 -9.22456863 2.5761452400000002 -12.291086340000001 1.203387 -0.271907 1.417739
8820 -6.22705446 9.44745183 12.22282836 1.338945 -0.811311 0.861765
8840 1.7030061900000002 38.55187755 -10.654542900000001 0.743635 -0.650517 0.062644
8860 6.492601350000001 9.82616688 6.24007233 0.366226 -0.38298 -0.4466729999999999
8880 5.04809847 6.27001245 1.01339262 -0.480101 0.504255 -0.211235
8900 10.19904498 22.74400431 -3.9987816300000003 -2.150198 0.787557 -0.080122
8920 12.114310140000002 13.86746505 -3.39299451 -3.809518 0.98476 -0.537413
8940 2.20850568 10.5819489 -9.755368110000001 -4.484664 1.383331 -1.854417
8960 -6.86921706 13.2282945 -6.471490230000001 -4.240622 1.579991 -3.025872
8980 -6.178848120000001 12.69465012 -5.6872690200000005 -3.368749 -0.167097 -2.441771
9000 1.6711236900000002 9.2375865 -5.849084970000001 -2.790406 -2.693423 -0.94112
9020 3.1698072 9.4169133 -3.60121176 -1.123199 -2.24508 0.310157
9040 1.63190331 8.11492029 1.6049650500000001 0.6204850000000001 -1.979172 0.499321
9060 -0.25956279 6.143375160000001 2.7378042300000005 0.017580000000000002 -3.970151 -0.048201
9080 -0.20387142 6.17855382 2.52898857 -0.721716 -0.35846300000000003 0.225086
9100 8.00205624 9.45119925 -0.6679138500000001 1.261946 2.009755 0.874704
9120 7.988587110000001 11.83408749 3.230433 0.039709 0.553072 0.981265
9140 1.32923538 9.8936793 2.1983327100000003 -0.487109 1.4859 0.195519
9160 -3.4865524800000003 5.75119098 0.44757144 -0.240663 0.05206 -0.289099
9180 -0.60563997 5.111274870000001 -2.0061253800000003 0.195776 -0.783957 -0.190976
9200 0.76805433 5.47261641 -3.3057247500000004 0.146928 -0.693507 -0.390122
9220 2.70338094 4.8716165700000005 -5.1602169600000005 0.414793 -0.01141 -0.436127
9240 4.60876743 6.02646939 -5.5935639 1.298541 0.605363 -0.131642
9260 6.48511632 10.06297047 -3.81227391 2.164504 1.042251 0.151584
9280 8.86501251 7.962541560000001 -1.5304188600000002 3.00605 1.602408 0.531691
9300 10.781925750000001 4.12482051 1.04393115 3.661426 1.014106 0.829715
9320 9.969118199999999 -1.00695726 2.2210821000000003 3.741993 0.33252800000000005 0.976429
9340 -6.6741746399999995 2.79558513 -20.73787893 3.334719 1.032112 1.138262
9360 -7.08432093 23.06583117 -5.61841263 1.817784 0.031194 1.277432
9380 -2.70338094 34.6068351 3.97827873 1.357794 -0.7374229999999999 1.015626
9400 2.5746443100000005 4.62283497 -1.52472906 0.8794280000000001 0.246669 0.421365
9420 2.90725236 7.30062162 1.4373121500000001 0.284298 0.448269 0.33897
9440 5.92617195 12.72623832 -1.3966006500000003 -0.536352 0.5547979999999999 0.250848
9460 12.12987861 15.736623210000001 -0.43319979 -1.6600720000000002 0.885968 -0.07362
9480 6.79137471 14.03091927 -3.239262 -3.021141 1.318094 -0.663725
9500 2.4908178600000004 13.242067740000001 -5.469330060000001 -3.909224 1.4603 -1.621896
9520 -1.8405718200000003 13.01723235 -5.438340270000001 -3.76186 1.6693330000000002 -2.873091
9540 -1.93442409 10.869195509999999 -7.03551618 -3.329949 0.16075 -2.676929
9560 1.87709445 8.81112618 -6.811132050000001 -2.570468 -2.92333 -1.445626
9580 2.4417188100000002 9.70237449 -6.59812752 -1.822679 -4.028479 -0.382515
9600 2.12707287 9.633665250000002 -3.57950223 -0.212094 -2.0784990000000003 0.486155
9620 0.6554845799999999 7.77947715 2.32497 0.425102 -1.498531 -0.17991300000000002
9640 0.00942741 5.9029713 2.0713913100000005 -1.74165 -3.596981 0.064015
9660 0.32347494000000004 7.68008223 0.7937957700000001 0.061242 0.976918 -0.068122
9680 4.219575300000001 10.28182176 0.88690248 -0.340857 0.7400220000000001 0.381231
9700 2.6782281 12.741953940000002 0.76925115 -0.924379 -0.104247 0.230822
9720 0.69575463 9.1479231 -0.5258552400000001 -0.344896 1.611731 -0.225596
9740 -0.6045903 8.33766615 -0.5680676700000001 0.421577 -1.240032 -0.086265
9760 0.5041555199999999 5.759274420000001 -2.3077534500000003 0.700512 -0.81533 -0.24189
9780 3.213069300000001 5.01233121 -3.6932688 2.078273 0.490043 -0.207233
9800 5.877082710000001 5.07459528 -3.9329172900000002 3.436056 1.135505 0.769233
9820 6.93328617 4.8093525 -3.7178232300000005 4.086191 1.286715 1.551246
9840 6.64184088 5.4664851599999995 -3.9413048400000004 4.031686 2.124469 1.220779
9860 5.87423781 4.617743580000001 -2.0404113300000004 3.147761 1.564833 1.013428
9880 7.314836310000001 3.0279055500000003 0.8599642200000001 2.132719 -0.133113 1.068335
9900 5.83980471 0.6719555700000001 2.1713846400000003 0.86944 1.467247 1.019004
9920 -4.92446304 5.825138760000001 -27.945982440000005 0.007081999999999998 0.301065 0.627778
9940 -5.95970253 16.253796599999998 16.34256729 -0.4366020000000001 0.27460100000000004 -0.626175
9960 0.65519028 27.19709685 0.57345336 -0.651826 0.679411 -1.23922
9980 6.03335601 11.03235543 -4.9793990400000006 -1.504267 -0.534161 -1.509606
10000 5.056338870000001 10.49721993 -0.27333603 -2.41858 -1.7073009999999995 -1.980234
10020 8.471935620000002 22.896088740000003 -3.09361293 -3.751491 -2.092279 -2.053145
10040 7.12053945 14.594199660000001 -3.2479438500000004 -4.205762 -1.666727 -0.722654
10060 3.4151454900000004 13.9484466 -6.4970845200000005 -2.694731 -1.806955 0.266572
10080 -3.42951714 12.0424617 -9.54310914 -0.8815040000000001 -1.375598 0.578855
10100 -3.10499253 12.53089179 -8.85932271 -0.570894 -4.260435 -0.204695
10120 0.45819567 10.68912315 -6.17211846 0.6919310000000001 -4.0367370000000005 -1.561348
10140 -1.62412398 8.83867266 2.65308507 -1.861135 0.946163 -1.098458
10160 -2.8749186 4.922814960000001 4.569998310000001 -0.198652 0.95146 -0.6681090000000001
10180 0.7899110100000001 -0.94379067 5.248389240000001 -0.8242370000000001 1.805598 0.990716
10200 3.0955651200000003 -0.12768696000000002 2.8993160700000002 -0.50269 1.114899 1.876199
10220 4.56251328 8.120914200000001 1.21637133 0.640121 -2.85927 -0.004683
10240 2.16988371 14.330448000000002 4.42719414 0.147768 -1.6790580000000002 -0.6142489999999999
10260 2.4873745500000006 9.0867087 4.133649510000001 0.0033909999999999995 0.038761 -1.435716
10280 3.0105418500000005 7.09809417 -1.2000573 1.092897 0.13512000000000002 -0.903733
10300 2.89213515 6.5848055400000005 -4.92446304 1.634173 0.696005 -0.179621
10320 5.565723120000001 8.051606549999999 -9.1561635 2.004554 1.168188 0.497478
10340 13.31600571 15.266155230000003 -6.995403090000001 2.467954 -0.231683 0.919115
10360 11.55985875 5.26035744 -4.02183513 2.702139 -0.556249 1.428572
10380 7.50733794 -0.06675705 1.42054686 2.529795 -0.792549 1.7962080000000002
10400 -6.3740475000000005 -2.85590682 -4.674033360000001 1.629076 -1.028166 2.091457
10420 -10.16655426 0.20926692000000002 -13.20344577 0.8882559999999999 -1.528864 1.6735220000000002
10440 -8.95498002 14.67024678 11.950394850000002 0.5164489999999999 -1.41675 1.6643720000000002
10460 -6.52298292 36.008517330000004 -5.25676698 0.5376270000000001 -0.960952 1.681027
10480 13.48740603 9.35719002 1.49090418 -0.009297 -0.613988 1.701331
10500 21.919365900000003 20.95193313 -7.162006320000001 -1.021805 -0.253268 1.3498290000000002
10520 15.385905900000001 14.216838390000001 -1.98367029 -1.808796 0.196044 0.7594390000000001
10540 1.2364327800000001 8.33661648 1.7455227299999998 -1.945821 0.656147 0.370127
10560 -0.91938339 16.395551100000002 -1.52817237 -1.464968 -0.005747 -0.222802
10580 -4.62403179 14.09364441 -3.71797038 -1.079116 -0.5454479999999999 -0.921237
10600 2.8298612700000003 9.48413142 -7.222328010000001 -1.32851 -0.782126 -1.456786
10620 7.1973321299999995 7.539966 -5.426960670000001 -1.170945 -1.546676 -1.672623
10640 6.6783635100000005 6.80110623 -6.2285455800000005 -0.42064 -2.582963 -1.580597
10660 3.1922622900000004 7.11485946 -1.82710269 -0.203866 -1.574526 -0.6093609999999999
10680 0.5001138 6.505923330000001 0.5457695400000001 -0.221022 -0.391743 0.121804
10700 -0.16330707 6.31207773 2.54994273 -0.28730100000000003 -0.644993 0.373766
10720 1.59793128 9.66121173 0.44008641 -0.5701229999999999 -0.59412 0.683646
10740 4.90859046 15.28112529 -1.39479561 -0.57029 -0.367214 0.949341
10760 7.2097614 13.96909665 0.43289568 -0.676319 -0.5962770000000001 1.048239
10780 1.3825233000000001 11.869119 -1.91497086 0.422268 -3.872691000000001 -0.262348
10800 -1.7302485600000002 11.487716010000002 -4.19039055 -0.789207 -0.63031 -0.46404
10820 -0.76356135 9.540862650000001 -4.701275730000001 -0.092181 -1.082068 -0.515208
10840 -0.17633475 8.11163394 -3.94384563 -0.61737 -0.419707 -0.26655700000000004
10860 -2.0707929000000003 7.366927410000001 -3.63579201 0.70495 -0.787499 -0.013295
10880 -1.2916630800000002 5.35646601 -1.8808418700000002 -0.056208 -2.349489 0.18742
10900 0.8886977100000001 4.66639137 -1.9808352 -1.346853 0.5450699999999999 -0.076336
10920 2.54171214 4.904401590000001 -5.26559598 -1.669032 0.717654 -0.863951
10940 5.552705250000001 8.7690609 -8.008491600000001 -1.326881 -0.151502 -1.187323
10960 8.070314220000002 11.21542965 -8.27838432 -1.482475 0.466477 -1.08238
10980 7.305556050000001 8.952135120000001 -6.81801867 -1.502155 0.325116 -0.879374
11000 6.06059838 6.01044966 -5.95371843 -1.376886 -0.128815 -0.956965
11020 5.303619540000001 4.60427445 -3.6554022 -1.319755 -0.711715 -0.957956
11040 6.61938579 4.20475239 -4.13620011 -1.327906 -0.523547 -0.8546360000000001
11060 6.36581691 2.3019165 2.6479936800000003 -1.348325 -0.085632 -0.8585450000000001
11080 -7.568856450000001 22.750145370000002 -15.420633299999999 -1.235745 0.315316 -1.056961
11100 -0.58213521 19.31073975 13.598170740000002 -1.1111209999999998 0.446158 -1.118216
11120 -2.35221237 14.04619344 7.2889379100000005 -0.954191 0.588935 -0.995525
11140 1.8526969800000002 12.03916554 3.78876915 -0.8728610000000001 0.884893 -0.75285
11160 11.223356129999999 27.132125220000002 -3.99834018 -0.477065 1.3416370000000002 -0.7645569999999999
11180 0.45849978 12.73267368 0.07394777999999999 0.18632 0.851184 -0.96653
11200 -5.82767955 15.841109520000002 8.13842505 0.266202 -0.560755 -0.92357
11220 -8.67131406 12.73537143 3.56438502 0.416623 -0.966263 -0.612216
11240 -7.16439996 13.73604048 -4.65576714 1.0512 -0.14766600000000002 -0.21359
11260 1.0090467900000002 13.499678339999999 1.1455725600000002 2.25849 -1.529722 0.169423
11280 5.232369510000001 11.424098160000002 -0.42796125 2.60495 -1.591324 0.887631
11300 3.4895445300000003 10.9004796 -1.1915225999999999 3.081816 -1.5152290000000002 1.6898939999999998
11320 1.82455209 9.22157658 -1.01324547 3.205308 -2.022512 2.433821
11340 1.09183338 7.686968850000001 0.2881491300000001 2.203378 -1.608423 3.111022
11360 0.49607208 6.76802691 0.15672456 1.37199 -1.096724 3.207109
11380 -0.4601478600000001 7.200324180000001 -0.17738442000000001 0.913527 -1.258259 2.975514
11400 -0.59621256 6.73659567 -0.6987466800000001 0.481613 -1.600258 2.828725
11420 0.46508229 7.22682099 -1.1627793 0.5833510000000001 -1.545207 2.560173
11440 1.92110211 8.74301535 -1.8684126 0.216626 -1.743038 2.534364
11460 1.88068491 9.36661743 -2.5403681700000003 -0.416737 -2.1410240000000003 3.241886
11480 2.4544423799999997 10.869499620000003 -4.07198385 -0.209395 -3.093763 3.158029
11500 6.00251337 10.96140951 -2.4328898100000007 -0.481641 -4.30846 2.932289
11520 8.24664897 9.18205209 -1.9561336200000001 -0.77341 -4.141651 2.49634
11540 10.96485282 9.215288370000001 -2.73765708 -1.119043 -4.067315 2.321846
11560 5.705682390000001 12.107276370000001 -5.30885808 -1.46128 -4.226129 2.108151
11580 6.170019120000001 15.478865460000002 -2.42181432 -1.7968509999999998 -4.4166690000000015 1.564463
11600 6.318964350000001 13.98990366 -0.45849978 -1.62021 -4.283275 1.086963
11620 4.49126325 12.969928530000002 -1.25543475 -1.637919 -3.827987 0.7326739999999999
11640 2.2547598300000002 14.747480910000002 -0.07648857 -1.659749 -3.260198 0.220116
11660 0.237402 14.444508870000002 1.9595769299999999 -1.618687 -2.216503 -0.27872600000000003
11680 -0.7218001799999999 17.5230144 2.62149687 -1.511661 -1.405342 -0.492663
11700 1.92155337 15.506402130000001 0.33978897 -0.997352 -1.467544 -0.5680390000000001
11720 3.01967496 13.33741113 -1.10320317 0.644958 -2.321067 -0.068364
11740 4.01494851 12.960952380000002 -1.2427111800000001 0.326999 -1.201907 0.583869
11760 5.360203620000001 12.42012708 2.4647723100000003 -0.55909 0.225043 0.94866
11780 8.076602430000001 11.102859900000002 3.5512200000000007 -0.740146 1.248324 0.951425
11800 4.1436851400000005 11.1287583 1.9296368099999999 -0.912798 0.655035 0.551465
11820 1.8233552700000002 10.92697641 3.39897861 -2.697388 0.30088200000000004 0.35465100000000005
11840 1.01698308 9.67049199 4.97115864 -2.8460240000000003 -0.620807 -0.258366
11860 0.61866765 7.438628700000001 3.8987883 1.337056 -1.885882 -0.273459
11880 0.24294465 5.861514240000001 3.6435713400000003 1.250951 -4.721963 0.14618
11900 -0.8186445 6.27166053 3.57860952 0.15517 -2.531753 -0.502009
11920 -2.4920146800000005 5.29149438 3.78847485 -1.232816 1.291921 -0.730248
11940 -3.6905710500000004 6.0387417 2.72523762 -0.877972 2.640199 -0.947415
11960 -4.4559374400000005 7.548647850000001 1.5582596400000002 -0.062859 -1.239174 -1.7432580000000002
11980 -5.22098991 8.13318651 0.78690915 -1.425372 -3.172218 -2.00133
12000 -3.1738489200000006 8.99030583 -1.86092757 -1.741213 -0.866034 -0.629553
12020 1.0060547400000002 12.397367880000001 -7.75582524 -0.8368690000000001 -2.05495 -0.065169
12040 6.5310663600000005 13.635595890000001 -13.27574547 -1.046549 -1.3016370000000002 0.34153
12060 9.53876331 11.09522772 -6.352642080000001 -1.922883 -0.485722 0.057694
12080 7.347317220000001 8.443339470000002 0.06182262000000001 -2.095852 -0.401748 -0.545031
12100 5.7312864900000005 5.77065402 1.1201254200000001 -1.635376 -0.301022 -0.825023
12120 5.32113039 2.55278763 -0.786762 -1.557459 -0.217552 -0.986955
12140 7.938742500000001 1.82051037 6.176758590000001 -1.15255 -0.315963 -0.970114
12160 4.858147440000001 10.33540398 6.158198070000001 -0.701476 0.043967 -0.7954399999999999
12180 11.791727910000002 30.967903890000002 -16.31472651 -0.567802 0.313277 -0.594026
12200 1.3850739 28.04896782 -13.33831365 -0.593354 0.378135 -0.540877
12220 -8.174054970000002 3.2718998700000004 8.964260280000001 -0.693591 0.443249 -0.487181
12240 -7.948169910000001 -0.46118772 5.8107671100000005 -0.813192 0.145534 -0.523954
12260 -6.0614910900000005 -0.51313167 6.865028189999999 -0.8112189999999999 -0.156893 -0.553463
12280 -3.53804517 6.565499460000001 2.9702718 -0.66893 -0.22165 -0.466929
12300 3.77559432 27.12464019 -1.62412398 -0.366615 -0.282833 -0.613221
12320 9.50987286 18.051861690000006 1.26187992 -0.05535 -0.768811 -0.563423
12340 4.68195984 6.20998506 -0.44338257000000003 0.057267999999999986 -0.27223200000000003 -0.435086
12360 -0.37287810000000005 10.024054200000002 1.9173645000000001 0.434239 -0.044043 -0.284262
12380 -3.0570903000000005 9.954746550000001 3.07056924 1.007056 -0.027978 -0.003612
12400 -4.06854054 7.48294047 1.4455427399999998 1.843198 0.231138 0.805199
12420 -2.3593932900000008 7.872279750000001 -0.23127075 2.762154 -0.035373 1.653719
12440 -1.21337928 8.70904332 -0.15492933000000003 3.893008 -0.815453 2.079224
12460 0.32542713 9.08999505 -1.11907575 4.0323150000000005 -1.05262 2.659477
12480 1.344951 8.5458834 -0.7683486300000001 2.940101 -1.852273 2.980817
12500 1.63624914 8.008942860000001 -0.8791231500000001 2.306244 -0.586121 2.84658
12520 2.16569484 9.85445892 -0.29069973 1.821675 0.754558 2.3276630000000003
12540 2.6837707500000003 10.64616516 0.9111528000000001 1.359553 0.940526 2.309241
12560 2.30295636 9.85130991 0.25162650000000003 1.7277669999999998 0.934174 2.5126470000000003
12580 2.02903173 9.450002430000001 -0.17513793000000002 0.755706 0.075387 2.86588
12600 1.4555685600000001 10.801241639999999 -0.6515998200000002 0.795484 -2.041372 2.579383
12620 1.5187449600000003 10.54526931 -0.7589212200000001 0.45707 -2.273914 2.152164
12640 2.17363113 9.84981879 -0.27258066000000003 0.31050700000000003 -2.210319 1.827388
12660 3.4326661500000006 10.568921220000002 0.39084021 0.12306 -2.344125 1.619015
12680 1.88727723 11.89545885 0.49143195 -0.29806 -2.318101 1.337234
12700 2.92057434 13.48470828 -0.13187583 -0.856721 -1.831261 1.020787
12720 4.6668426300000005 12.39048126 -1.2159200700000001 -1.382098 -1.413316 0.588225
12740 5.90880825 12.209663340000002 -2.9921284800000003 -1.707985 -1.152047 0.003433
12760 4.20281001 12.791798550000001 -5.55928776 -1.97493 -0.665924 -0.652807
12780 1.66842594 11.33817237 -2.5836302700000005 -1.888537 -0.234963 -1.4069200000000002
12800 -1.17356049 14.562022859999999 -0.50385141 -1.105345 -0.6566930000000001 -1.848494
12820 -4.7865933 15.64306524 4.501740330000001 -0.275822 -0.971861 -1.807045
12840 -1.77336351 17.17962516 2.09923209 -0.60343 -0.266283 -1.082778
12860 2.38888215 14.186751120000002 -1.9020903300000003 -0.5270020000000001 0.420527 -0.543672
12880 4.90425444 13.136531759999999 -3.8733411600000003 -0.940676 0.8190270000000001 -0.207378
12900 4.293974340000001 10.75647861 3.2078307600000002 -1.153306 1.109027 -0.084253
12920 2.67344082 10.853627040000001 -1.9432629 -1.16338 1.089433 -0.237054
12940 0.80173206 9.19642374 0.37451637000000004 -1.0692700000000002 -0.32245300000000005 -0.751606
12960 1.2205602 8.56428696 -0.15538058999999999 -0.890331 -1.223806 -0.874183
12980 0.015264360000000001 6.8454180000000004 0.18112203000000002 -0.869334 -1.027898 -0.600823
13000 -1.23687423 5.160668220000001 0.016461180000000002 -1.147722 -1.219753 -0.33333
13020 -2.14219989 4.00057686 0.40340682000000005 0.626962 -2.346452 -0.364355
13040 -2.12737698 3.13493265 0.26195643 -0.123715 -0.543717 -0.318498
13060 -1.18733373 1.91901258 -0.50355711 -0.975299 0.080695 0.112725
13080 -0.7438040100000001 1.06698465 -1.3347780300000003 -0.015429 1.676297 0.12486300000000003
13100 -1.0565075700000002 0.3876912 -2.8451354400000004 0.613256 1.582718 1.401626
13120 -0.62794791 1.6139412000000002 -5.182672050000001 0.482836 -1.266561 1.697059
13140 2.06390628 4.36223232 -5.646263220000001 -0.135114 -2.228956 1.014587
13160 6.273750060000001 14.30231292 -4.006413810000001 -0.735737 -0.6939350000000001 -0.317239
13180 4.47674445 17.13202704 -2.00762631 -0.625047 -0.538808 -0.578379
13200 3.6645255000000003 6.48196731 -5.24674116 -1.060133 -0.562469 -0.41154
13220 2.88584694 3.7368252 -3.6739627200000005 -1.133276 -0.242432 -0.195612
13240 0.17214587999999997 4.69588023 0.8195470199999999 -0.79289 0.159393 -0.278139
13260 -3.1599285300000006 7.9361919 1.2897207000000002 -0.433976 -0.038699 -0.335199
13280 -1.5820587000000002 6.97145688 -3.3235397100000004 0.15884 -0.03897 -0.248804
13300 2.7009873000000004 6.852451770000001 -2.7178997400000005 1.104345 1.279428 -0.165909
13320 3.5200830600000006 6.304887000000001 -1.02611619 2.1012470000000003 1.436669 0.139955
13340 0.73901673 5.998922909999999 -3.2858202600000004 2.997568 1.470077 0.8640180000000001
13360 -3.40825887 21.68151264 -8.96530995 3.4041900000000003 1.407576 1.488643
13380 3.93052365 11.57153265 6.0185331 3.718835 1.415003 1.7557509999999998
13400 -1.82470905 6.53226318 3.69312165 3.415842 1.149964 1.964414
13420 -0.91758816 18.36306432 -10.702739430000003 2.453838 0.178021 2.102081
13440 24.86569149 22.07579616 -3.3703922700000004 1.671416 -1.002413 1.476423
13460 9.357935580000001 4.679271900000001 2.77522938 1.461922 -0.789203 0.8209350000000001
13480 0.53708769 7.8200415 2.07543303 0.8129430000000001 -0.912861 -0.191841
13500 -6.50666889 15.05733957 5.09899275 0.405149 -0.4725140000000001 0.064324
13520 -1.4572166400000002 12.212056980000002 -1.2460073400000002 -0.534176 -0.032641 0.366984
13540 5.376223350000001 13.67706276 -1.3522888800000001 -1.978977 0.387863 0.357421
13560 6.95409318 10.9434474 -0.82493271 -3.4647 0.950018 -0.140786
13580 4.42989189 9.84876912 -3.28312251 -4.258066 1.520003 -1.331717
13600 0.27168795 11.87825211 -6.077657970000001 -4.088401 1.909127 -2.617169
13620 -2.10671712 10.40635971 -4.68779679 -3.132669 0.6137630000000001 -2.915413
13640 -0.5161237200000001 7.88081445 -5.21186661 -2.4653080000000003 -2.016652 -2.100874
13660 2.69035326 8.09247501 -7.636368870000001 -1.90572 -1.335453 -0.5788260000000001
13680 3.5983668600000005 8.17480053 -6.4273354199999995 -1.688152 -0.123769 0.180647
13700 1.7950632300000002 8.26236459 -3.85882236 -0.876326 -1.314326 0.436739
13720 -0.41583609000000005 8.19455787 -1.8013514400000001 -0.291115 -3.903949 -0.617668
13740 -0.7355734200000001 8.18063748 1.65256317 0.664488 -1.251055 -0.73617
13760 1.99879731 8.09800785 3.03254568 -0.504628 2.228997 0.326904
13780 6.83298873 8.94629817 1.19362194 0.100905 1.928778 1.085683
13800 7.65433098 9.997106129999999 1.10410569 -0.223996 0.030124 1.45011
13820 3.34704447 12.14304363 0.7575772500000001 -0.286745 0.38998 1.2900459999999998
13840 -1.23148854 7.88110875 -0.23232042000000003 -0.23185300000000006 -2.438388 0.7257600000000001
13860 0.5095412100000001 6.652916370000001 -2.06241516 0.211459 -1.7534 0.338077
13880 1.84446639 5.3561619 -3.42681939 -0.16047 -0.612032 -0.518424
13900 2.7276312600000003 3.82409496 -4.720581810000001 0.187659 0.048569 -1.118248
13920 2.9087532900000004 3.5278623900000006 -4.77761715 0.563882 0.437366 -0.6386229999999999
13940 2.6048787300000003 5.01501915 -4.3266024000000005 0.981322 1.738647 -0.346818
13960 4.48242444 6.237227430000001 -3.6203706900000006 1.902391 1.840904 -0.07773300000000001
