time Ax Ay Az Gx Gy Gz
20 3.24136134 5.06770866 -0.8818209 -0.882225 -0.647983 0.039533
40 3.49208532 5.98246173 -0.7605693 -1.252813 -0.063808 -0.006533
60 3.7474592400000004 6.40667556 -0.38484630000000003 -2.09288 0.660836 -0.141516
80 4.12003323 7.30181844 1.0310604300000001 -3.3886230000000004 1.322241 -0.316989
100 3.67006815 8.487798390000002 0.83076966 -4.306491 0.594199 -0.738005
120 3.5670827700000003 10.03588506 1.0653365700000001 -4.310077 0.154721 -0.854972
140 4.56700626 11.42065485 3.51813087 -3.478697 0.857318 -0.921636
160 5.240600100000001 10.94029839 2.9273138100000002 -2.7267080000000004 0.9179999999999999 -1.296748
180 2.94377499 11.16647775 -1.21337928 -1.012606 2.112837 -2.148361
200 1.0193767200000001 12.250227690000001 -1.31337261 -0.658665 0.8226870000000001 -2.429451
220 1.83712851 12.86574633 0.80187921 -1.387385 -1.518868 -3.108793
240 3.28162158 14.42370186 0.6059440800000001 -2.034599 -2.152549 -3.1199790000000003
260 3.9906981900000003 13.943806470000002 2.6617669200000003 -2.082453 -2.664273 -2.714802
280 2.64425607 13.118422500000001 2.1623986800000004 -2.077468 -3.414296 -2.436068
300 2.18305854 12.57535071 2.2068576 -1.924369 -3.390791000000001 -2.053674
320 3.1681591200000003 12.5198163 2.0850174000000004 -1.458505 -3.146583 -1.723856
340 4.133502360000001 11.99501073 -1.8832355100000002 -0.989932 -2.995239 -1.616092
360 5.08447395 12.079877040000001 -5.191353899999999 -0.716218 -3.046482 -1.559635
380 5.22818064 13.20119928 -5.06442231 -0.687084 -3.122574 -1.4706709999999998
400 4.1412915 13.638735090000003 0.38694564000000004 -0.581177 -2.959293 -1.369728
420 2.4983028899999997 13.889920140000001 -2.68257393 -0.23921 -2.651227 -1.1840000000000002
440 1.6220246400000002 14.979350069999999 -2.47106052 0.193567 -2.470576 -0.915221
460 1.45512711 12.41293635 -1.99325466 0.423544 -2.311583 -0.648899
480 2.08621422 9.103473990000001 -2.25640791 0.4719100000000001 -2.151113 -0.328301
500 3.8728997100000004 7.61077458 -2.68436916 0.517047 -1.980047 0.009354
520 3.6377343900000003 6.02003403 -0.93645279 0.336246 -1.925642 0.4128770000000001
540 3.22100559 6.686594100000001 0.04759812000000001 -0.15646600000000002 -2.059352 0.710845
560 2.67628572 7.65074052 0.03322647 -0.813529 -1.939391 0.319406
580 2.4294465 8.50351401 -0.08981055 -1.194206 -1.541618 -0.521249
600 2.6761385700000004 8.71428186 -0.46194309 -0.773077 -1.456665 -1.084574
620 3.1368750300000006 7.8161469299999995 -0.14534496 -0.284466 -1.40226 -1.260692
640 3.6772490700000002 6.1469656200000005 0.7575772500000001 0.270508 -1.163168 -1.060569
660 4.11030171 5.1224975100000005 0.8089129800000001 1.117725 -1.019269 -0.219486
680 3.8684067300000002 5.13656505 0.88301772 0.977542 -0.273381 0.385329
700 3.5176894200000004 5.482200780000001 1.38207204 -1.842468 1.000167 0.030714
720 2.8717794000000003 5.942338830000001 2.66820228 -3.417142 -1.243943 -0.574546
740 2.0011909500000002 6.97249674 3.44329038 -0.411984 -2.2151240000000003 0.194377
760 2.23335441 9.21902598 3.62231307 1.167148 -1.232583 1.398421
780 2.73586185 12.581187660000001 4.67193402 1.985431 -0.796187 1.845821
800 2.2498254 15.05299374 6.885982350000001 0.79185 -0.5561520000000001 2.260192
820 0.21061089 12.682672109999999 5.37442812 -1.151866 -2.369292 1.824854
840 -0.92073717 8.432116830000002 3.83592582 -1.726036 -3.347204 -0.07506499999999999
860 -2.0411568900000003 5.81211108 5.25886632 -0.328987 -2.571372 -0.8300799999999999
880 -0.67030749 6.949747350000001 2.59695225 0.5338579999999999 -2.958582 -0.916492
900 3.66827292 9.98812998 -1.83712851 0.44276 -2.6816020000000003 -0.307528
920 10.164611879999999 22.44237624 4.63481298 0.599014 -2.849021 0.131749
940 11.061393030000001 32.34069567 6.64408737 0.8632340000000001 -2.609529 0.217677
960 3.65420538 -4.818328650000001 -2.11854798 1.106714 -1.7375080000000005 -0.14920799999999998
980 4.4131266 -9.11065491 2.57165226 1.043335 -1.179914 -0.208049
1000 2.78391123 -4.51251171 -5.68218744 0.851741 -0.935881 -0.063354
1020 -0.0015009300000000001 3.44747925 -11.918512350000002 0.8505659999999999 -0.935864 0.19942
1040 4.95843507 19.58751909 -8.91456282 0.774673 -1.066123 0.338994
1060 0.90890631 31.69673784 8.08707951 0.682923 -1.047765 0.35649000000000003
1080 0.50999247 13.91042304 1.8220113000000002 0.775591 -1.122492 0.315572
1100 5.05887966 5.53115268 -0.62615268 0.6738890000000001 -0.800122 0.239673
1120 7.06007061 3.8148147000000003 -2.09009898 0.5984 -0.42319 0.082702
1140 6.417309600000001 4.6250814600000005 -1.4694987600000002 0.47374 -0.406693 0.061514
1160 4.96682262 6.8255037000000005 0.64859796 0.151785 -0.417979 0.232332
1180 3.82798953 10.30995684 1.6591456800000002 0.073559 -0.42438 0.302296
1200 3.1031973 9.19208772 0.88630407 0.276668 -0.309188 0.090991
1220 3.76332201 6.90423876 -0.23246757 0.435433 -0.177511 -0.208239
1240 5.05603476 6.480319230000001 -1.2946551300000002 0.2357 -0.312827 -0.294918
1260 5.38534665 6.842573100000001 -1.77037146 -0.123634 -0.296431 -0.088078
1280 4.15146447 8.04950721 -0.8930435400000001 -0.811825 0.059122 0.038051
1300 3.5839952100000003 8.916956460000002 0.19114785 -1.498153 0.278508 -0.150759
1320 3.70673793 9.497002140000001 1.01264706 -2.215656 0.374717 -0.411199
1340 4.002529050000001 9.508980150000001 1.06832862 -2.955727 0.27468200000000004 -0.593565
1360 5.27772114 8.7835797 1.1124834300000002 -3.296608 0.548901 -0.675346
1380 5.96165472 8.573567220000001 0.04355640000000001 -2.798776 1.467218 -0.852506
1400 3.96345582 9.55493019 -2.24847162 -1.948715 2.456597 -0.990978
1420 1.2304388700000002 11.66344254 -2.86833609 -1.603733 2.473664 -1.2951700000000002
1440 1.53670707 12.77757405 -0.86804766 -1.3448639999999998 1.823087 -1.86189
1460 3.48175539 13.0347432 -1.0785114 -1.864461 0.64452 -1.851191
1480 4.9308984 12.16444905 -0.47945394 -2.088 -0.580226 -2.003939
1500 4.24052946 12.44092428 1.09707192 -2.207217 -0.679192 -1.926664
1520 1.89804861 13.39848819 -0.14385383999999998 -2.367445 -0.549258 -1.514548
1540 1.9562807700000002 12.65707782 0.769104 -2.436223 -0.180234 -1.032665
1560 2.5131258000000005 10.20996351 1.5037749000000002 -2.385512 0.137445 -0.601156
1580 2.5158137400000005 8.68299777 -0.49966254000000004 -1.854572 0.123709 -0.29085
1600 4.68315666 9.214542810000001 0.46642626 -1.177061 -0.066191 -0.009205
1620 7.235649990000001 9.35958366 0.32946885000000004 -0.640211 -0.052909000000000005 0.199626
1640 8.82040644 10.88296875 -0.4564004400000001 -0.266377 -0.235044 0.40116
1660 6.508169820000001 12.14425026 -1.47937743 0.434394 -0.441128 0.713967
1680 4.73016618 13.457917170000002 -0.9952833600000001 1.203804 -0.587715 1.006881
1700 6.26073219 10.595565180000001 -0.77553936 1.780183 -0.850274 1.165067
1720 4.48452378 9.70132482 0.057633750000000004 2.0150900000000003 -1.3568 1.091514
1740 3.37472829 7.41738024 1.1493101700000001 1.941448 -2.259264 0.667003
1760 3.73548123 3.2042403000000004 1.6039153800000001 1.810421 -2.614067 0.264891
1780 4.48018776 3.25033749 2.2221317700000003 1.609664 -3.041116 -0.124797
1800 4.547994480000001 3.98725488 2.50818156 1.189694 -3.198466 -0.371083
1820 4.51745595 4.7741738400000004 2.78690328 0.419586 -2.967727 -0.6619729999999999
1840 3.62142036 6.09712101 3.10484538 -0.544832 -0.259022 -0.818527
1860 2.5313822100000003 6.23648187 2.5442627399999997 -0.72654 1.224998 -0.683897
1880 1.93173615 5.87887794 2.10582441 0.150089 -0.027679 -0.666555
1900 2.4191165700000004 4.65262794 2.11001328 -0.061185 0.027466 0.110633
1920 2.0258827200000002 3.92992524 2.27302605 -0.040482 -2.182996 0.8944799999999999
1940 1.24915635 4.22960112 2.1055203 -3.963631 1.174487 1.431068
1960 1.15589268 5.58683424 1.15364619 0.668165 3.887631 -0.68825
1980 0.85008555 7.57200546 0.5846858100000001 -0.868108 2.364865 -0.566706
2000 0.9737209800000001 7.746240870000001 2.01930021 -0.171284 -0.033251 -0.858936
2020 0.94333941 4.6309184100000005 1.4855086800000001 -0.867667 0.687512 -0.68099
2040 -0.28381311 1.23703119 1.27040481 -2.724789 0.836758 0.101672
2060 -3.8547806400000004 1.4341631400000003 0.7851139200000001 -3.267271 3.087355 -2.538168
2080 -5.747894820000001 1.9928034 4.926258270000001 -3.790719 1.086379 -2.254045
2100 -1.9297839600000002 0.6767428500000001 3.7898188200000003 -3.162377 -0.375547 -0.844139
2120 5.2667928 1.67487111 -0.40640868 -1.6137549999999998 0.102555 -0.004994
2140 8.71921629 4.581525060000001 -3.74102388 -0.938561 0.485005 -0.061657
2160 11.49654501 10.057584780000001 -0.56373165 0.029613 0.047411 0.1059
2180 13.04387631 37.50181515 40.466397150000006 0.914065 -0.522752 0.730241
2200 0.38589597 19.05207948 -6.80290146 1.558014 -0.745862 1.087538
2220 -2.9553017400000003 4.52912985 -4.5574218900000005 1.98072 -1.068511 0.95524
2240 -3.1012549200000006 3.34868274 0.26944146 2.612506 -1.604112 0.616372
2260 -1.9157164200000003 8.35637382 8.50561335 3.174314 -2.075313 0.483099
2280 7.54491024 31.14872181 14.341229190000002 3.071741 -2.964729 0.8157399999999999
2300 12.368928690000002 36.82057932 11.85833781 2.220103 -4.019389 0.764141
2320 12.08123082 11.79487692 -1.67202621 1.1172030000000002 -1.729326 -0.339289
2340 9.61300539 1.7594431200000002 -4.27661064 0.583285 1.7893830000000002 -1.233083
2360 2.60832204 3.8872615500000003 8.26925121 0.5001369999999999 1.241413 -1.322693
2380 3.93202458 13.55686083 5.235214409999999 -0.096359 0.016572 -0.862749
2400 4.95469746 7.006184280000001 1.66423707 -1.170357 -0.709537 0.230948
2420 3.7381789800000003 4.90305762 2.32002576 -2.505621 -3.005214 1.388925
2440 3.02221575 3.99354309 1.65870423 0.475048 2.830392 0.398138
2460 2.58991848 4.21014789 0.8256782699999999 -0.264177 2.067248 0.07562200000000001
2480 1.54463355 3.23132571 -0.4379870700000001 -0.269282 0.732212 -0.124597
2500 0.25791471 0.05149269000000001 0.89813493 -0.555408 1.350095 -0.414739
2520 -0.85456872 -2.27721492 0.3501189 -2.4399490000000004 1.0794549999999998 -0.36453
2540 -1.8598779 -0.30910329 -0.8057737800000001 -3.124271 2.256779 -1.948583
2560 -5.4586960200000005 5.94847989 1.7793476099999999 -3.305218 2.227125 -1.835509
2580 -8.18049033 15.25627656 14.57773848 -3.031923 -0.370433 -0.904123
2600 0.7553307600000001 9.40059927 9.278307810000001 -1.816729 -0.30938000000000004 0.355175
2620 6.299501310000001 2.2960795500000004 -5.462590590000001 -0.327851 0.8875280000000001 0.245468
2640 9.907746840000001 4.68451044 -1.5476354099999998 0.806624 0.8150649999999999 0.333602
2660 11.266019819999999 9.955197810000001 5.38729884 1.419978 -0.130909 0.60295
2680 9.37814418 22.42591506 19.347566490000002 1.854191 -0.479156 0.734615
2700 -0.26075961000000003 13.43411811 -6.21013221 2.157111 -0.739053 0.730655
2720 -4.45488777 9.04209282 -0.4076055 2.4688630000000003 -1.542791 0.590721
2740 -2.26059678 11.061393030000001 3.64835862 3.054813 -1.830985 0.491565
2760 -0.24144372 15.152094360000001 9.77692068 3.216447 -1.994246 0.6862520000000001
2780 6.990164550000001 32.5272132 12.12328629 2.508687 -2.927526 0.791463
2800 6.54184755 21.14382654 5.62694733 1.6618939999999998 -2.568241 0.12279
2820 14.105916720000002 5.181328080000001 -3.3576687000000005 0.460322 0.247632 -1.052505
2840 9.43083369 3.6064503 1.56739275 -0.679569 0.637282 -0.803525
2860 2.55713346 8.16506901 9.41033079 -0.004139 -1.642602 -0.009674
2880 3.1073861700000003 11.07996336 4.03651089 0.6916800000000001 -0.398372 0.721051
2900 2.1095620200000003 9.25795206 2.8455867 -3.470475 -0.468017 2.828511
2920 2.9223695700000003 6.153557940000001 2.4788496600000003 -0.039642 3.050534 -1.192049
2940 3.05634474 4.77596907 2.14010055 -0.205769 2.088649 -0.796734
2960 2.1782712600000003 4.98373506 1.06907418 -0.611157 0.674623 -0.078841
2980 1.4485347899999998 3.7083860100000003 1.36351152 0.386611 0.452904 -0.108975
3000 0.78721326 1.1249127 3.44613528 -0.104099 1.39109 -0.136037
3020 0.8376562800000001 -0.83122092 1.2478025700000002 -2.639432 0.362525 0.340021
3040 -1.2223554300000001 0.46358136 -1.06832862 -2.974106 2.732084 -2.126536
3060 -4.85874585 5.2040774700000005 -1.4426978400000001 -2.004692 2.4018 -1.889674
3080 -5.267999430000001 7.80207939 3.5568999900000002 -2.169417 -0.109373 -1.93354
3100 -2.7279255600000005 3.2997406500000004 11.78858871 -2.097212 -0.828528 -0.908757
3120 4.59050121 2.26164645 -1.1332904400000001 -0.480458 0.0319 -0.367661
3140 9.509421600000001 8.73822807 0.5881291200000001 0.7830520000000001 0.694103 0.234248
3160 26.940526110000004 40.694675849999996 31.945068180000003 1.562232 0.429017 0.8478479999999999
3180 -0.29488860000000006 14.31069066 -4.18470075 2.170563 0.140942 1.231686
3200 -5.80268367 2.5652169000000002 -3.2416556400000003 2.572694 -0.2062 1.381286
3220 -4.56026679 1.76573133 -0.39697146000000005 2.695376 -0.877923 1.424664
3240 -0.83930436 7.403155740000001 0.95845662 2.675759 -1.74898 1.357277
3260 0.45295713 14.68730637 13.404325140000001 2.205496 -2.346277 1.417783
3280 8.96007141 37.279079100000004 7.09748595 1.399448 -3.216846 1.376949
3300 3.95597079 20.530103130000004 8.28721332 1.1310639999999998 -3.811777 0.671878
3320 8.76352806 14.893875540000002 -0.16361118 1.005713 -2.191795 -0.208084
3340 9.943975170000002 11.104507980000001 -6.8535014400000005 0.135439 0.829483 -0.823716
3360 3.21247089 4.4143234200000006 7.707775860000001 -0.014408 2.585723 -0.8601280000000001
3380 4.81459104 4.78734867 6.74841672 0.325881 0.419018 -0.6391939999999999
3400 4.10027589 6.23693313 2.3942678400000004 0.389496 -0.4435 0.015039
3420 3.9101679000000003 6.1611901200000005 2.40579459 -2.9981 -1.593707 1.27899
3440 4.591256580000001 6.18393951 1.1687732100000001 -0.8365790000000001 2.330486 -0.255589
3460 4.283644410000001 6.3828765 1.0737143100000002 -0.872481 2.410191 -0.974855
3480 3.2031906300000004 6.3938048400000005 0.69350814 -1.149647 0.661788 -0.397711
3500 1.7006125500000002 4.557569040000001 0.01586277 -0.241183 -0.026807 -0.013401
3520 0.9021766500000001 1.98876168 0.6921641700000001 -1.388161 0.910576 0.462359
3540 -0.6635680199999999 1.17865188 1.6287641099999999 -3.068875 -0.510309 0.538966
3560 -4.19352975 3.8272439700000005 2.06990019 -2.321414 3.536914 -1.498098
3580 -6.8256606600000005 6.34485294 4.34066994 -2.44869 2.244364 -1.2954370000000002
3600 -7.50554271 5.8763273400000005 6.51235869 -2.90973 -0.187858 -0.846888
3620 -2.1368043900000004 3.3084225000000003 3.8233494 -2.1279470000000003 -0.550146 -0.4361060000000001
3640 4.11345072 0.96025185 -0.9442321200000001 -0.705153 0.387429 -0.104767
3660 10.05129657 3.4498728900000004 0.029341710000000003 0.499934 0.393519 0.257225
3680 16.28523765 23.944503060000002 28.7881317 1.195383 0.164231 0.7826
3700 6.49050201 30.811630590000004 -3.2711445000000006 1.969117 0.010253 1.055258
3720 -2.74873257 7.83934758 -3.2010912900000004 2.575062 -0.357722 1.176398
3740 -1.3995927 0.24279750000000003 -3.01458357 2.882921 -0.963767 1.151551
3760 -0.35461188 2.28903597 0.237402 2.7567060000000003 -1.605305 1.055352
3780 0.38649438 9.81823059 11.086997130000002 2.279577 -2.361082 1.060465
3800 6.6464810100000005 37.44838008 10.09650105 1.867918 -3.781662 1.0262950000000002
3820 6.180044939999999 24.369021000000004 11.963422529999999 1.578386 -4.4017050000000015 0.492024
3840 6.906338100000001 14.337334620000002 -1.09961271 1.038989 -3.784485 0.054836
3860 10.95586686 14.30036073 -3.17684097 0.064394 -1.527184 -0.427018
3880 7.76405583 9.84742515 4.41447057 0.149695 0.747129 -0.754076
3900 5.22473733 6.59647944 9.72871434 0.7180449999999999 2.378911 -1.191237
3920 3.7339803000000003 6.94196802 4.79288151 0.112961 0.82536 -0.572836
3940 3.2681524500000005 7.07308848 2.4974101800000006 -0.15603599999999998 0.387349 -0.028292
3960 4.24516959 6.338270430000001 2.14818399 -0.65352 -2.318202 1.138199
3980 4.9253557500000005 6.3101255400000005 1.7899816499999999 -2.083177 -0.892279 0.8999219999999999
4000 5.15617524 6.577771770000001 1.06158915 0.59026 2.237941 -0.194229
4020 3.69177768 5.5221667199999995 -0.00703377 -0.199186 0.944728 -0.316659
4040 1.1805942600000001 3.19555845 -0.95067729 -0.845016 -1.297237 0.132492
4060 -1.31232294 2.53243188 -0.84843747 -0.689337 -3.220366 0.606062
4080 -3.53788821 2.6063796600000004 1.97813745 -1.282319 -1.184205 0.216887
4100 -5.019060870000001 3.07490526 2.60293635 -1.950507 -0.636404 -0.597126
4120 -5.4287657099999995 2.8276245900000005 5.599852110000001 -2.407166 0.060628 -1.085114
4140 -4.5520362 4.7741738400000004 12.00413403 -2.841127 1.560914 -1.0697709999999998
4160 -0.36389214000000003 3.2672597400000005 3.2522896800000005 -2.398315 1.898836 -0.978449
4180 4.50712602 0.78407406 -4.17451797 -2.336812 1.011614 -1.069818
4200 7.941440250000001 4.97265957 -4.87895445 -2.180927 -0.28694400000000003 -1.20807
4220 11.638750770000001 12.53014623 -0.5203224 -1.622601 -0.257916 -1.491559
4240 8.42163975 20.73518118 13.29729804 -0.992433 -0.085691 -1.949918
4260 -2.3622381900000002 23.011493580000003 12.065358240000002 -0.559591 -0.5860380000000001 -2.141738
4280 0.68976072 16.22805516 -6.380178750000001 -0.348087 -1.743441 -1.930474
4300 -2.3155327800000003 10.493178210000002 -6.32524275 0.070634 -2.49191 -1.599715
4320 1.18104552 10.30816161 2.05447887 0.631795 -2.559444 -1.182306
4340 4.09293801 11.42604054 6.0397913700000005 1.073409 -2.516266 -0.641961
4360 2.8584574200000006 18.91661319 3.5390948399999997 1.108386 -2.430434 -0.026531
4380 1.4702443200000002 19.34412318 7.89712848 1.07008 -2.015358 0.367911
4400 3.92274432 21.58137216 5.11830864 1.220944 -1.515764 0.774249
4420 8.136933930000001 19.505340720000003 0.28680516 1.0376040000000002 -1.296304 1.195703
4440 11.756254950000002 17.30341755 -3.69102231 0.7029529999999999 -1.811209 1.313667
4460 13.35073311 15.51223908 -1.03674042 -0.089669 -1.6136 0.536621
4480 8.602016220000001 14.387483340000001 6.28393284 -1.534233 -0.38549 -1.100877
4500 1.05201459 17.66985048 2.47929111 -0.53372 -0.651564 -2.028242
4520 -0.50939406 14.172379470000001 0.39966921 0.065661 -1.12236 -1.496819
4540 2.2162948200000003 8.598720060000002 -0.16989939 0.296108 -0.813349 -1.184752
4560 3.86541468 5.67544797 -1.6381915200000001 0.8830100000000001 -1.0717219999999998 -0.750896
4580 3.66018948 4.31313327 -1.73952882 0.837591 -0.446007 0.253181
4600 4.110154560000001 3.7571907600000003 -0.20716758000000002 -2.574604 1.191264 2.4235130000000003
4620 3.9649567500000003 3.08853135 0.9256716 -4.202244 -2.354829 -1.008031
4640 3.4974808200000003 2.7165557700000003 1.6616962800000001 -0.823428 -2.973039 -0.6535569999999999
4660 2.95814664 2.4544423799999997 3.29405085 -0.376852 -2.7059040000000003 1.150242
4680 4.07332782 2.4343907400000004 3.7208152800000005 0.956876 -1.942373 1.659576
4700 4.9193716499999995 4.95814077 2.38393791 -0.2916 -1.072561 2.337675
4720 4.205654910000001 9.946967220000001 2.4840882 -0.11048 -4.695651 1.138629
4740 1.27145448 17.366132880000002 7.519011840000001 -0.492176 -2.995058 -1.028298
4760 -2.9186319600000004 16.52878071 11.153302920000002 -0.260245 -2.8565 -0.980922
4780 -7.61106888 7.09809417 4.49724735 0.251839 -2.855115 -0.972005
4800 -5.44836609 5.8784266800000005 -2.69828955 0.703984 -3.4262010000000003 -0.540826
4820 -2.1571601400000002 4.26388707 -4.252654620000001 0.937874 -3.638672 -0.091336
4840 1.3328258400000002 4.55263461 -3.15004986 0.840456 -2.616149 0.29443800000000003
4860 5.84250246 12.032730180000001 1.9339826400000002 1.080137 -1.633244 0.173076
4880 17.95486041 47.31106959 12.54691152 1.019512 -1.071813 0.217866
4900 3.7314395100000004 14.270871870000002 2.36044296 0.702426 -0.663592 0.437318
4920 -0.80187921 -12.266541720000001 -1.3404580200000002 0.5653279999999999 -0.929797 0.527501
4940 4.84916148 -9.807155100000001 -5.59446642 0.818756 -1.689407 0.591133
4960 -0.03458025 1.0795512600000001 -12.49466346 0.7542260000000001 -1.475539 0.444062
4980 4.07871351 16.215478740000002 -13.298494860000002 0.388023 -0.6632680000000001 0.362483
5000 8.24485374 44.057730240000005 18.353784060000002 -0.01978 -0.484997 0.357269
5020 -3.79206531 12.82099311 2.3306499900000004 -0.514579 -0.887091 0.374625
5040 4.00896441 6.13663569 -4.063302 -0.774312 -1.262103 0.34231300000000003
5060 6.7457189699999995 4.56865434 -4.90126239 -0.822549 -1.232539 0.183841
5080 7.512429330000001 3.54133152 -2.2924792800000002 -1.092495 -0.922027 0.022392
5100 7.077885570000001 4.44829545 2.7116115300000003 -1.474418 -0.544241 -0.082241
5120 5.544916110000001 7.7068733400000005 2.96099154 -2.551671 -0.213658 -0.300629
5140 3.1603797900000004 8.124504660000001 0.68512059 -3.709032 -0.61146 -0.5154380000000001
5160 3.69446562 6.805452060000001 -0.5146326 -4.205092 -0.766836 -0.922492
5180 4.362075360000001 7.315738830000001 -1.73998008 -3.77321 0.073479 -0.983577
5200 4.21239438 8.172406890000001 -1.6658851500000003 -3.080679 1.12114 -0.908511
5220 3.08853135 9.64893942 0.29938158000000004 -2.082138 2.230903 -1.4434790000000002
5240 3.0252078000000004 10.75288815 3.25198557 -1.3052780000000002 1.416794 -2.056578
5260 3.45751488 10.974280230000002 2.73421377 -1.4657 -0.917284 -2.169007
5280 3.1311852300000003 11.24312328 0.21735036 -2.100657 -2.492387 -2.527142
5300 1.84356387 10.98550287 -1.34525511 -2.079717 -2.817482 -2.764793
5320 0.9354031200000001 11.07277263 -0.7168559400000001 -2.246601 -3.099421 -2.71005
5340 2.05761807 12.52475073 0.49935843 -2.352694 -3.398458 -2.428397
5360 3.1720536900000003 14.93594082 0.777933 -2.067796 -3.180737 -1.978033
5380 1.9321776000000002 13.661190180000002 0.89978301 -1.613018 -2.995218 -1.614035
5400 0.59681097 12.971870910000002 -0.11360961 -1.171008 -2.578543 -1.502522
5420 0.5752584000000001 11.94651009 -0.21061089 -0.908913 -2.341157 -1.420879
5440 2.54022102 12.923527230000001 1.28941659 -0.787043 -2.407036 -1.302439
5460 4.46761134 12.55963509 -0.9081607500000001 -0.659219 -2.495614 -1.107016
5480 6.05790063 13.17575214 -1.7820453600000001 -0.341121 -2.252541 -0.8978709999999999
5500 7.826928120000001 12.68252496 -1.33117776 0.11844 -1.862975 -0.682584
5520 4.81653342 12.87547785 -4.08155841 0.453655 -1.554137 -0.4178560000000001
5540 2.9615899500000005 12.27372264 -5.47576542 0.706113 -1.294359 -0.067116
5560 0.93091014 13.01917473 -2.24712765 0.9119 -1.2834020000000002 0.210976
5580 0.5751014400000001 13.707591480000001 -0.76386546 0.937493 -1.439361 0.295745
5600 2.55773187 11.021132790000001 -1.64313576 0.357468 -1.711714 0.176674
5620 4.5054779400000005 6.75904095 -1.6139412000000002 -0.55505 -1.481159 -0.477338
5640 4.780305090000001 5.79086262 0.2282787 -0.525641 -1.521259 -1.129765
5660 3.67231464 6.023026080000001 0.80861868 -0.259269 -1.157838 -1.400766
5680 2.81175201 6.97923621 0.8066763 0.269338 -0.546079 -1.132939
5700 2.34293211 8.009541270000001 0.6541406099999999 1.009666 0.223787 -0.095784
5720 2.8192370400000004 8.01164061 0.10478061 -0.0846 0.987371 0.108171
5740 3.2259400200000004 6.3541332 -0.034276140000000004 -3.455845 -0.305411 -0.281189
5760 3.7474592400000004 4.47314418 0.5956141500000001 -2.111225 -2.177223 -0.084596
5780 4.0607514 3.96840006 1.20350061 -0.040618 -2.784379 1.036255
5800 3.907323 4.0359026700000005 1.76782086 1.565251 -1.113935 1.485439
5820 3.5251646400000003 4.402492560000001 3.03434091 1.484602 0.461778 1.7787540000000002
5840 2.32511715 5.95117764 3.85104303 0.330855 -1.194425 1.638221
5860 0.73213011 8.43510888 3.8598720300000005 -1.2216129999999998 -1.845298 0.053652
5880 -0.063765 11.441010600000002 4.52119356 -0.045069 -1.965787 -1.20275
5900 0.15268283999999996 15.783622920000001 7.23100986 0.476107 -1.622295 -0.974155
5920 -0.6054928200000002 13.74576219 4.53616362 0.401484 -1.409564 -0.296628
5940 -1.85733711 8.594825490000002 4.87297035 0.6461600000000001 -1.078 -0.042175
5960 -1.1599344 6.503529690000001 6.68853648 0.5738310000000001 -0.767848 -0.018509
5980 2.53482552 8.8615692 2.2546126800000006 0.440869 -0.480669 -0.058261
6000 8.59152933 15.03218673 0.30177522 0.213198 -0.307422 -0.029095
6020 10.59915564 37.23775938000001 7.95460527 -0.114193 0.004609 0.012015
6040 4.27585527 2.57569398 -3.60226143 -0.152559 0.275226 0.035969
6060 3.9727360800000002 -9.72497673 1.61469657 -0.102139 0.278481 -0.022435
6080 1.8564444 -3.4506282600000002 -1.34899272 -0.094193 0.084824 -0.085156
6100 -1.1241671400000002 3.8425083300000002 -9.33114447 -0.128983 0.217944 -0.044977
6120 2.41238691 19.77118191 -6.801851790000001 -0.116458 0.272824 0.07254400000000001
6140 2.12902506 28.222614630000002 4.65846489 -0.321061 0.004472 0.225283
6160 0.54950715 14.558873850000001 3.01368105 -0.293613 0.503522 0.076352
6180 3.2452559100000005 4.65547284 0.48409407000000004 -0.155339 1.2205290000000002 -0.06247000000000001
6200 5.357957129999999 3.2903034300000003 0.67629159 -0.438475 1.481935 -0.186559
6220 5.56467345 5.767357860000001 2.26539387 -1.228325 1.52139 -0.3107
6240 3.5200830600000006 6.91097823 2.3902261200000003 -2.261479 1.057774 -0.6912
6260 2.1457903500000004 7.222033710000001 2.83959279 -3.211293 0.612015 -1.080755
6280 2.0895005700000002 6.695423100000001 2.89811925 -2.798246 0.8810629999999999 -1.321769
6300 2.3135904000000003 6.093981810000001 2.5572806100000003 -2.013096 -0.027178 -0.78101
6320 1.6271160300000003 5.49013707 2.43977643 -0.939837 0.495325 -0.243277
6340 0.9830012400000001 5.81794803 3.4337060100000003 -0.049487 1.19289 0.09747
6360 0.90127413 5.67200466 3.8002959000000005 0.57347 0.900135 0.307296
6380 1.4910513300000003 5.21261217 3.2980925700000006 1.184701 0.447218 0.353806
6400 2.13246837 5.309309340000001 2.4840882 1.658686 0.128805 0.449392
6420 2.4548936400000003 6.15086019 2.02888458 1.876638 -0.16748 0.561321
6440 2.7012816 8.00265465 3.6529987500000005 1.886111 -0.6278859999999999 0.6047060000000001
6460 1.02776427 8.165216160000002 3.24614862 1.877097 -1.209493 0.60432
6480 -0.17992521 8.82999081 2.2818550500000003 2.2449630000000003 -1.32873 0.533335
6500 -0.22378572 9.16828866 2.48289138 2.374127 -2.284644 0.511961
6520 2.39935923 14.62907421 3.6863821800000003 2.211851 -2.888841 0.16656600000000002
6540 5.36199885 20.83936338 7.059472199999999 1.637868 -2.012171 -0.387632
6560 6.78838266 16.97590089 4.08860199 0.95559 0.545104 -1.280163
6580 10.052493390000002 12.319084080000001 -0.7057804500000001 2.117456 2.080906 -1.406475
6600 10.86021936 8.333624430000002 1.9339826400000002 1.167371 0.6849 -1.258567
6620 6.38782074 8.254281149999999 8.74346661 0.145493 -1.3819860000000002 -0.045283
6640 3.74146533 11.9764404 5.729481450000001 -0.145753 0.901665 0.813948
6660 3.5848977300000002 10.10383893 4.365224370000002 -0.292041 2.363579 1.117633
6680 4.2950142 7.940841840000001 3.6124344 0.937556 2.064289 -0.4917510000000001
6700 4.13081442 6.288877080000002 2.34427608 0.218674 2.892941 -0.9005540000000001
6720 3.29615019 5.41843578 0.98809263 -2.50178 1.169681 -0.762456
6740 2.42271684 3.86421786 -0.27018702 -5.226162 0.388473 -0.707846
6760 0.89648685 0.84319893 0.36434340000000004 -4.495457 0.588267 -0.955099
6780 -0.36987624 -2.05192827 1.5632038799999999 -3.845215 1.7952419999999998 -1.522534
6800 -2.1670388099999998 -2.27871585 1.03869261 -3.111495 0.548524 -1.273325
6820 -4.251310650000001 0.23321313 0.31928607000000003 -2.679244 0.645323 -0.016337
6840 -7.4980576800000005 6.38541729 -1.22280669 -0.814763 1.597167 0.093743
6860 -6.542298810000001 7.56452043 8.86591503 -0.261914 0.736558 0.37965
6880 -2.26314738 6.286777740000001 12.689558730000002 0.5533640000000001 -0.272464 0.52337
6900 7.4820379500000005 -1.65750741 -3.8375739 1.053433 -0.489745 0.613668
6920 9.01680264 0.90995598 -2.37017448 1.726123 -0.690841 0.769243
6940 8.053548930000002 10.19364948 2.44022769 2.310534 -1.036635 0.956435
6960 6.95319066 17.54786313 5.269039290000001 3.033655 -1.235636 0.811121
6980 -0.7888613400000001 24.2648388 15.446973150000002 3.554354 -1.526939 0.746766
7000 -3.3244324200000004 16.0568118 -5.196739590000001 3.275267 -2.668578 1.1703629999999998
7020 -0.81595656 11.626174350000001 -2.9294131500000002 2.18 -2.708846 1.26745
7040 3.37727889 21.951248400000004 12.972469320000002 1.318782 -1.508332 -0.102087
7060 10.479110669999999 34.18935093 16.10201628 1.030884 1.152283 -0.806124
7080 14.606471970000003 18.94775013 -4.02722082 -0.384005 -0.597958 -0.381135
7100 14.541215850000002 13.02396201 3.71991276 0.4689930000000001 -0.468643 0.106426
7120 4.365077220000001 8.18767125 12.397073579999999 -0.071645 0.8617469999999999 1.141393
7140 3.6190267200000004 14.08855302 2.79873414 -1.603436 2.1353880000000003 0.446467
7160 1.75674537 9.12622338 1.14452289 1.3658709999999998 3.5232620000000003 -1.281113
7180 2.25116937 5.642819909999999 -0.39548034000000004 -1.232416 2.20229 -0.620317
7200 2.4941140200000005 2.7354105900000003 -0.93150855 -3.423119 0.597705 -0.250071
7220 2.15536491 0.41358960000000006 -0.39068325000000004 -3.955224 0.291262 -0.14443699999999998
7240 -0.17753157 -1.30273857 0.95202126 -3.3573699999999995 2.795056 -1.292876
7260 -2.1465359100000003 -3.08343996 0.9199916100000001 -3.326499 1.447957 -1.438349
7280 -3.16831608 -4.58047539 -0.8087658299999999 -3.166928 0.22452600000000006 -0.654796
7300 -3.20004162 -3.58130727 -1.1907770400000002 -2.747199 0.131591 0.109897
7320 -3.5989652700000003 3.8145204000000006 0.04625415 -1.849975 0.125375 0.353317
7340 -4.474341 12.7512342 2.9068011000000005 -0.187729 0.22478 0.6927449999999999
7360 -3.8676611700000003 13.201346430000001 17.437687019999995 1.163505 -0.313729 0.989157
7380 4.44695148 2.32600986 -3.10664061 1.650241 -0.6631100000000001 0.826362
7400 6.424490520000001 3.6645255000000003 -1.33342425 2.101826 -0.944523 0.4805680000000001
7420 9.97930098 10.435397309999999 4.0288689 2.565597 -1.530928 0.204685
7440 16.07222331 31.95659493 33.38747172000001 2.887582 -2.279919 0.217508
7460 1.0585971 11.62378071 -7.85641698 3.284979 -3.375142 0.435331
7480 -3.24360783 7.0683012 -4.95604143 3.523492 -3.907735 0.483614
7500 -1.35602649 10.05204213 1.6239768300000001 2.130718 -1.911745 0.443553
7520 6.3777851100000005 27.6022989 19.50204456 1.383369 1.962658 -1.036505
7540 11.380531950000002 29.422662120000005 7.640410590000001 -1.0596219999999998 3.061363 -1.4171049999999998
7560 10.33705206 17.98375086 -5.57111862 0.054385 -1.590112 -0.399234
7580 14.25919797 11.432024640000002 4.19068485 -0.906398 1.424646 -0.106433
7600 6.867264870000001 13.78498257 9.24986862 -1.318837 -0.192258 1.268628
7620 4.58601804 7.0998893999999995 4.09668543 -0.493619 2.006452 0.027096
7640 2.5752427200000003 6.721174350000001 2.01032406 -1.003174 2.234478 -0.078237
7660 1.3178557800000001 4.5234400500000005 1.0806009300000001 -2.357329 1.4837209999999998 -0.301446
7680 0.90741519 3.36276009 -1.2829812299999999 -4.284587 0.947398 -1.702909
7700 -0.026496810000000003 1.18104552 -1.5518242800000004 -3.380436 1.737787 -2.208217
7720 -1.78982469 -1.6464221100000003 -0.7927559100000001 -2.503378 0.013997999999999998 -1.3282120000000002
7740 -3.0067944300000002 -4.944367530000001 1.03974228 -2.912631 -1.032329 0.146552
7760 -4.458183930000001 -4.72552605 1.01009646 -0.658656 0.01171 0.572224
7780 -3.988755810000001 -1.4162010300000003 0.40430934 0.928528 0.421584 0.592399
7800 -2.3466697200000004 3.67201053 2.9274609600000003 1.875231 -0.062739 0.742775
7820 -3.42681939 14.646437910000001 9.500592600000001 2.1103560000000003 -0.528644 0.899906
7840 -1.00501488 16.527878190000003 16.267873950000002 2.073345 -1.307731 0.758572
7860 7.48368603 2.4059515500000006 -0.9361486800000001 2.478084 -1.986554 0.468508
7880 7.590261870000001 3.6512035200000006 0.6334807499999999 3.284012 -2.930707 0.382412
7900 9.04553613 14.181512580000001 12.537474300000001 3.352325 -4.607381 0.8379639999999999
7920 6.26551947 18.76273353 0.10014048 1.81164 -5.021948 1.151405
7940 -3.18372759 11.19072807 1.82186415 0.32719000000000004 -2.850835 0.553936
7960 -0.10673280000000002 18.095418090000003 9.389523780000001 -0.399283 2.0178700000000003 -0.777699
7980 3.29524767 39.461392079999996 8.991796950000001 -0.009228 1.6015 -0.621685
8000 7.818089310000001 25.513396739999997 6.203402550000001 0.232816 0.151124 0.100777
8020 15.53349735 13.142221560000001 -2.0279820600000003 0.013166 1.255009 0.226015
8040 9.92541465 3.65180193 0.39053610000000005 -0.254498 -1.351431 0.917557
8060 3.6036054 7.49296629 10.279575270000002 -0.613445 2.1268700000000003 -1.209828
8080 3.3542253900000003 10.17523611 2.3632878600000002 -1.181801 1.258351 -1.435944
8100 4.0639004100000005 7.31858373 0.46493514 -3.093082 0.07900900000000001 -1.090997
8120 3.1762425600000004 4.12976475 -0.7536826799999999 -4.57571 -0.8157800000000001 -0.882289
8140 1.18523439 2.6376637499999998 -1.7884807200000001 -2.886333 1.440605 -1.579475
8160 -0.9517171500000001 0.2484873 -0.22931856000000003 -1.737566 1.421193 -2.248678
8180 -2.46851973 -2.38888215 1.5521185800000001 -1.739053 0.121529 -2.506601
8200 -4.18604472 -3.6268060500000003 1.7880294600000002 -1.7782189999999998 -0.353796 -1.6217780000000002
8220 -1.4901488100000002 -2.68750836 0.82043973 -0.63003 0.332062 -0.974772
8240 -0.02798793 6.13574298 0.54471987 0.157275 0.021068 -0.076909
8260 -1.9263406500000002 11.987672850000001 12.165949980000002 0.694958 -0.5404899999999999 0.561022
8280 0.06436341000000001 8.951536710000001 15.700100579999999 1.483427 -0.686211 0.8871829999999999
8300 1.28312838 -0.66447054 -5.510787120000001 2.128747 -0.73622 1.111809
8320 3.3940441800000003 1.75300776 -3.9927975300000003 2.455347 -1.498601 1.272095
8340 5.98126491 12.69135396 6.9030419400000005 2.36295 -1.741607 1.648844
8360 10.948381829999999 37.604202120000004 20.298243780000004 1.445637 -2.964099 1.7999630000000002
8380 -3.5560072799999998 15.42048615 -4.23005238 0.381196 -4.992242 1.356088
8400 -2.53288314 7.8405444 -1.3482471600000001 -1.06128 1.24465 -0.247222
8420 -0.29233800000000004 9.83006145 6.946304040000001 -0.755206 2.683121 -1.397402
8440 3.51049869 25.76891781 12.943137420000001 0.892799 0.913847 -0.467089
8460 7.824230370000001 23.97099987 0.9365999400000001 0.15314 -1.138991 -0.079724
8480 11.12337261 16.08570225 -5.803733340000001 -1.096266 -1.199663 -0.6064609999999999
8500 9.27561006 10.857374459999999 5.11426692 -1.112686 0.76636 -0.207443
8520 6.11837928 10.26025938 5.35855554 -1.80484 -1.542171 -0.918619
8540 4.82551938 4.500386550000001 3.30856965 -1.827412 -1.291845 -0.62961
8560 2.90321064 3.30198714 2.6349660000000004 0.129186 -2.232797 -0.116946
8580 1.2892694400000002 5.1828192 2.54470419 2.326413 -4.727677 0.37589
8600 1.42473573 3.68683344 3.4247298600000002 0.627151 -2.3700330000000003 1.001932
8620 2.16195723 1.9258992000000001 2.19383973 1.127803 -2.410044 0.185086
8640 3.4456840200000003 1.0181799 1.58969088 1.731946 -1.011909 0.337066
8660 5.519321820000001 2.27391876 0.25476570000000004 1.819191 -0.729247 0.436657
8680 9.31378077 11.539503 -0.49935843 1.565947 -1.16351 0.563632
8700 7.91344251 18.19211526 11.574681660000001 1.455747 -1.461438 0.571789
8720 -2.9779039800000002 18.966006540000002 15.613282080000001 1.798662 -1.242714 0.455332
8740 -7.2393974100000005 9.45583938 15.87089268 1.838831 -0.710889 0.357723
8760 -2.97491193 9.62064738 3.05364699 1.372775 -0.617869 0.409896
8780 6.986574090000001 10.399620240000003 -18.345553470000002 1.145282 -0.8983549999999999 0.420416
8800 5.43070809 11.297156759999998 -16.50527595 0.74244 -1.120216 0.573847
8820 1.44539559 36.9782064 31.17177531 0.158807 -0.211506 0.539764
8840 4.91083695 13.50671211 -4.90095828 -0.499037 -0.030702 0.384318
8860 7.29957195 6.207738570000001 -10.4433336 -1.202075 -0.658241 0.217842
8880 8.71712676 7.40181177 -7.224574500000001 -1.782631 -0.460308 -0.025749
8900 9.893973599999999 9.93185001 -0.5959084500000001 -2.4500610000000003 0.087325 -0.532109
8920 11.541749490000003 14.583428280000001 7.83396189 -3.573068 -0.371836 -0.617345
8940 1.96406991 13.59787644 2.3611885200000002 -4.618823 -1.125725 -0.8576239999999999
8960 0.97312257 9.416619 1.43281917 -4.392876 -0.711974 -0.626908
8980 3.43954296 8.16925788 1.10590092 -3.181836 1.319122 -0.5152979999999999
9000 3.32114607 6.941369610000001 1.14961428 -2.449936 1.527297 -1.260344
9020 3.56737707 6.20130321 2.12826969 -1.441931 1.034382 -1.943811
9040 2.4117885 6.123617820000001 1.9158635700000002 -1.316354 -1.16291 -2.411204
9060 1.1220678 6.8313406500000005 0.03023442 -2.007708 -2.262466 -2.563107
9080 1.0985630400000002 5.74280343 -0.3376994400000001 -1.683466 -2.594816 -3.113755
9100 1.95223905 6.620582610000001 -0.06331374000000001 -1.4555360000000002 -3.182467 -3.1402520000000003
9120 2.1517744500000004 9.22531419 2.6647589700000003 -1.605365 -3.840809 -2.744145
9140 2.87701794 11.55193227 6.4113156899999995 -1.465927 -3.877438 -2.230377
9160 2.3312484 11.68080624 0.7207505100000001 -1.029764 -3.718807 -1.786358
9180 2.0130120000000002 14.19123429 -1.21307517 -0.4684970000000001 -3.286839 -1.606735
9200 0.29938158000000004 16.463966040000003 2.24114355 -0.374222 -3.308992 -1.476793
9220 -1.5317628300000001 16.7046642 1.35618345 -0.6076060000000001 -3.599503 -1.352001
9240 -1.6667876700000002 15.55700211 0.6409657799999999 -0.7627109999999999 -3.411638 -1.311664
9260 2.35669554 13.11902091 1.58580612 -0.719766 -3.029695 -1.2263959999999998
9280 4.96771533 12.012217470000001 -0.26764623000000004 -0.453038 -2.699692 -1.133088
9300 7.761809340000001 12.094994250000001 -0.5661252900000001 -0.144703 -2.342249 -1.011752
9320 7.06171869 12.30097482 -1.93458105 0.052151 -1.995497 -0.784358
9340 3.0476628900000002 12.45949461 -2.5176187800000003 0.122434 -1.698777 -0.456303
9360 -0.12529332 13.64741694 -5.5859317200000005 0.129996 -1.578718 -0.117778
9380 -0.98899515 14.43298212 -1.7143857900000001 0.160985 -1.626417 0.061961
9400 -0.01482291 14.434934310000001 -1.5271227 0.239229 -1.80769 0.038171
9420 2.0610613800000004 10.62325881 -3.2951005200000005 0.203818 -1.848175 -0.195966
9440 3.39449544 5.586687090000001 -4.18095333 0.256069 -1.269508 -0.562742
9460 3.6408834000000003 4.95873918 -1.89864702 0.267252 -0.747401 -0.8688450000000001
9480 2.65607712 5.645213550000001 0.5194198800000001 -0.054552 -0.776699 -0.988559
9500 2.25655506 6.838080120000001 1.2494506500000002 0.313629 -0.980209 -0.498618
9520 2.6159640299999998 8.91425871 0.19235448000000002 1.167836 -0.153802 0.41962
9540 3.15199224 10.452015450000001 -1.2500490600000003 1.086519 1.374741 1.0537530000000002
9560 3.4121534400000004 10.392292170000001 -0.93195981 -1.025943 0.499113 2.077363
9580 3.5600490000000002 8.72565165 -0.19040229 -2.112968 -1.838517 -0.070087
9600 4.43572884 6.72911064 0.34398765000000003 -0.052397000000000006 -0.946856 0.267903
9620 5.022052919999999 5.73203205 1.13284899 1.40165 -0.78628 0.941219
9640 4.67972316 5.52276513 1.84356387 1.82941 -0.648612 1.573214
9660 3.85762554 5.638022820000001 2.6665542 0.901172 -1.2260950000000002 2.668807
9680 3.03644025 6.4475440200000005 3.2078307600000002 -0.965542 -2.987972 3.198546
9700 2.03636961 7.56122427 3.53534742 -1.0698299999999998 -5.025342 1.567117
9720 0.9669913200000001 8.486454420000001 3.8360729700000005 0.496385 -2.252268 -0.8930889999999999
9740 -0.06675705 9.97046217 5.17968 0.255483 -0.987177 -1.10256
9760 -1.60810425 12.48987618 6.609055860000001 0.110697 -1.326761 -1.036907
9780 -0.92358207 13.041178559999999 4.826863350000002 0.4450560000000001 -2.0548490000000004 -0.6683060000000001
9800 -1.2428681400000001 12.349465649999999 6.24741021 0.449547 -2.148767 -0.096656
9820 -0.09040896000000001 8.59721913 5.814955980000001 0.383933 -1.338736 0.120833
9840 1.54553607 8.32942575 1.6946284500000002 0.728279 -0.5501510000000001 0.018611000000000003
9860 6.17779845 11.646981360000002 -3.12520113 0.791824 -0.8817139999999999 0.029093
9880 13.090581720000003 22.83770943 -0.52391286 0.736858 -0.8820180000000001 0.152624
9900 9.55927602 21.917423520000003 6.45218415 0.726292 -0.936952 0.312854
9920 -1.04707035 0.97522191 5.03029332 0.8630120000000001 -0.980679 0.47303
9940 -0.8473878 -3.94085358 -2.66296374 0.916225 -1.08602 0.396624
9960 4.94271945 -0.9186378300000001 -5.06337264 0.695394 -0.7968649999999999 0.205636
9980 5.266645649999999 1.20798378 -7.93185588 0.370214 -0.568592 0.14538800000000002
10000 5.432052060000001 7.16695056 -10.106232570000001 -0.064946 -0.474657 0.208458
10020 7.428897180000001 19.400256000000002 -7.920633240000001 -0.449465 -0.382576 0.158652
10040 -2.4748079400000003 30.17844414 19.77193728 -0.5130939999999999 -0.159419 -0.180705
10060 -1.8552377700000002 9.98109621 6.71727978 -0.884539 -0.440507 -0.427562
10080 5.19150105 7.1317718999999995 -2.06046297 -1.698354 -0.163962 -0.6803600000000001
10100 7.10437257 3.9448953 -1.98442566 -2.742566 0.298994 -0.996963
10120 5.76616104 4.12213257 -0.91758816 -3.768146 0.6510319999999999 -1.2972709999999998
10140 4.86309168 6.26028093 0.07095573000000001 -4.241058 0.918517 -1.445127
10160 4.343220540000001 8.6762583 0.15837263999999998 -3.827847 1.255833 -1.176686
10180 4.25564667 9.024130710000001 -0.32887044 -2.767893 2.037335 -1.459771
10200 3.9210962400000002 7.357195890000001 -1.11652515 -2.504723 1.465506 -1.477496
10220 3.42637794 6.8554438200000005 -2.33918469 -2.100125 0.952183 -1.330871
10240 3.4244257500000006 7.3142379 -2.22063084 -2.101101 -0.069995 -1.185358
10260 3.68803026 9.40853556 -0.56373165 -2.050235 -0.18836 -1.465793
10280 4.181551740000001 10.47296961 2.42690571 -2.220444 -0.549131 -1.939742
10300 4.20161319 10.17628578 3.0250606500000004 -2.326175 -1.194685 -1.848855
10320 3.06517374 10.80333117 0.9454387500000001 -2.013872 -1.278573 -1.388298
10340 0.40581027000000003 10.875483720000002 -0.2565707400000001 -1.250305 -1.034301 -1.066016
10360 -0.16734879000000003 11.96237286 -0.36240102 -0.6780930000000001 -0.857719 -0.966105
10380 2.7969291 13.585152870000002 -1.6826504400000002 -0.375281 -0.73692 -0.801775
10400 4.44290976 14.41592253 -0.6378265799999999 -0.066936 -0.704978 -0.5326069999999999
10420 2.05897185 14.198277870000002 -0.41239278 0.201403 -0.785838 -0.258232
10440 0.85173363 14.312790000000001 -0.48739023 0.493157 -0.644127 0.013884
10460 2.86639371 14.381342279999998 1.28312838 0.822818 -0.331222 0.33198
10480 6.432269850000001 13.78483542 0.63587439 1.144831 -0.297385 0.648243
10500 11.577820860000001 13.10090184 -0.44607051 1.465242 -0.674519 0.909474
10520 11.50343163 9.78110955 -2.87671383 1.800943 -1.290009 1.091
10540 6.03125667 7.7915925 -1.88667882 1.934354 -1.607449 1.238685
10560 3.9547739700000006 7.887544110000001 -1.22101146 1.852052 -1.6943009999999998 1.184811
10580 2.4234624 11.09522772 -0.83122092 1.651764 -1.578979 0.758112
10600 0.6782437800000001 12.67085106 2.08141713 1.104391 -1.205154 0.189788
10620 2.8743201899999997 10.845543600000001 -0.20133063 0.609312 -1.247084 -0.083877
10640 3.20183685 5.03343252 -0.33231375 0.588461 -1.596599 -0.305764
10660 2.96773101 2.8175889600000006 1.20274524 0.745371 -1.902643 -0.630084
10680 2.7807720300000005 3.7829322000000003 1.7088431400000001 0.386728 -1.829618 -0.998015
10700 2.83016538 3.5578025100000006 1.89760716 -0.120203 -0.825896 -1.149188
10720 3.06517374 4.279151430000001 1.13823468 -0.243381 1.110509 -1.242261
10740 2.8168434 2.82373002 1.20768948 -0.091781 0.758039 -1.141405
10760 2.54890287 3.5610986700000002 1.11742767 -0.673921 -2.745206 -0.21697
10780 2.0797788600000002 4.4004030300000005 1.9417619700000002 -1.462545 -0.910941 0.234506
10800 1.82815236 5.33116602 2.43169299 -1.209489 1.36356 1.045208
10820 1.6774119 6.42239118 2.81070234 -1.337991 1.13046 -0.7542770000000001
10840 1.81287819 7.72737624 3.1085829900000004 -0.593969 0.148738 0.082186
10860 1.94520528 9.043446600000001 2.91099978 0.571987 0.382217 0.357087
10880 3.1338829800000005 10.27822149 2.54290896 0.795479 0.313994 0.175001
10900 4.8797000100000005 12.75377499 2.35909899 -0.197859 0.702421 0.33634400000000003
