time Ax Ay Az Gx Gy Gz
20 1.37489112 1.4584134600000003 2.8930376700000004 0.157752 -0.244492 0.265266
40 -1.57172877 3.02535495 1.23852231 0.237135 -0.8435219999999999 0.282611
60 -3.4037757 4.53063078 0.5959084500000001 0.336723 -1.248625 0.271008
80 -4.26238614 5.97706623 0.63826803 0.368115 -1.524082 0.131643
100 -5.21485866 7.170089760000001 0.79154928 0.384787 -1.6624259999999995 0.08173
120 -5.129384129999999 8.557704450000001 1.4572166400000002 0.424476 -1.675104 0.021135
140 -3.5811503100000004 9.38428524 1.7042030099999999 0.727321 -1.282877 -0.026391
160 -2.276910810000001 9.306599850000001 1.5874443900000004 1.222685 -0.7954 -0.084444
180 -1.9407123000000002 7.487276490000001 1.28582613 1.140685 -0.103425 0.099967
200 -3.25812663 6.025566870000001 0.90411903 0.477479 -0.135997 -0.5028279999999999
220 -5.63742441 5.935756320000001 0.8818209 -0.633135 -0.6310140000000001 -1.487374
240 -7.09614198 7.300170360000001 1.2639694500000003 -1.193098 -1.107446 -2.003422
260 -5.71586517 8.879835420000001 1.63086345 -1.100492 -1.561849 -1.934894
280 -4.62029418 9.28773522 2.4237567 -0.979585 -1.461788 -0.956755
300 -3.18253077 9.162441900000001 3.5579496600000002 -0.863901 -1.473123 -0.354523
320 -1.04661909 8.653057650000001 3.1014020700000002 -0.766175 -1.885296 -0.195216
340 0.20492109000000003 8.63074971 -1.6980717600000002 -0.32547 -2.184678 -0.034725
360 0.72089766 13.237869060000001 -4.3206183000000005 0.43072 -2.2276130000000003 0.455585
380 2.09878083 17.000151210000002 -6.40038735 0.990605 -2.208435 0.768187
400 2.0713913100000005 17.81444988 -4.524038460000001 1.209938 -2.30933 0.767712
420 -0.30775932000000006 18.04033494 -1.38911562 0.967693 -2.3955450000000003 0.693491
440 -1.9785887100000001 19.58257485 -0.046548450000000005 0.448608 -2.649959 0.564141
460 -4.798267200000001 20.61902097 0.9801661500000001 0.119976 -2.879083 0.338881
480 -7.41408408 16.40903004 -0.20118348 0.191871 -2.798437 0.08931599999999999
500 -6.75769698 11.55207942 -1.50197967 0.38906 -2.684807 0.0072260000000000015
520 -7.35780411 8.04457278 -1.66244184 0.488558 -2.517375 -0.124753
540 -6.683602050000001 5.805528570000001 -0.73586772 0.26456 -2.297145 -0.392587
560 -4.91323059 6.02886303 -0.6381208800000001 -0.441634 -2.15361 -0.509867
580 -3.05754156 6.542298810000001 -1.3135197600000001 -0.808675 -1.616667 -0.203334
600 -0.50999247 6.728208120000001 -1.30947804 0.000917 -0.91736 0.304557
620 1.6393883400000002 7.02414639 -0.45714600000000005 0.656524 -0.5574640000000001 0.310812
640 2.49217164 6.54603642 0.46074627 -0.16711099999999998 -0.753117 -0.129457
660 1.91825721 4.86039393 0.8107180199999999 -1.05569 -0.8348969999999999 -0.485936
680 1.10395854 3.35123334 0.47182176000000003 -1.234434 -0.925082 -0.687895
700 0.28590264 3.89579625 0.25820901 -0.739707 -0.827342 -0.517921
720 -0.53917722 6.13589013 0.18531090000000003 0.51268 -0.714888 0.110251
740 -1.46665386 9.269773110000001 1.1329961400000002 0.79899 -0.6006239999999999 0.8566549999999999
760 -1.9591256700000002 12.4560513 3.4557098400000004 -0.152828 -1.181851 0.779181
780 -2.15596332 14.21144289 3.7854828 -0.408911 -1.414518 0.311945
800 -2.01032406 12.363690150000002 2.31808338 0.87392 -1.144116 -0.222097
820 -0.6623712000000002 9.81418887 0.45774441000000005 1.83282 -1.732157 -0.518021
840 -1.25873091 10.535537790000001 1.19975319 1.734681 -2.247342 -0.801125
860 -2.16764703 13.64413059 3.1204138500000003 1.1550200000000002 -2.324147 -0.805075
880 -4.94766369 16.55332533 3.5440292700000002 0.8710459999999999 -2.25531 -0.4578390000000001
900 -6.04682514 15.755782139999999 0.8584632900000001 0.827053 -2.207526 -0.115308
920 -1.72426446 13.00960017 -4.46117598 0.824377 -1.807159 -0.068838
940 -0.65683836 12.6701055 -6.20804268 0.734758 -1.321236 -0.29655
960 -1.7235189000000002 11.049277680000001 -2.95021035 0.542008 -1.203647 -0.497804
980 -2.8118991600000003 9.16798455 -0.5996558700000001 0.463927 -1.239735 -0.729039
1000 -3.92079213 7.024744800000001 -0.97627158 0.581805 -1.126153 -0.730498
1020 -3.9797698500000003 7.150479570000001 -0.91190817 0.602869 -0.9461 -0.488095
1040 -1.53415647 8.227490040000001 -0.61686261 0.236554 -0.923831 -0.145647
1060 0.54202212 9.33638301 -0.22348161 -0.172468 -0.975712 0.1293
1080 1.85614029 10.16521029 0.20043792 0.013655 -0.8051050000000001 0.193407
1100 1.6188854400000001 10.20682431 0.8855585100000001 0.5710430000000001 -0.5382939999999999 0.120047
1120 1.31232294 9.135797940000002 0.9985697100000002 0.716805 -0.497779 0.251336
1140 0.24758478 7.662120120000001 0.28186092 0.4421020000000001 -0.678606 0.421632
1160 -1.4052825 6.890171220000001 -0.67434921 0.123939 -0.632192 0.279414
1180 -2.8309109400000003 7.1118576000000004 -1.2298404600000001 -0.128004 -0.384461 0.08505599999999999
1200 -4.2650838900000005 7.566168510000001 -1.2213057600000001 -0.072424 -0.188387 0.0211
1220 -4.37510304 7.81884468 -0.69664734 0.133485 -0.289898 -0.079881
1240 -3.7283003100000003 8.837024580000001 0.2935348200000001 0.556758 -0.35751 -0.321461
1260 -2.5116248700000003 9.22037976 1.4076761400000002 0.703182 -0.495717 -0.517882
1280 -0.90247095 8.92114533 1.7440218 0.61761 -0.7005 -0.913459
1300 -0.25057683000000003 7.763908680000001 1.1472108300000001 0.072299 -0.858934 -1.04632
1320 -0.95561172 7.88844663 1.061442 -0.281387 -1.1900700000000002 -0.781311
1340 -2.7562176 10.536440310000001 1.2614286599999998 -0.37202 -1.70715 -0.597547
1360 -4.213287090000001 11.302101 1.8883269 -0.490259 -2.115903 -0.57328
1380 -4.864288500000001 11.408078430000002 2.17078623 -0.86792 -2.341523 -0.567083
1400 -5.48504568 12.43209528 0.61192818 -1.328724 -2.07565 -0.322815
1420 -5.76601389 13.979877840000002 0.39008484000000004 -1.123934 -1.823889 -0.056788
1440 -5.803134930000001 13.953832290000001 -4.41072315 -0.259387 -2.017326 0.148188
1460 -3.9657023100000006 12.94418709 -6.993156600000001 0.917265 -2.011868 0.42666
1480 -2.30565411 12.856161960000001 -5.650903350000001 1.245741 -2.222029 0.483703
1500 -1.88637471 10.09590264 -4.3146243900000005 0.765315 -2.546271 0.466876
1520 -1.60166889 7.6091264999999995 -3.0523030200000005 0.005573 -2.914979 0.357356
1540 -1.4910513300000003 8.211176009999999 -2.32017291 -0.528975 -3.217555 0.297394
1560 -1.45601982 11.04553026 -1.9842785100000002 -0.560976 -3.213195 0.300369
1580 -2.8023246000000004 13.95593163 -1.3672589400000001 -0.29580300000000004 -2.945269 0.201465
1600 -4.42958778 15.53918715 -0.6487549200000001 -0.06453400000000001 -2.626086 0.101191
1620 -4.96517454 12.70003581 -1.3641099300000001 -0.003737 -2.331571 -0.076087
1640 -4.93014303 8.51219586 -1.88816994 -0.058229 -2.081275 -0.284023
1660 -5.419181340000001 6.44739687 -2.68781247 -0.041788 -1.80625 -0.344081
1680 -5.08088349 6.47942652 -3.33042633 0.039094 -1.505495 -0.234943
1700 -3.51843498 7.67154753 -3.4715824200000003 0.153618 -1.274267 -0.08382
1720 -1.26322389 8.203239720000001 -2.39801526 0.22918 -0.924673 0.07115199999999999
1740 0.34667559 8.33122098 -1.162485 0.110773 -0.8213299999999999 0.170605
1760 0.8482903200000002 8.02361862 0.33889626 -0.123812 -0.843741 0.117721
1780 1.2976471800000002 7.65971667 1.37922714 -0.183698 -0.871353 -0.117671
1800 1.21187835 7.336997100000001 1.66947561 -0.070408 -0.867432 -0.396759
1820 0.46313991000000004 6.9496002 1.42473573 0.16562000000000002 -0.807664 -0.629127
1840 -0.567018 6.36716088 1.3090267800000002 0.524369 -0.756677 -0.637369
1860 -0.99782415 6.209239500000001 1.6245752400000002 0.5315300000000001 -0.6413260000000001 -0.452664
1880 -1.2936054600000002 6.587199180000001 1.9290384000000003 0.43797 -0.4209729999999999 -0.065836
1900 -1.4934449699999999 7.989783930000001 2.3126878800000004 0.496314 0.026160000000000003 0.220282
1920 -1.7092944 9.581279850000001 1.8345877200000003 0.525671 0.579332 0.6534770000000001
1940 -1.9742428800000003 10.6573878 1.4844590100000001 0.5580729999999999 0.553374 1.2551450000000002
1960 -2.45235285 10.768760730000002 1.7929737 -0.127742 -0.16639600000000002 0.961789
1980 -3.09062088 10.26759726 2.43528345 -1.35331 -0.901513 -0.086278
2000 -4.28603805 9.039699180000001 3.50002161 -1.445292 -0.746927 -0.834874
2020 -5.325329070000001 7.70357718 4.28783328 -0.782528 -0.83826 -1.212551
2040 -5.89040469 6.4852634700000005 4.4569773 -0.390512 -1.373623 -1.137556
2060 -4.12632144 8.19486198 3.3890999400000004 0.165072 -1.307776 -0.770564
2080 -4.5229986 9.828266220000001 4.74722577 0.739405 -0.544586 -0.31674
2100 -2.65069143 14.440624110000002 2.0969856 1.140274 0.185755 0.243804
2120 0.7261362 18.95298867 -1.99729638 1.138891 0.470887 0.601283
2140 3.2121667800000004 19.599192990000002 -6.179897790000001 0.658652 0.624045 0.5453899999999999
2160 4.7626470900000015 16.01893539 -6.76907658 -0.030031 0.5387350000000001 0.099513
2180 2.92521447 11.675567700000002 -4.5156607200000005 -0.543417 0.386264 -0.486059
2200 1.55795553 8.177645430000002 -2.09324799 -0.596823 0.572914 -0.7622720000000001
2220 -0.66851226 7.23610125 -2.01256074 -0.25467 0.747459 -0.752628
2240 -2.90904759 7.33714425 -0.76925115 -0.055627 0.802586 -0.592144
2260 -4.287686129999999 8.87459688 0.8916995700000001 -0.244454 0.7407630000000001 -0.419263
2280 -3.1234059000000003 9.477087840000001 2.22945984 -0.511942 0.687958 -0.302491
2300 -1.32070068 9.68321556 1.4602086900000002 -0.557884 0.7549020000000001 -0.220645
2320 1.17565983 9.654021 0.41449212 -0.357956 0.730288 -0.099576
2340 2.3915799 8.803494 0.24009975 -0.141965 0.505251 0.045363
2360 2.06959608 8.832531600000001 0.77298876 -0.118072 0.181095 0.102561
2380 0.5553441 9.803113380000001 0.99737289 -0.2116 -0.134222 0.182428
2400 -1.4895504000000002 9.59744673 0.8385588 -0.35425 -0.294611 0.189115
2420 -3.38460696 8.79122169 0.26105391000000006 -0.452349 -0.237988 0.233222
2440 -3.88187586 8.02361862 0.22363857000000004 -0.28798 -0.066615 0.391179
2460 -3.3400008900000002 7.2890948700000004 0.6970986 0.255508 0.03587 0.398049
2480 -2.81849148 6.91996419 1.35138636 0.511512 -0.110421 0.263292
2500 -2.49067071 6.29515548 1.4319264600000001 0.380297 -0.27547 0.093808
2520 -2.1171942 5.11426692 1.3793841 0.446632 -0.081478 0.008565000000000001
2540 -1.5182937 3.74581116 0.9756731700000001 0.7197 0.241973 -0.129879
2560 -1.46634975 2.96383644 1.01563911 0.752042 0.22200100000000006 -0.224699
2580 -1.99430433 3.54029166 1.06608213 0.270041 -0.157861 -0.183782
2600 -2.41987194 5.181171120000001 1.7134832700000002 -0.445914 -0.907473 -0.4474
2620 -2.9822498100000003 7.36737867 2.4989013000000004 -1.533914 -1.660722 -0.544834
2640 -3.47143527 9.88409493 2.83181346 -0.568991 -0.11112 -0.754792
2660 -3.8666115000000003 11.58336351 2.2785588900000002 -0.050511 0.55399 -1.0318969999999998
2680 -3.4251811200000004 11.066033160000002 0.8646043500000001 0.137772 0.960047 -0.975555
2700 -2.55742776 9.41931675 -0.30985866000000006 0.532813 0.645097 -0.878388
2720 -1.93922118 8.28931266 -0.79769034 0.7360869999999999 -0.111056 -0.570488
2740 -0.93210696 7.27696971 -1.50841503 0.847441 -0.4927220000000001 -0.326734
2760 0.66072312 6.04189071 -2.40175287 0.64389 -0.616686 0.213591
2780 2.4977044800000003 5.32846827 -0.88376328 0.212894 -0.535481 0.525602
2800 2.72358954 7.86314664 1.1795445900000001 -0.058662 -0.415259 0.533165
2820 2.30311332 14.669795520000001 2.6165624400000005 0.273321 -0.263575 0.408171
2840 -2.18650185 26.067995280000005 7.659569520000001 1.071444 -0.057466 0.121857
2860 -7.539818850000001 31.803166530000006 5.481896669999999 1.64263 -0.132411 -0.278913
2880 -5.05918377 20.797298100000003 1.28956374 1.615865 -0.555632 -0.4452
2900 -3.7077876000000005 10.68852474 0.05134554 1.144439 -0.4977470000000001 -0.659007
2920 -3.4184416500000006 5.5402759800000005 -1.0434798900000002 0.501492 0.060688 -0.426
2940 -3.0527542800000003 4.17855969 0.77838426 -0.195474 0.653722 -0.007543999999999999
2960 -2.8050125400000003 3.0084425100000005 3.1870237500000003 -0.6459729999999999 1.007297 0.406531
2980 -2.2170403800000003 3.1889661300000003 4.28603805 -0.8212809999999999 0.8750879999999999 0.587073
3000 -1.6110963 4.00716918 3.7922124600000005 -0.69301 0.8442 0.740765
3020 -0.27393444 4.239038340000001 3.20663394 -0.522583 0.64082 0.8372870000000001
3040 0.8132588100000001 4.35504159 2.24518527 -0.552367 -0.147949 0.979095
3060 0.3990708 5.16725073 2.02484286 -1.062993 -0.562454 1.183295
3080 -0.46343421000000007 6.16208283 0.76042215 -2.626396 -1.439492 1.817636
3100 -1.63505232 8.403520680000002 -0.850527 -1.925829 -0.337569 1.104341
3120 -1.7741090700000002 10.972779300000001 -0.6298902900000001 -0.219017 0.550823 -0.095171
3140 -0.75263301 12.64914153 0.98105886 0.291379 0.933293 -0.28010300000000005
3160 0.013469130000000001 13.04088426 2.0969856 0.291132 0.914927 -0.481975
3180 0.29324052 11.1982131 1.77635556 0.378739 0.427732 -0.998827
3200 0.6740451000000001 9.03041892 -0.09460764 0.529601 0.170938 -1.11388
3220 0.63467757 6.93238365 -2.6941006800000005 0.479694 0.052708000000000005 -0.808566
3240 -0.65503332 6.709196340000001 -3.9095694900000004 0.287712 0.17672100000000002 -0.220407
3260 -2.9882339100000004 8.829686700000002 -2.93719248 0.25533 0.266793 0.192653
3280 -3.9172016700000003 13.31571141 -3.40856298 0.251353 0.477253 0.577984
3300 -9.39566484 21.104017560000003 1.8152718300000001 0.037791000000000005 0.886208 0.7906810000000001
3320 -9.28878489 24.891138630000004 4.108359330000001 -0.349624 0.772845 0.704799
3340 0.6598304100000001 18.55900926 2.3067037800000003 -0.492897 0.273442 0.5100210000000001
3360 1.0976703300000001 13.61732967 3.8336793300000003 -0.433359 -0.037824 0.243781
3380 1.6560064800000003 9.44685342 4.79347992 -0.256296 -0.031157 0.021751
3400 0.61776513 5.361400440000001 3.6814477500000002 -0.213454 -0.07571900000000001 -0.06014600000000001
3420 -1.25483634 2.2897913400000003 3.0644281800000006 -0.034432 -0.026666 0.03825
3440 -2.6478465300000003 1.22474907 2.27362446 0.420979 0.045889 0.147092
3460 -3.1204138500000003 2.03531994 0.63512883 0.890444 0.289271 0.147923
3480 -4.11209694 4.97115864 -0.12364524000000002 0.879368 0.131918 0.080749
3500 -4.506233310000001 8.045171190000001 0.21899844000000002 0.624189 -0.40837 -0.182056
3520 -3.98036826 10.938807270000002 0.46702467 -0.02415 -0.464289 -0.5539810000000001
3540 -2.64964176 12.201727049999999 0.78436836 -1.191894 -0.7600520000000001 -0.968751
3560 -0.78122916 10.602598950000003 1.14002991 -0.628591 -0.775814 -0.978683
3580 -0.7399094400000001 9.04538898 1.7065966500000003 -0.567308 -0.285532 -0.829332
3600 -1.62068067 7.89817815 1.73653677 -0.366995 0.533367 -0.6623399999999999
3620 -2.6758344600000004 7.13955123 1.8000074700000002 0.322184 0.732536 -0.451614
3640 -3.3859607400000002 6.625526850000001 0.5170262400000001 0.972738 0.6028439999999999 -0.284534
3660 -2.81175201 5.868999270000001 -2.48244012 1.069712 0.208993 -0.177598
3680 -0.5505568200000001 4.61326041 -4.799022570000001 0.444981 -0.668511 0.026398
3700 1.01758149 4.2807995100000005 -2.07827793 -0.192388 -1.280681 0.221419
3720 1.01429514 6.39545292 2.01136392 -0.145034 -1.097986 0.313383
3740 2.6707430700000003 10.15038738 3.2162085 0.65755 -0.7080569999999999 0.407152
3760 4.4420170500000005 20.797896509999998 4.87401021 1.329829 -0.577751 0.271744
3780 -6.194416590000001 35.188528860000005 8.00370432 1.442578 -0.560519 0.12723099999999998
3800 -6.624771480000001 24.20496837 3.3895512 1.128062 -0.607088 -0.208192
3820 -4.96651851 11.30643702 0.6885639 0.70498 -0.648807 -0.5967210000000001
3840 -3.38985531 4.49889543 -0.28425456 0.435004 -0.409301 -0.583959
3860 -3.03329124 2.9595004200000004 -0.06182262000000001 0.329341 -0.065205 -0.22942
3880 -3.1841788500000003 3.2548304700000004 2.18695311 0.12133499999999997 0.273058 0.340192
3900 -2.9379380400000006 4.03965009 3.71378151 -0.283459 0.285849 0.688793
3920 -2.3252643 4.960387260000001 4.42284831 -0.7822319999999999 0.178989 0.937547
3940 -1.9374259500000002 5.26485042 4.09293801 -0.951309 0.06029 0.931177
3960 -1.66782753 5.01846246 1.88907246 -1.262483 -0.370982 0.893236
3980 -1.8365301 5.353169850000001 0.5043026700000002 -1.368066 -1.064367 0.4255060000000001
4000 -1.79910495 6.857984610000001 -0.16600482 -0.256422 0.455296 -0.415776
4020 -1.96840593 9.966871710000001 -0.8348113800000001 0.146902 1.202672 -0.387211
4040 -1.6233784199999999 12.423413430000002 -0.9572598 0.161948 0.976943 -0.161422
4060 -0.49966254000000004 11.813731740000001 0.00703377 0.103248 0.405464 -0.254035
4080 1.37384145 10.42178103 0.64440909 0.070921 0.21431 -0.374725
4100 3.3337126800000005 9.26004159 -0.68063742 0.083258 0.270085 -0.214477
4120 2.74064913 8.70604146 -1.97619507 0.344752 0.192989 -0.07581900000000001
4140 0.04281084 8.245599299999999 -1.6437341699999999 0.534402 0.027755 0.054972
4160 -2.26628658 8.416097100000002 -1.7269622100000002 0.255906 -0.082609 0.1899
4180 -3.0557463300000003 11.825709750000001 -5.033285370000001 -0.31769000000000003 0.071564 0.493344
4200 -7.90521192 19.29368016 -1.12700223 -0.94376 0.268074 0.64468
4220 -7.127426070000001 22.50151092 5.065167870000002 -1.120829 0.316357 0.4457600000000001
4240 -1.8615259800000001 15.95681847 3.41649927 -0.73165 0.455691 0.16308499999999998
4260 -0.7619132700000001 11.22530832 3.10109796 -0.106924 0.6162770000000001 -0.044265
4280 0.63512883 7.51752072 3.26740689 0.647512 0.858771 -0.068148
4300 -0.6655202100000001 5.107380300000001 2.9530552500000002 1.103679 0.72521 -0.096838
4320 -2.38409487 3.74311341 1.9446068699999999 1.044218 0.216607 -0.194878
4340 -3.5110971 3.9005933400000004 0.36927783000000003 0.401339 -0.623925 -0.4290270000000001
4360 -4.10252238 5.66242029 -0.5936619599999999 -0.915504 -0.972936 -0.71872
4380 -5.023249740000001 7.9417345500000005 -0.3065625 -2.021881 -0.632877 -0.617926
4400 -4.928651909999999 10.209365100000001 0.42825555000000004 -0.606817 -0.101764 -0.398282
4420 -3.78353061 11.982885569999999 1.2445162200000002 0.400869 0.26115900000000003 -0.388504
4440 -2.22497667 12.42536562 2.20266873 0.193475 0.70691 -0.325362
4460 -1.16113122 10.83297699 2.4947124300000003 0.253996 0.852749 -0.35183200000000003
4480 -1.3362691500000001 8.37134388 0.8352626400000002 0.535804 0.29202100000000003 -0.23164
4500 -1.7492603400000002 5.74849323 -2.23529679 0.736459 -0.275915 -0.10346099999999997
4520 -0.283509 3.8713987800000003 -5.723948610000001 0.504514 -0.696493 0.046077
4540 1.28537487 3.13672788 -3.6675273600000002 -0.113767 -0.8316 0.269463
4560 1.63206027 3.5859474 0.9484308 -0.212362 -0.692769 0.268596
4580 0.22603221 5.80493016 4.312083600000001 0.272298 -0.356901 0.304666
4600 -0.25896438000000005 11.494896930000001 2.8445370300000006 0.90956 -0.175266 0.416775
4620 -0.5707654200000002 22.02026175 3.95881569 1.255458 -0.063799 0.479937
4640 -6.9322365 30.21003234 6.4176039 1.227611 -0.057541 0.271431
4660 -5.420378159999999 23.53944816 2.5114777200000002 0.921215 -0.123716 -0.229484
4680 -4.373759070000001 12.26025351 0.7535355300000001 0.566449 -0.081713 -0.302518
4700 -3.4181375400000005 4.67253243 -0.40461345 0.02554 -0.02338 0.229876
4720 -3.3718833900000003 2.4224127300000005 -0.20702043 -0.656671 -0.360623 0.708379
4740 -3.6604837800000003 1.90224729 2.04295212 -1.757556 -0.470825 1.514816
4760 -2.2242213 2.18096901 3.59342262 -2.898755 -0.8352139999999999 2.25293
4780 -1.75165398 3.92992524 3.78113697 -0.466992 0.979813 0.198445
4800 -1.13134806 4.901860800000001 3.0466132200000002 0.609755 0.772371 -0.539387
4820 -0.20238030000000004 5.1220462499999995 1.69447149 0.808335 0.33170700000000003 -0.535299
4840 0.38410074000000005 5.79146103 0.6855718500000001 0.7607470000000001 -0.492885 -0.7428779999999999
4860 0.26748927000000006 8.376131160000002 -0.36104724000000005 0.31548200000000004 -0.8195209999999999 -0.990193
4880 0.3305087100000001 11.0567529 -1.17760221 -0.235566 -0.551771 -0.604484
4900 0.8768766600000001 11.98512225 -2.3875381800000004 -0.353036 -0.142977 -0.168925
4920 0.6117810300000001 10.225983240000001 -3.23148267 0.079283 0.110367 0.036732
4940 0.47825712 8.88103224 -2.99676861 0.453532 0.272257 0.252783
4960 0.02185668 10.283018580000002 -2.2350024900000003 0.109947 0.189698 0.417131
4980 -3.02819985 16.01878824 -3.5983668600000005 -0.6242800000000001 0.195246 0.465407
5000 -12.15293211 24.49401021 4.86353313 -0.8630770000000001 -0.161208 0.302894
5020 -4.64050278 24.269027670000003 0.02769363 -0.657841 -0.37271 0.00336
5040 -1.885482 13.62646278 -0.47331288 -0.304634 -0.090806 -0.203905
5060 -0.6039918900000002 9.88424208 2.57165226 0.144759 0.524066 -0.112892
5080 -0.59066991 7.0921002600000005 3.8206516500000003 0.65717 0.7941739999999999 0.093303
5100 -1.7145329400000002 5.37801858 3.37084353 0.806044 0.6288739999999999 0.27615300000000004
5120 -2.04025437 4.36582278 2.88495423 0.5042260000000001 -0.166466 0.166105
5140 -2.8744771500000006 5.0449592700000006 1.26711846 -0.154855 -0.983886 -0.239103
5160 -3.6657223200000004 6.29695071 -0.52645365 -0.906713 -1.084034 -0.6490819999999999
5180 -4.013006130000001 7.876321470000001 -1.1951130600000002 -1.261487 -0.5755239999999999 -0.967337
5200 -3.4117021800000007 9.17756892 -0.30536568000000003 -0.557963 -0.337892 -1.063141
5220 -2.57165226 10.018217250000001 0.13936086 -0.429826 -0.361472 -0.872072
5240 -0.9436337100000001 9.677378610000002 1.2460073400000002 -0.08174400000000001 0.175385 -0.631047
5260 -0.24294465 8.13124413 2.40878664 0.5405989999999999 0.221388 -0.420592
5280 -0.8313680700000001 6.4452975299999995 2.22541812 0.781998 0.035343 -0.192204
5300 -1.52877078 5.67020943 0.32766381 0.53177 -0.215651 -0.078262
5320 -0.78092505 5.70613365 -3.5512200000000007 0.027847000000000004 -0.507894 0.181375
5340 0.6912616500000001 5.57380656 -4.6827152100000005 -0.066096 -0.59239 0.34747
5360 0.7652094300000001 6.379580340000001 -1.60271856 0.026941000000000003 -0.5925189999999999 0.298981
5380 -0.59066991 8.686441080000002 2.42495352 0.4401930000000001 -0.8555860000000001 0.193246
5400 -0.7836228 13.82135805 3.98456694 1.033136 -0.942855 -0.074897
5420 -0.3010198500000001 22.501658070000005 3.09511386 1.3956 -0.7281350000000001 -0.272397
5440 -5.9679429299999995 28.02202956 2.81534247 1.3680219999999998 -0.608111 -0.426568
5460 -5.2855102800000004 19.14129162 1.9922049900000003 1.023476 -0.500871 -0.572254
5480 -3.6702153 10.137663810000001 1.64313576 0.604916 -0.39362 -0.390512
5500 -2.70113445 5.263359300000001 1.00291554 0.139803 -0.346119 0.121061
5520 -2.83750326 3.77170956 1.4295230100000003 -0.415912 -0.354461 0.557297
5540 -2.69200134 4.168082610000002 3.0166731 -0.731574 -0.371061 0.985607
5560 -2.01181518 5.65913394 3.8552319 -0.86426 -0.122785 1.083707
5580 -1.52054019 6.515497890000001 3.3133569300000003 -1.404116 -0.513273 1.16803
5600 -0.87881904 5.241051360000001 1.9520919 -1.5552700000000002 -0.7999729999999999 0.80201
5620 -0.8264336400000001 4.509676620000001 0.7460505000000001 -0.284124 0.109647 -0.533031
5640 -2.16480213 4.884192990000001 0.23995260000000002 0.030228 0.111291 -0.6835939999999999
5660 -3.51020439 6.544839600000001 -0.46418958 0.063834 -0.009088 -0.446059
5680 -3.78113697 8.713526490000001 -1.0707222600000001 0.203046 -0.115101 -0.428928
5700 -2.3546060100000004 10.14574725 -0.5707654200000002 0.322405 -0.23871 -0.523007
5720 0.12169305 10.742715180000001 0.48319155 0.356118 -0.246636 -0.435167
5740 2.7650466000000002 10.799289450000002 -0.5667237 0.642748 -0.297714 -0.164976
5760 2.33514297 11.1116889 -1.4635048499999999 0.7510720000000001 -0.327073 0.15628499999999998
5780 -0.2402469 11.09776851 -0.67270113 0.510891 -0.423859 0.325647
5800 -2.7436411800000005 10.870549290000001 -0.7581756600000001 0.117411 -0.293931 0.409258
5820 -4.01195646 13.54234203 -3.11412564 -0.212171 0.042459 0.487709
5840 -8.35951302 21.07003572 0.5773479300000001 -0.200769 0.33484899999999995 0.617737
5860 -7.4528532 22.60584027 2.29188087 -0.04826 0.231352 0.527068
5880 -2.7650466000000002 14.550192000000001 1.7588447100000002 -0.11846199999999997 0.012158 0.258735
5900 -2.5397697600000004 10.963950299999999 3.8805318900000003 -0.191213 -0.04199 0.010469
5920 -1.3052891699999998 7.954006860000001 4.40578872 -0.071921 -0.17733 -0.08039199999999999
5940 -1.3320802800000002 5.692360409999999 4.10790807 0.122018 -0.279008 -0.129113
5960 -2.09429766 4.475547629999999 2.5861710600000003 0.389582 -0.160354 -0.196831
5980 -3.0731100300000005 3.7711111500000003 0.5858826300000002 0.656089 -0.039565 -0.264558
6000 -3.99309183 4.79572641 -0.7506906300000001 0.4991140000000001 0.096552 -0.335264
6020 -4.69169136 6.56999244 -0.17139051000000002 0.079834 0.106394 -0.567873
6040 -4.38902343 7.854768900000001 0.84289482 -0.295984 -0.116416 -0.732582
6060 -3.31650594 8.806633200000002 1.2882197700000002 -0.995637 -0.375744 -0.808708
6080 -1.7542045800000001 9.00407907 0.95202126 -1.192021 -0.627649 -1.045834
6100 -0.46089342000000005 8.1584865 1.24915635 -0.957336 -0.61682 -1.027117
6120 -0.51298452 7.32741273 2.13306678 -0.67203 -0.5409109999999999 -0.810509
6140 -1.4769739800000001 6.92834193 1.9562807700000002 -0.029213 -0.5986670000000001 -0.511115
6160 -2.39277672 5.72469417 1.02910824 0.600851 -0.930918 -0.021316
6180 -3.1795387200000005 5.26200552 0.58543137 0.913775 -1.069317 0.48418
6200 -3.8124210600000006 6.114484710000001 -0.69036894 0.995013 -1.060865 0.697313
6220 -2.87402589 7.0602177600000005 -3.3513804900000004 0.794628 -1.263603 0.688695
6240 -0.82239192 8.79031917 -2.60742933 0.6023189999999999 -1.4796200000000002 0.5306
6260 0.5245112700000001 11.82391452 0.2920437 0.636698 -1.691727 0.26405700000000004
6280 0.0691605 15.878828970000002 2.3433735600000007 0.660658 -1.801718 0.044311
6300 0.23232042000000003 18.53744688 1.85973075 0.6499699999999999 -1.662925 -0.28922600000000004
6320 -0.45460521000000004 21.133653570000003 3.85029747 0.6429279999999999 -1.303058 -0.5001770000000001
6340 -6.38392617 20.754791370000003 4.42973493 0.666037 -1.069089 -0.422335
6360 -8.207732700000001 14.719787279999998 3.08134062 0.497293 -1.032477 -0.108435
6380 -7.903563840000001 10.03184334 1.1632305600000001 -0.005158 -1.089991 0.057976
6400 -7.472610540000001 6.54693894 -1.09961271 -0.490947 -0.990057 -0.003229
6420 -6.17556177 5.00828949 -0.82059669 -0.557292 -0.8447540000000001 -0.051948
6440 -3.88247427 5.25631572 0.9758203200000001 -0.195266 -0.8754069999999999 -0.159407
6460 -1.9652667300000002 6.499782270000001 2.5143226199999997 0.271648 -0.691803 -0.125403
6480 -0.50355711 7.34747418 3.2974941600000003 0.6409100000000001 -1.138274 0.11703
6500 -0.44307846000000006 6.98447475 2.66865354 1.027353 -1.926132 0.46898
6520 -0.9174410100000001 6.76847817 1.75031001 0.382038 -1.7135669999999998 0.8840110000000001
6540 -1.1587375800000002 6.837628860000001 1.17490446 -0.354417 -2.153281 1.460543
6560 -1.9085355000000002 6.539149800000001 0.22318731000000003 0.452114 -0.998589 0.246924
6580 -1.44090261 6.198007050000001 -0.47586348000000006 0.516947 -0.615387 -0.266929
6600 -0.20851155000000002 6.47643447 0.03173535 0.336579 -0.263843 -0.377598
6620 0.01975734 8.111182680000002 1.69642368 0.019765 -0.783432 -0.435761
6640 -1.31741433 10.041722009999999 3.21142122 -0.088283 -1.335991 -0.687908
6660 -2.7541182600000003 9.465570900000001 3.30423363 0.355031 -1.208654 -0.68177
6680 -2.7652035600000002 7.461829350000001 2.4697165500000002 1.029273 -0.62875 -0.5656399999999999
6700 -2.4706092600000003 5.54851638 1.7265109500000002 1.545272 0.293991 -0.26732100000000003
6720 -2.18216583 5.2775739900000005 -2.35385064 1.491276 0.668132 0.254183
6740 -1.25887806 9.0406017 -4.00117527 0.814098 0.356065 0.825625
6760 -4.42929348 16.37968833 -1.19481876 0.108179 0.07375599999999999 1.173569
6780 -7.14165057 21.55203045 -4.2890301 -0.234411 0.130964 1.017279
6800 -12.01506237 23.096673810000002 -3.6628872300000004 -0.152194 0.135934 0.768951
6820 -6.51909816 23.597974620000002 -4.30938585 -0.114995 0.034773 0.460624
6840 -1.49778099 16.797466800000002 -1.75150683 -0.051528 -0.13262100000000002 0.176067
6860 2.6626596300000003 11.23563825 2.94557022 0.096519 -0.6308600000000001 -0.029496
6880 4.164345 9.73425699 4.98567744 0.300664 -1.110595 -0.116118
6900 3.25961775 6.874602750000001 5.027889870000001 0.439721 -1.482949 -0.093305
6920 -0.30177522 3.77843922 3.00858966 0.7349640000000001 -1.451338 0.003789
6940 -2.55593664 3.83681853 1.20110697 0.908999 -1.335223 -0.146832
6960 -3.5720172000000003 5.043909600000001 -0.36599148000000004 0.745841 -1.209609 -0.515601
6980 -4.33633392 6.32539971 -2.0538804600000002 0.4421100000000001 -1.157547 -1.016649
7000 -4.607570610000001 6.24471246 -2.07722826 0.230308 -1.390839 -1.36607
7020 -3.4242786 7.02414639 -0.60683679 0.056241999999999986 -1.8092580000000005 -1.273814
7040 -1.64507814 9.526491 1.06653339 -0.31777 -2.180581 -0.798455
7060 -1.17865188 9.76613949 2.0419024500000003 -0.688692 -2.330482 -0.553027
7080 -2.08591011 9.47021103 2.29263624 -0.86461 -2.143028 -0.392126
7100 -4.3105826700000005 9.064400760000002 1.7727651000000002 -0.959623 -1.860525 -0.095118
7120 -6.74332533 8.943453270000001 1.4229405000000002 -0.752375 -1.802539 0.142333
7140 -7.407050310000001 8.91441567 1.59793128 -0.158025 -1.880803 0.284385
7160 -7.586073 10.16910486 0.9078664500000001 0.543481 -1.895362 0.386512
7180 -6.60067812 12.935799540000001 0.87133401 0.798917 -1.838554 0.344426
7200 -5.17968 14.288382720000001 -2.0389104000000002 0.69419 -2.038764 0.419795
7220 -4.2150823200000005 14.17896198 -4.299360030000001 0.275623 -2.362178 0.40874
7240 -1.9799326800000001 13.08099735 -6.589592820000001 -0.017539 -2.40021 0.31701
7260 0.6036975900000001 11.83274352 -6.614000100000001 -0.08899 -2.530438 0.178878
7280 1.3524360300000002 10.451711340000001 -5.27772114 0.184872 -2.681283 0.101935
7300 0.62015877 10.946282490000002 -3.03015204 0.6747489999999999 -2.705109 0.041294
7320 0.18875421000000003 11.769125670000001 -1.63355139 0.99691 -2.504781 0.014446
7340 -0.12349809 12.220591680000002 -0.28800198 0.805956 -2.107504 -0.068582
7360 -2.06526006 11.89007316 0.5848329600000001 0.294015 -1.577417 -0.052541
7380 -4.520752110000001 10.65334608 0.33679692000000006 -0.08226900000000001 -1.170623 0.042586
7400 -5.4167876999999995 9.13265874 -0.22692492 -0.34835900000000003 -1.17327 0.135803
7420 -5.93860122 8.18602317 -1.38297456 -0.40321 -1.102385 0.305176
7440 -6.28168635 8.34738786 -2.76011217 -0.245305 -0.693599 0.23845700000000006
7460 -4.25190906 8.08723647 -3.2133636000000005 -0.358165 -0.662341 -0.020881
7480 -1.55885805 8.492889779999999 -1.5114070800000001 -1.137891 -0.950306 -0.5910479999999999
7500 0.10552617 8.534798100000001 0.99408654 -1.318774 -1.040706 -1.269448
7520 0.7661021400000001 8.16042888 2.4418757700000002 -0.173597 -0.532809 -0.605143
7540 0.42272271 6.48182016 3.12474987 0.61647 -0.434984 0.086048
7560 -0.40849821 4.956943949999999 2.6951405400000006 0.210145 -1.05262 0.382036
7580 -1.5655975200000003 4.82446971 1.5828042600000003 0.103092 -1.267848 0.485181
7600 -2.30460444 5.7453540300000006 0.65204127 0.37279 -1.177848 0.388673
7620 -2.6220952800000004 6.7877842500000005 0.24683922000000003 0.8284450000000001 -1.266349 0.280874
7640 -0.9918400500000001 7.84188837 -0.055083150000000004 0.904488 -1.571811 0.147201
7660 0.43753581 9.78156081 0.52211763 0.581849 -1.440796 -0.10198
7680 -0.22123512000000004 12.78775683 1.9118218500000002 0.412534 -1.081521 -0.290562
7700 -1.8359316900000002 14.344074090000001 1.6218774900000001 0.34115500000000004 -1.019644 -0.25161500000000003
7720 -2.7840583800000003 13.228588799999999 0.5601313800000001 0.255971 -0.882438 -0.390187
7740 -3.18103965 14.27925942 -0.29324052 0.122135 -0.528349 -0.644744
7760 -5.08867263 16.658861309999995 1.9426644900000003 0.075914 -0.327123 -0.8429459999999999
7780 -4.79378403 14.192735220000001 1.5443392500000002 0.181658 -0.34754 -0.890251
7800 -2.05417476 11.762690310000002 -2.41073883 0.43754 -0.429109 -0.693943
7820 -0.3101529600000001 12.74420043 -3.84805098 0.514163 -0.532247 -0.276669
7840 -0.56596833 9.91044459 -2.49904845 0.18237 -0.5404180000000001 0.188905
7860 -1.12132224 6.53615775 -1.3677102000000003 -0.102106 -0.4615260000000001 0.419689
7880 -2.5047382500000004 5.67589923 -1.3063290300000001 0.011007 -0.263599 0.375361
7900 -2.60623251 6.68584854 -1.5486752700000002 0.359104 -0.157496 0.180035
7920 -1.3073787000000001 8.617574880000001 -0.26525259 0.605578 -0.29838400000000004 0.034523000000000005
7940 0.7731457200000001 11.462563170000001 1.1972124 0.5338510000000001 -0.621851 0.002389
7960 2.3047614000000003 12.616964730000001 1.80060588 0.36628 -0.884351 -0.008059
7980 1.8233552700000002 12.0194082 2.35385064 0.24471 -0.932685 -0.069735
8000 0.6944106600000001 9.63875664 1.83607884 0.161794 -0.631973 -0.073904
8020 -0.8840575800000001 7.948169910000001 0.69530337 0.162573 -0.226087 -0.078691
8040 -2.50413984 6.555915090000001 -0.18815580000000004 0.035993 -0.018522 -0.194141
8060 -3.7925165700000005 6.0965226 -0.84305178 0.183054 0.027391 -0.348065
8080 -4.51999674 5.87244258 -0.5022033300000001 0.188786 -0.014713999999999996 -0.479362
8100 -4.36896198 6.23169459 0.43035489 0.331719 -0.122508 -0.8189890000000001
8120 -3.80553444 6.97758813 1.5663430800000002 0.45038 -0.334909 -1.084943
8140 -2.9817985500000006 7.670949120000001 2.66116851 0.336339 -0.611223 -1.150547
8160 -2.1266314200000007 8.554261140000001 2.91908322 0.015361 -1.101948 -0.964153
8180 -1.56963924 9.0983826 1.84476069 -0.286702 -1.435968 -0.555638
8200 -1.68489693 8.81097903 0.5822921700000002 -0.632845 -1.264365 -0.27947
8220 -2.18455947 9.07263135 -0.09595161 -1.0121129999999998 -0.989776 0.111703
8240 -2.47016781 9.61780248 0.33634566000000005 -1.0501 -0.860778 0.385805
8260 -2.47211019 9.80490861 1.57846824 -0.504196 -0.825953 0.261387
8280 -2.07513873 9.62708274 2.7976844700000005 0.209871 -0.749635 0.27055
8300 -1.2644207100000002 10.44692406 2.67688413 0.7490180000000001 -0.876268 0.302252
8320 -1.89072054 13.52961846 2.14129737 0.601292 -1.061872 0.225614
8340 -3.0707163900000003 14.571303120000001 -1.63115775 0.020536 -1.327558 0.038164
8360 -3.1015492200000003 14.71095828 -4.273167330000001 -0.419433 -1.514194 -0.059742
8380 -2.94602148 14.49855216 -5.11800453 -0.416453 -1.495303 0.008621
8400 -2.04759225 11.760443819999999 -4.34695815 -0.08501900000000001 -1.491477 0.096389
8420 -1.4678506800000002 8.31041397 -3.21516864 0.274778 -1.384277 0.148971
8440 -1.83443076 6.695423100000001 -1.52353224 0.502261 -1.183375 0.060572
8460 -1.6064561700000002 8.54947386 0.13202298 0.500278 -1.067693 -0.09555
8480 -1.4582663100000002 11.15794305 0.32557428000000005 0.378428 -1.070762 -0.287609
8500 -2.25071811 12.712916340000001 0.60968169 0.391791 -1.0915290000000002 -0.433836
8520 -4.684961700000001 11.98736874 1.10559681 0.5399510000000001 -1.185534 -0.496774
8540 -4.19188167 9.80101404 0.62629983 0.718658 -1.020159 -0.449804
8560 -3.0169772100000003 8.730448740000002 -0.38964339 0.767129 -0.597745 -0.366685
8580 -2.89557846 8.31775185 -1.0990143 0.587225 -0.200058 -0.295812
8600 -2.45429523 9.21723075 -0.7511418900000002 0.259264 -0.046623000000000005 -0.286549
8620 -1.5123096 9.49385313 0.5761511099999999 -0.08257300000000001 -0.134947 -0.280278
8640 -0.94783239 8.371196730000001 2.0052326700000003 -0.10993 -0.29143 -0.284541
8660 -1.40258475 6.553521450000001 2.5228573200000004 0.227136 -0.189746 -0.16481300000000002
8680 -1.8731998800000003 5.13148347 1.9173645000000001 0.627799 0.369589 0.269899
8700 -1.7762084100000002 4.31746929 1.13029839 0.6817310000000001 0.024584 0.985358
8720 -1.58220585 3.77170956 0.6405145200000001 -0.022697 -0.462017 1.271618
8740 -1.01264706 3.7631748600000003 0.48798864 -1.195957 -0.609165 1.524257
8760 -0.51059088 4.20206445 0.6484508099999999 -1.749628 -1.054837 1.301975
8780 -0.16002072 4.75621173 0.71670879 -0.474641 0.013321 -0.255433
8800 -0.07320222000000003 5.90971077 1.3407621299999999 0.350169 0.968092 -0.508336
8820 -0.24653511000000003 7.73366445 2.2162948200000003 0.374038 0.967303 -0.597899
8840 -0.6557886900000001 9.23384889 2.5682089500000003 0.4096 0.261085 -0.909735
8860 -1.4260797 10.37897019 1.9422132300000001 0.432129 -0.320094 -1.044497
8880 -1.62965682 10.809923490000003 0.9354031200000001 0.047671 -0.524713 -0.690134
8900 -1.4687433900000002 10.12075137 0.07184844 -0.063541 -0.497812 -0.12906099999999998
8920 -1.4346144 8.713830600000001 -0.29010132000000005 -0.015244999999999996 -0.179423 0.127242
8940 -0.9110056500000001 7.14853719 -1.22565159 -0.004368 0.292762 0.316856
8960 -0.21615354000000003 5.749542900000001 -4.52119356 -0.057323 0.5829479999999999 0.521213
8980 -0.8644572 6.64108551 -4.09817655 -0.284737 0.591016 0.5655479999999999
9000 -3.63279996 10.73313081 -1.78458615 -0.582413 0.193209 0.405881
9020 -4.26987117 16.10381151 -3.4634989800000002 -0.50167 0.124611 0.174729
9040 -8.414007569999999 23.393200680000003 1.6796583900000002 -0.02117 0.514592 0.002397
9060 -4.302803340000001 29.02509225 3.7857771 0.529196 0.890048 -0.061537
9080 -1.35363285 18.764832870000003 2.28214935 0.904854 0.598238 -0.139724
9100 0.10942074000000002 10.8944955 3.5266655700000005 0.6445529999999999 -0.090166 -0.121432
9120 1.5602020200000002 6.27360291 2.6583236100000005 -0.28128400000000003 -0.881117 -0.255073
9140 0.039367530000000005 1.83188997 2.3962200300000003 -1.211343 -1.581936 -0.546954
9160 -1.5003315900000003 0.54890874 2.42360955 -1.263569 -1.328238 -0.542303
9180 -3.32488368 2.9526138000000004 1.8094348800000002 -0.311118 -0.287035 -0.143879
9200 -4.92071562 5.974378290000001 1.2025980900000002 0.5107550000000001 0.558917 -0.087947
9220 -5.8109142600000006 8.29440405 0.78226902 0.7968390000000001 1.474444 0.082725
9240 -5.34553767 10.16895771 0.31703958 0.7620979999999999 1.419808 -0.076613
9260 -3.85044462 11.70296703 -0.07364366999999998 0.4870680000000001 0.8705229999999999 -0.20388
9280 -1.48236948 11.550725640000001 -0.05074713 0.170932 0.262523 -0.264061
9300 -0.5089428 9.72572229 0.40026762 -0.471085 -0.381911 -0.254902
9320 -0.47526507 7.093601189999999 -0.58184091 -1.005696 -0.773666 -0.390593
9340 -0.28769787 4.91532993 -2.38274109 -0.611482 -0.5071869999999999 -0.239698
9360 0.8101196099999999 3.1064934600000003 -2.82163068 0.371606 -0.259773 -0.09428
9380 2.1143493000000007 1.89804861 -0.9924384600000001 1.047702 0.004865 0.006244
9400 1.84267116 2.9277650700000004 0.8553240900000001 1.117513 0.179041 0.078079
9420 -0.1966905 7.63831125 0.52870014 0.750656 0.06374099999999999 -0.073887
9440 -1.65794886 17.48768859 2.12872095 0.25103600000000004 -0.026162 -0.33470300000000003
9460 -6.934031730000001 28.305989820000004 7.820787060000001 0.065742 0.167892 -0.217673
9480 -6.0873894900000005 30.153144150000003 5.007691080000001 -0.06225 0.227893 0.07297999999999999
9500 -2.87027847 18.24196968 0.82163655 -0.184745 0.403669 0.443641
9520 -1.1981051100000002 9.11783583 -0.6725539800000001 -0.477599 0.261089 0.6554220000000001
9540 0.17767872 4.74079041 0.38245266 -0.758682 0.31043200000000004 0.813629
9560 -0.79499259 3.4675407000000003 3.18522852 -1.618929 -0.6189560000000001 1.143165
9580 -1.5566115600000001 3.7975981500000002 5.300774639999999 -1.928815 -1.128549 0.977147
9600 -2.4251104800000003 5.18357457 5.04720576 -0.348934 0.252288 -0.450346
9620 -2.8436345100000002 5.3450864099999995 3.3548238 0.40392 0.607745 -0.483998
9640 -2.80486539 5.64341832 1.7205268500000002 0.556117 0.650389 -0.358008
9660 -2.5444098900000003 6.041586600000001 0.69231132 0.433517 0.29875300000000005 -0.494078
9680 -2.73196728 7.9716746700000005 -0.31658832000000003 0.313554 0.016522 -0.6729470000000001
9700 -2.22437826 11.299403250000001 -0.77958108 0.16051600000000002 -0.231535 -0.578627
9720 -1.4531749200000001 12.5431641 -0.65174697 0.137242 -0.344587 -0.259246
9740 -0.05463189 10.862161740000003 0.22992678000000003 0.158114 -0.279293 -0.089337
9760 2.04833781 8.208027000000001 -0.52824888 0.018681 0.000529 0.117634
9780 2.89393038 6.074214660000001 -1.49134563 -0.18239 0.335953 0.32624000000000003
9800 1.00485792 5.16905577 -1.50062589 -0.479992 0.469666 0.445767
9820 -1.5362558099999999 5.5992537 0.01691244 -0.52481 0.347798 0.324901
9840 -1.73638962 9.780815250000002 -4.2332013900000005 -0.1267 0.439818 0.144898
9860 -6.55322715 18.234926100000003 0.50908995 0.304837 0.754848 0.110121
9880 -11.102408640000002 24.044054940000002 4.9832838 0.607622 0.95615 0.12266
9900 -2.63871342 18.465000030000002 1.4756300100000002 0.780041 0.7822359999999999 0.041834
9920 -3.1630677300000003 13.33621431 2.96263962 0.613733 -0.055999 -0.114214
9940 -1.10635218 9.76809168 3.56273694 -0.041516 -0.906713 -0.455259
9960 -1.64792304 6.95049291 2.8036685700000006 -1.3126 -1.384369 -0.8480850000000001
9980 -2.3881365900000002 4.74229134 3.0597880500000008 -1.509562 -0.687517 -0.7178939999999999
10000 -3.03927534 4.04698797 2.4984500400000003 -0.076894 0.255572 -0.44204
10020 -4.20101478 5.80237956 0.95651424 0.516281 0.810308 -0.355286
10040 -5.1392628 7.66466091 0.6487549200000001 0.8263520000000001 1.042191 -0.271165
10060 -5.146747830000001 8.71562583 0.94767543 0.700995 0.329486 -0.153623
10080 -3.69910575 9.44670627 0.90022446 0.531144 0.07864299999999999 0.118977
10100 -1.86137883 9.968068529999998 0.98959356 0.375366 -0.065015 0.215281
10120 -0.51687909 9.251506890000002 1.09961271 -0.115719 -0.290537 0.29546100000000003
10140 -0.0059841 7.34207868 0.57315906 -0.344317 -0.568932 0.316654
10160 0.02006145 5.662871550000001 -1.45257651 0.104041 -0.80993 0.25600100000000003
10180 -0.15133887000000001 4.30385301 -2.93509314 0.742223 -0.674162 0.116075
10200 0.52271604 3.1811868000000003 -2.05537158 1.1536879999999998 -0.242283 -0.084566
10220 0.46718163 3.4121534400000004 0.7279314299999999 1.0943969999999998 -0.096423 -0.278516
10240 -1.1488589100000002 6.727462560000001 0.9689337 0.8747530000000001 -0.23347 -0.447585
10260 -0.52001829 15.92523027 2.60338761 0.62557 -0.29786 -0.379809
10280 -4.720581810000001 27.237514049999998 6.93867186 0.343285 -0.097969 -0.040205
10300 -7.544458980000001 30.104349210000002 4.99017042 -0.039692000000000005 0.192095 0.4801760000000001
10320 -3.2784823800000003 18.99744759 2.22646779 -0.330317 0.276648 0.898918
10340 -2.4966548100000003 8.66787075 0.33231375 -0.804113 0.078955 1.1971
10360 -3.3115617 3.77515287 0.07888221 -1.690848 -0.106741 1.516952
10380 -4.03381314 3.36425121 1.8021068100000002 -2.39255 -1.029847 1.470504
10400 -3.27099735 3.59522766 3.64476816 -1.251393 -0.038987 0.178248
10420 -2.73196728 5.6248578 3.4320677400000004 0.171389 0.69443 -0.648103
10440 -2.22632064 6.13933344 3.14256483 0.58549 0.7238939999999999 -0.649522
10460 -1.88039061 5.238510570000001 3.3495852600000005 0.430642 0.378629 -0.486723
10480 -1.7654272199999999 5.3392494600000004 2.4887283300000003 0.436349 -0.095 -0.330116
10500 -1.9059849 7.1976362400000005 1.00665315 0.464936 -0.108979 -0.056433
10520 -1.70151507 9.4223088 -0.70728138 0.112004 0.023045 0.26674000000000003
10540 -1.13838183 11.212584750000001 -1.7292087000000003 -0.215945 -0.051516999999999986 0.28270500000000004
10560 0.19114785 11.37559752 -0.79888716 -0.335363 -0.180371 0.374971
10580 2.0817212400000003 8.99748675 -0.62061003 -0.334225 -0.037075 0.5029819999999999
10600 2.78091918 7.08012225 -1.80194985 -0.33392 0.254862 0.489791
10620 1.25259966 6.824610990000001 -2.53991691 -0.408766 0.156194 0.188156
10640 -0.80472411 7.8026778000000006 -1.9547896500000002 -0.325098 0.123305 -0.184027
10660 -2.2324617 11.973006900000001 -3.72754494 0.042276 0.501976 -0.360339
10680 -6.97758813 18.84610872 1.738332 0.566692 0.907983 -0.316604
10700 -7.322174189999999 22.482047880000003 5.27099148 1.083005 0.902953 -0.30551300000000003
10720 -4.00057686 16.65645786 1.5370013700000003 1.218788 0.301476 -0.25786
10740 -3.2572241100000006 11.998002779999998 1.5940367100000001 0.543805 -0.514519 -0.20705
10760 -1.17461016 8.74152423 1.05904836 -0.531987 -1.0510540000000002 -0.430726
10780 -2.1484782900000003 6.5924377199999995 1.42174368 -1.947577 -1.256173 -0.921051
10800 -2.47136463 5.32248417 2.6297274600000002 -1.966148 -0.8557629999999999 -1.137475
10820 -2.43124173 4.80051369 2.4671659500000005 -0.094983 0.193079 -0.515794
10840 -3.3539212800000002 5.839353450000001 1.3780303200000001 0.45056 0.711291 -0.311822
10860 -3.73698216 7.9851438 1.0581458400000003 0.7053689999999999 1.341218 -0.353578
10880 -3.81047868 10.34438994 1.49868351 0.29875100000000004 0.6403449999999999 -0.553141
10900 -2.87926443 12.140502840000002 1.6488255600000001 -0.345841 0.001893 -0.439321
10920 -1.3079771100000002 11.74592502 1.38326886 -0.304727 -0.339055 -0.193974
10940 -0.96159582 10.265497920000001 1.2750449400000001 -0.447798 -0.659812 0.223112
10960 -1.05051366 8.284819680000002 -0.0580752 -0.459466 -0.718909 0.625826
10980 -0.34069149000000004 5.6377285200000005 -2.07827793 0.276503 -0.416169 0.736333
11000 0.22692492 3.32488368 -2.83660074 1.218163 -0.174924 0.596255
11020 1.03449393 1.4289246 -2.35849077 1.776528 0.0026780000000000003 0.4535810000000001
11040 1.5462816300000002 0.94214259 0.26614530000000003 1.680366 -0.226291 0.254514
11060 -0.11047041 3.1400240400000006 2.5725547800000004 1.010607 -0.5590229999999999 -0.138571
11080 -0.21764466000000002 9.34686009 1.6164918 0.32221900000000003 -0.550593 -0.31751
11100 -1.6829545500000003 24.61855797 6.437066939999999 -0.029546 -0.279711 -0.354498
11120 -9.97270866 35.90703288 7.656577470000001 -0.236383 -0.009373 -0.114871
11140 -5.094951030000001 24.533829 2.2668849900000003 -0.409325 0.222431 0.141066
11160 -3.39942987 13.389502230000002 -0.23186916000000002 -0.22068 0.309776 0.511876
11180 -3.0151819800000004 6.2526487500000005 -0.2945844900000001 -0.360351 -0.197443 0.935635
11200 -3.7134774 3.6158777100000004 1.7759043 -0.616228 -0.28329 1.047189
11220 -3.4483817700000006 3.63878406 4.53841011 -1.3859290000000002 -0.715834 1.191918
11240 -3.8366713800000003 3.63639042 5.1877634399999994 -1.650386 -1.211348 0.663004
11260 -3.843558 3.11981544 3.7220121000000006 -0.267629 -0.08592999999999999 -0.123537
11280 -2.1019298400000004 3.0684699 2.1157030800000003 0.573204 0.644088 -0.129281
11300 -1.46440737 2.9806017300000005 1.15454871 0.450817 0.737092 -0.104618
11320 -1.04991525 4.84736625 0.58423455 0.005254 0.35502 -0.341181
11340 -1.49718258 8.22090753 0.04550859 -0.060605999999999986 0.033068 -0.49078
11360 -1.82650428 11.72017377 -0.18650772000000002 0.017707 -0.245646 -0.389463
11380 -1.4295230100000003 13.12081614 -0.04505733 0.267274 -0.38441 -0.270037
11400 -0.45340839000000005 12.87832275 0.03128409 0.496338 -0.291059 -0.104051
11420 0.85247919 9.230552730000001 0.36030168 0.6073109999999999 -0.010264 0.175171
11440 2.01989862 6.50532492 -0.61192818 0.362865 0.387286 0.602379
11460 1.46964591 5.30856378 -2.28125664 -0.304096 0.445696 0.692717
11480 -0.25267617 6.183645210000001 -1.8238065300000001 -0.564245 0.115829 0.5599310000000001
11500 -3.12190497 9.08475651 -1.00681011 -0.285247 -0.094737 0.228865
11520 -4.18260141 13.51569807 -3.83098158 0.142128 0.122789 0.072406
11540 -9.2950731 19.46521782 0.25581537 0.470738 0.369821 0.081863
11560 -8.03948139 23.43676689 3.06742023 0.7669779999999999 0.475528 0.030385
11580 -2.32720668 16.224759 2.6568226800000003 0.8439620000000001 0.228306 -0.01683
11600 -0.39472497000000006 12.05114355 4.19008644 0.367854 -0.461842 -0.174164
11620 1.8709632 9.671688810000001 4.35803364 -0.273291 -0.8287969999999999 -0.558459
11640 1.18403757 6.68793807 3.8761860599999998 -1.296171 -0.7985899999999999 -0.83163
11660 -1.3154621400000002 4.526137800000001 2.95171128 -0.999384 -0.470648 -0.781907
11680 -4.05670968 3.99848733 1.14002991 0.151839 -0.250838 -0.805126
11700 -5.22218673 4.818328650000001 0.6029422200000001 0.29335500000000003 0.417716 -0.28583800000000004
11720 -6.137234100000001 7.00228971 0.39517623 0.810141 0.8840819999999999 -0.145025
11740 -5.74401006 8.97608133 0.23395869 1.08285 0.422508 -0.037843
11760 -3.9740898600000003 10.005189569999999 0.04295799 1.115785 -0.036927 0.008909
11780 -1.9592728200000002 10.29259314 0.67344669 0.658737 -0.459898 0.152605
11800 -0.31854051 9.5296302 1.7944648200000002 -0.183243 -0.88134 0.247677
11820 -0.32946885000000004 8.21851389 1.71168804 -0.4799640000000001 -0.988645 0.166693
11840 -0.8214894 7.141052159999999 -0.12529332 -0.128396 -0.8991790000000001 0.132715
11860 -0.9575541000000001 5.89354389 -2.33155251 0.578727 -0.995203 0.08970700000000001
11880 0.26449722000000003 4.093242120000001 -3.7832363100000004 1.186203 -0.956622 0.038354
11900 1.7904231000000002 3.39509385 -1.68578964 1.2629860000000002 -0.856232 -0.091562
11920 1.60361127 5.54447466 1.86871671 1.054902 -0.819581 -0.285342
11940 -0.4656807 9.643848030000001 3.10783743 0.692126 -0.870341 -0.33054
11960 0.28905165000000005 17.51103639 3.25513458 0.341778 -0.8663059999999999 -0.236852
11980 -5.629497929999999 26.101820160000003 5.69295882 0.042464 -0.4637770000000001 0.058575
12000 -8.724758940000001 26.02937331 3.82110291 -0.293475 -0.397663 0.332813
12020 -5.714217090000001 16.04423538 1.7874310500000001 -0.724118 -0.609933 0.509538
12040 -3.60884394 7.55328798 -0.6674625900000001 -0.976323 -1.031493 0.655732
12060 -2.42480637 3.87783414 -1.6108020000000003 -1.321428 -1.257796 0.538243
12080 -2.40086016 3.52905921 0.88361613 -1.638384 -1.984296 0.542301
12100 -2.5626663000000005 4.377643830000001 3.61453374 -0.366483 -0.026904 -0.146735
12120 -3.0612791700000006 6.5912409 4.006413810000001 0.294525 0.599126 -0.365111
12140 -3.18477726 6.9948046800000006 3.2364171 -0.191451 0.759372 -0.323845
12160 -2.50788726 6.545889270000001 1.97694063 -0.285541 0.536706 -0.50261
12180 -2.2403881800000005 6.902002080000001 0.26360451 -0.122043 -0.203988 -0.828463
12200 -2.41537896 8.2743426 -1.05725313 0.147769 -0.404275 -0.526151
12220 -2.50219746 9.35300115 -1.7181234000000003 0.388652 -0.219536 -0.048279
12240 -1.674567 9.680664960000001 -1.09377576 0.4662689999999999 -0.000414 0.231857
12260 -0.07409493 9.573941970000002 0.36853227000000005 0.312272 0.257618 0.572282
12280 1.6874377200000001 8.864561250000001 1.1380875300000002 0.07279 0.348298 1.012737
12300 3.1178632500000005 7.41198474 -1.17640539 0.048149 0.337792 1.26361
12320 1.78429185 6.6503657700000005 -1.44090261 0.283389 0.205987 1.253672
12340 -0.84499416 6.852304620000001 -1.0472175000000001 0.50683 -0.139094 1.043098
12360 -3.0422772 9.3995496 -0.78690915 0.371437 -0.6614979999999999 0.733038
12380 -5.220244350000001 14.31982377 -1.7812998 0.325102 -1.041586 0.453327
12400 -9.87017454 22.933209780000006 0.8415508500000001 0.546755 -1.3470959999999998 0.205303
12420 -8.61922296 27.22283829 3.7709541900000003 0.7743140000000001 -1.374134 0.109719
12440 -3.1743001800000004 16.79731965 1.3780303200000001 1.394481 -0.8648290000000001 0.079215
12460 -0.6285463200000001 11.05136721 2.97476478 1.360262 -0.522185 0.202451
12480 1.62217179 6.0932264400000005 3.4645486500000002 1.03367 -0.456549 0.055875
12500 1.31441247 1.7745603300000001 2.96593578 0.227213 -0.737156 -0.732405
12520 -1.28792547 1.9380243600000002 2.75097906 -0.942873 -1.73091 -1.086477
12540 -3.4623021600000006 4.35369762 1.81706706 -2.132732 -1.87048 -1.647948
12560 -4.997508300000001 5.25871917 1.1216165400000002 -1.710247 -1.794606 -1.807464
12580 -6.23812995 6.3897631200000005 1.3040923500000001 -1.3244479999999998 -1.406818 -1.084216
12600 -6.199812090000001 6.58660077 1.6856424900000002 -1.158563 -1.972121 -1.0513549999999998
12620 -5.1275889 7.303760820000001 2.25071811 -0.682412 -2.469821 -1.143531
12640 -3.4407495900000002 7.916591520000001 1.3859666099999999 -0.010395 -2.597137 -0.524446
12660 -1.8182736900000003 7.87661577 0.5752584000000001 0.30168 -2.29407 0.137506
12680 -2.04624828 7.99472817 0.8348113800000001 0.574565 -2.08186 0.64441
12700 -3.9565692 7.43638221 1.69013547 0.7934829999999999 -2.188319 0.969746
12720 -5.216349780000001 7.31559168 2.42495352 0.717508 -2.494777 0.95038
12740 -5.47261641 7.33669299 2.44995921 0.5659609999999999 -2.771217 0.682621
12760 -4.32406161 7.432791750000001 -0.5701670100000001 0.638496 -2.873446 0.344632
12780 -1.46470167 10.94029839 -4.12931349 0.74539 -2.910878 0.022824
12800 1.4587175700000001 16.12402011 -6.81906834 0.538641 -2.496493 -0.32846
12820 1.99310751 18.20499579 -7.19463438 0.191642 -2.227086 -0.001149
12840 1.82545461 18.25558596 -3.65420538 -0.424801 -2.10921 -0.173316
12860 1.5164984700000002 21.19786983 -1.0225257300000001 -1.003554 -1.929615 -0.361323
12880 -0.16660323000000002 25.439596110000004 3.00231126 -0.7790239999999999 -1.247738 0.217279
12900 -3.2512400100000005 19.23425118 2.18260728 0.236641 -0.47495 0.286409
12920 -7.27247673 12.59151759 -1.3531815900000002 0.15541 -0.270243 0.047365
12940 -8.54273439 8.860823640000001 -2.73301695 -1.131914 -0.746041 -0.529311
12960 -9.46361871 6.2584857000000005 -1.27939077 -2.115686 -1.148017 -0.915955
12980 -6.760090620000001 5.737869 0.32122845000000005 -1.397626 -0.562894 -0.811276
13000 -3.8785797000000004 5.263359300000001 0.23591088000000002 0.371171 -0.978023 0.23565
13020 -1.05874425 5.0467545 -0.14115609 0.923795 -1.099531 0.8378700000000001
13040 0.76490532 5.36663898 0.08217837 0.082261 -1.343607 0.534271
13060 1.1666738700000001 6.079904460000001 1.4142586500000003 0.027349 -1.315542 -0.04192
13080 0.9725241600000001 6.05775348 2.48034078 1.209411 -1.574443 -0.5236460000000001
13100 0.35191413000000005 5.432356169999999 2.09549448 1.908167 -2.007686 -0.943362
13120 0.1155618 5.242552290000001 1.07012385 1.540133 -2.150667 -1.0985049999999998
13140 -0.28141947 4.92415893 -0.08157996 1.278436 -2.070459 -0.949817
13160 0.4047606000000001 7.409139840000001 0.74021355 1.372317 -1.970946 -0.609594
13180 -0.01586277 10.70558433 2.6081748900000004 1.263047 -1.7205689999999998 -0.25816500000000003
13200 -1.0204263900000001 14.539714920000002 5.4308552400000005 0.935762 -1.222769 -0.053854
13220 -2.04983874 12.79015047 4.74812829 0.6491779999999999 -0.737809 -0.136594
13240 -1.6856424900000002 10.15607718 0.37556604 0.409328 -0.521523 -0.203708
13260 -3.62620764 10.03467843 -0.19369845 0.451259 -0.334753 -0.3265
13280 -3.72874176 13.899043440000002 1.39584528 0.770543 -0.241179 -0.294479
13300 -5.25272526 17.00718498 3.84341085 0.926039 -0.298084 -0.051902
13320 -3.74655672 14.458282109999999 -0.26195643 0.645757 -0.440913 0.211242
13340 -2.66535738 14.17522437 -5.055142050000001 0.282537 -0.52591 0.46946
13360 -1.619631 14.160254310000001 -5.069356740000001 0.333694 -0.331972 0.676804
13380 -1.26187992 10.862465850000001 -2.5634216700000003 0.413771 0.064401 0.584989
13400 -2.1335180400000002 8.587791720000002 -1.4888048400000002 0.309081 0.265065 0.577591
13420 -3.3691954500000003 6.87984129 -0.4716648 0.148755 0.033 0.409058
13440 -3.0558934800000004 6.63794631 0.85412727 0.056602 -0.305497 0.157815
13460 -1.2513930300000002 8.697663720000001 1.1621808900000001 -0.130494 -0.6488520000000001 0.137721
13480 0.43349409 10.09441152 0.6710530499999999 0.019039 -0.74365 0.005359
13500 1.7926695900000003 9.71779581 0.6319896300000001 0.22020100000000006 -0.783191 -0.403383
13520 1.23268536 9.79084107 1.13120091 0.356356 -0.8733690000000001 -0.879811
13540 0.60833772 9.04598739 1.24990191 0.109992 -0.961778 -1.466804
13560 -0.13097330999999998 7.52365197 1.07237034 -0.251358 -1.4024530000000002 -1.50722
13580 -0.8646043500000001 6.45921792 0.38424789000000004 -0.33605100000000004 -2.114021 -1.176819
13600 -2.4234624 5.8528323900000006 -0.42047622 -0.321246 -2.648609 -0.968795
13620 -4.07677113 6.07241943 -0.40371093 -0.343057 -2.881097 -0.619341
13640 -4.31223075 7.043305320000001 0.28680516 -0.478362 -2.440141 -0.2192
13660 -3.2542320600000005 7.650289260000001 1.4468867100000002 -0.8199860000000001 -1.6967759999999998 -0.140286
13680 -1.9031399999999998 7.51332204 2.27332035 -0.904868 -1.729905 -0.040423
13700 -0.8571193200000001 8.821152 2.4656748299999998 -0.389266 -1.964635 0.137599
13720 -0.98405091 10.655592570000001 1.78683264 0.422017 -2.08896 0.155176
13740 -2.60802774 12.344678370000002 0.82059669 1.010192 -2.254003 0.159496
13760 -4.64753655 11.942164259999998 0.13711437 0.976964 -2.469301 0.216155
13780 -6.205197780000001 11.35688004 -0.81730053 0.447975 -2.761084 0.116694
13800 -5.97991113 13.001958180000003 -0.82463841 -0.102718 -2.859065 0.055289
13820 -5.19329628 14.83400511 -2.5445570400000004 -0.244121 -2.779621 0.024289
13840 -4.00791474 13.208233050000002 -6.537501720000001 0.050426 -2.622586 -0.074267
13860 -1.3919507100000001 11.89112283 -5.3766648 0.375926 -2.407292 -0.117135
13880 -0.66956193 10.745403120000002 -4.9370296499999995 0.38547 -2.08505 -0.257418
13900 0.25492266 9.22442148 -4.59829035 0.040108 -1.643476 -0.361878
13920 -0.13247424000000002 10.348431660000001 -3.5310114 -0.296743 -1.102218 -0.360651
13940 -0.02679111 12.490180290000001 -2.38364361 -0.564918 -0.996592 -0.169312
13960 -1.3964436900000001 14.22956196 -0.31180104000000003 -0.50251 -0.923019 0.025447
13980 -3.32114607 14.64030666 0.9924384600000001 -0.233573 -0.656616 0.037666000000000005
14000 -3.4904372400000003 13.34235537 -0.24473988000000002 -0.44694 -0.620853 0.070313
14020 -3.25437921 10.38405177 -1.55945646 -1.0086620000000002 -0.642942 -0.311733
14040 -4.0459383 7.15138209 -2.32092828 -1.764073 -0.696818 -0.8350280000000001
14060 -4.6101114 5.32397529 -2.40190983 -1.386152 -0.358502 -0.78582
14080 -3.58669296 4.947506730000001 -2.29427451 0.29593600000000003 -0.168194 -0.02015
14100 -1.7788963500000001 6.4512816299999995 -1.6088498100000002 0.8252430000000001 0.148386 0.271561
14120 -0.31674527999999996 7.46258472 -0.31689243 -0.240961 -0.845269 0.068834
14140 0.5638788 7.90610463 1.0806009300000001 -0.34770700000000004 -1.4029280000000002 -0.240981
14160 0.8077161600000001 7.403607000000001 2.47315986 0.321393 -1.634285 -0.506271
14180 0.7342196400000001 6.464603610000001 3.2630610600000005 0.7672100000000001 -1.8141 -0.414264
14200 0.1300806 6.63330618 2.8425848400000002 0.701663 -1.328676 -0.538189
14220 -0.70652601 7.75807173 1.6368475500000002 1.062638 -0.406856 -0.407594
14240 -1.79476893 8.90049528 0.9955776600000001 1.190824 0.050133 0.016799
14260 -1.3855153500000001 9.3821859 -0.33291216 0.798787 0.117902 0.192367
14280 -1.1334474 10.4000715 0.29219085 0.226319 0.036473 0.006875
14300 -2.04400179 11.34551025 1.80120429 -0.114251 0.032986 -0.4238560000000001
14320 -3.18343329 10.399620240000003 1.21038723 -0.198027 0.099404 -0.709742
14340 -3.54163563 9.974503890000001 0.32063004 -0.087767 0.113145 -0.778424
14360 -2.9292561900000003 12.08391876 -0.29668383 0.109807 0.089403 -0.607166
14380 -2.16659736 15.4118043 1.18389042 0.06224 0.049863 -0.268821
14400 -1.37458701 18.356923260000002 2.3742162 -0.144026 0.08644500000000001 0.085409
14420 -0.65519028 14.39076969 0.27886887000000005 -0.347502 0.124663 0.294379
14440 0.45654759 10.76711265 -3.95881569 -0.393147 0.229006 0.347337
14460 0.8934948 8.91306189 -3.2123237400000004 -0.226601 0.227466 0.321797
14480 -0.7337781900000001 7.02699129 -1.08793881 -0.079945 0.080026 0.302714
14500 -3.8535838200000003 5.9478814799999995 -0.38574882000000005 -0.140111 -0.075047 0.240536
14520 -4.2309549 7.732173330000001 0.49667049 -0.29396 -0.144732 0.218186
14540 -3.0544023600000005 11.037299670000001 2.0441489400000004 -0.315096 -0.125381 0.192376
14560 -0.70338681 11.66419791 1.70869599 -0.15701800000000002 -0.118343 0.160356
14580 1.1488589100000002 11.76194475 1.35109206 0.06056900000000001 -0.218885 0.07334299999999999
14600 2.4736013100000003 11.56061412 1.3994357400000002 0.270043 -0.198068 0.013891
14620 2.6297274600000002 9.32770116 1.6200822600000002 0.470745 0.063307 0.010685
14640 0.8300241 7.28579871 1.15829613 0.7677189999999999 0.334121 -0.038863
14660 -1.60032492 6.408627750000001 0.78826293 0.836 0.4833770000000001 -0.12723900000000002
14680 -3.5281665 6.04338183 0.5086386900000001 0.497778 0.265017 -0.105821
14700 -4.60068399 5.9980302 0.71491356 0.112255 -0.279227 -0.332143
14720 -4.673582100000002 6.399043379999999 0.85188078 -0.722321 -0.311691 -0.547303
14740 -3.86855388 6.92205372 0.9147432600000001 -0.5329649999999999 0.101686 -0.723835
14760 -2.93001156 7.09838847 1.4012407800000002 -0.05035 0.5075569999999999 -0.875876
14780 -2.10746268 7.05797127 1.72306764 -0.07683999999999999 0.829297 -0.593394
14800 -1.3913522999999999 6.5351080800000005 1.31426532 0.284592 0.816153 -0.5502600000000001
14820 -1.20678696 5.708380139999999 1.1921210100000001 0.553339 0.315717 -0.311665
14840 -1.4618567700000002 5.461246620000001 1.4406083100000002 0.763605 -0.052775 0.015015
14860 -1.7592959700000002 6.25504239 1.9218574800000001 0.440771 -0.403194 0.280265
14880 -2.1465359100000003 7.01261964 2.1016257300000003 0.046895 -0.346718 0.617136
14900 -2.3981624100000003 7.937692830000001 1.56873672 0.017972 -0.23967 0.512111
14920 -2.7364602600000003 8.967703590000001 1.29900096 0.39397 -0.014686 0.400149
14940 -3.22908903 9.33608871 1.08329868 0.986762 -0.287656 0.21770100000000006
14960 -2.79573228 9.14808006 -0.09310671 1.360058 -0.535207 -0.003701
14980 -1.8482040000000002 8.09291646 -2.2975706700000007 1.321929 -0.698221 -0.230221
15000 0.2371077 6.3999459 -2.9780609399999998 1.025559 -0.621768 -0.443898
15020 1.8190192500000002 5.4826520400000005 -0.6385721400000001 0.645166 -0.422776 -0.593156
15040 1.43536977 7.97556924 2.55742776 0.16368 0.204385 -0.37086
15060 1.42054686 14.077477530000001 2.2267719 -0.449413 0.650451 0.231036
15080 0.71476641 24.31723401 6.5906424900000005 -0.774822 0.373918 0.669225
15100 -5.867047080000001 30.054347640000003 5.54986035 -1.031695 -0.028776 1.162533
15120 -6.089037570000001 20.140165440000004 1.16861625 -1.656232 -0.121399 1.157222
15140 -3.69132642 10.7991423 0.23785326 -1.984091 -0.914915 1.146334
15160 -2.98838106 5.77963017 -0.7487384400000001 -1.082982 -0.08002999999999999 0.173067
15180 -3.56663151 3.97617939 0.07020036 0.08264400000000001 0.46879 -0.354673
15200 -3.37668048 3.14286894 2.7783685800000004 0.439549 0.601849 -0.10666
15220 -3.2183078400000005 3.14256483 4.40354223 0.485021 0.5419149999999999 -0.07635499999999999
15240 -2.6665542 4.98762963 3.4308611100000004 0.396798 0.369571 -0.32351
15260 -1.5672456000000001 4.96517454 2.6637093000000003 0.230338 0.327687 -0.360938
15280 -0.31075136999999997 4.80291714 1.2633710399999998 0.22688200000000006 0.196015 -0.197356
15300 0.48454533 4.67118846 0.5439645000000001 0.366217 -0.06044400000000001 -0.12021
15320 -0.31928607000000003 6.337073610000001 0.01002582 0.146642 -0.184588 -0.053218
15340 -1.29181023 9.688002840000001 -0.05852646 -0.227985 0.018171 0.182118
15360 -1.64103642 13.13069481 0.11945637 -0.59365 0.270085 0.371521
15380 -0.18860706000000002 12.87442818 -0.10867518 -0.914752 0.14390799999999998 0.235912
15400 2.42975061 10.93087098 -2.2668849900000003 -0.86231 0.169227 -0.013718
15420 2.83181346 8.798108310000002 -4.243227210000001 -0.273427 0.5297930000000001 -0.116889
15440 0.6706017900000001 7.97316579 -3.0443667300000006 0.462099 0.873409 -0.10471400000000003
15460 -2.27302605 9.120082320000002 -1.11817323 0.870079 0.717577 -0.116619
15480 -4.402649520000001 13.475280870000002 -2.75397111 0.8961790000000001 -0.017973 -0.011877
15500 -9.43263873 19.80800865 2.57074974 0.118211 -0.688974 -0.16707
15520 -6.33781917 22.00229964 3.2545361700000006 -0.960722 -1.118392 -0.535116
15540 -2.4532455600000005 14.236291620000001 1.87709445 -1.59505 -0.977839 -0.502339
15560 -1.2666672 10.29034665 3.29000913 -0.360528 -0.303184 -0.324733
15580 -0.03023442 6.87056103 3.8657089800000004 0.327802 0.317074 -0.455316
15600 -1.07251749 4.848563070000001 3.5687308500000006 0.042587 0.892484 -0.5146609999999999
15620 -2.00777346 4.17542049 3.09286737 0.039089 0.8317540000000001 -0.509266
15640 -2.79214182 5.63098905 1.39330449 0.07034299999999999 0.345252 -0.352464
15660 -3.9311220600000003 7.699388310000002 0.58079124 0.189683 -0.075237 -0.263498
15680 -4.80590919 9.69219171 0.74081196 -0.016209 -0.55057 -0.030386
15700 -4.591550880000001 11.16049365 1.0373388300000002 -0.16181199999999998 -0.788072 0.082133
15720 -3.13582536 11.90489607 0.39832524 0.048283 -0.8228270000000001 0.066553
15740 -1.9690043400000001 11.382925590000001 0.6179122800000001 0.703852 -0.45766 0.086688
15760 -1.21711689 9.37275849 0.8786718900000001 1.218614 -0.0453 0.148507
15780 -0.38155995000000004 6.440206139999999 -0.88166394 1.414031 -0.038393 0.116748
15800 0.14115609 3.96600642 -3.5199261 1.193987 -0.373034 0.077184
15820 1.0121958 2.5595271 -2.97581445 0.672253 -0.689546 -0.237975
15840 1.05335856 2.5818350400000005 0.5423262300000001 0.12419 -0.637601 -0.4982430000000001
15860 -0.10987200000000001 4.621186890000001 2.74095324 -0.330814 -0.201573 -0.186855
15880 -1.7354870999999998 9.937529999999999 1.9694556 -0.231147 0.272857 0.429597
15900 -1.3377700800000003 19.083363570000003 2.8484217900000006 -0.142978 0.028505000000000006 0.986002
15920 -5.6835314100000005 28.674217980000005 6.56354727 -0.934591 -0.276094 1.3878549999999998
15940 -3.99803607 25.56998082 3.2494447800000006 -1.936497 -0.395669 1.523084
15960 -2.43932517 14.916634740000003 1.04228307 -1.311315 0.5178729999999999 0.29996100000000003
15980 -2.21149773 7.575743070000001 0.6970986 -0.534514 0.808624 -0.621134
16000 -2.15596332 3.7868267700000002 0.39278259 -0.08932999999999999 0.797788 -0.694922
16020 -3.2212998900000005 2.4509990700000004 2.2510222200000003 0.15424300000000002 0.554369 -0.771957
16040 -2.37376494 2.5247997 4.46910246 0.277086 -0.011219 -0.896425
16060 -2.92551858 3.9234898800000004 4.185897570000002 0.582128 -0.324075 -0.712295
16080 -3.31425945 4.68615852 3.23971326 0.760146 -0.292781 -0.168435
16100 -2.41103313 4.7306174400000005 2.1013314300000006 0.762833 -0.036485 0.204064
16120 -1.4284831500000004 5.71511961 0.3912816600000001 0.516695 0.265974 0.436966
16140 -1.01009646 8.20010052 -0.87792633 0.214214 0.6017 0.657682
16160 -0.8427476700000002 10.85707035 -0.90770949 -0.16989500000000002 0.780196 0.841709
16180 -1.00097316 12.848235480000001 -0.07110288000000001 -0.629254 0.495848 0.687177
16200 -0.5234616000000001 12.39617106 0.4568517 -0.602731 0.098808 0.321471
16220 0.6409657799999999 8.765921700000002 -0.11929941000000001 -0.30295500000000003 0.021248 0.010675
16240 1.7595902700000001 5.96299869 -2.80636632 -0.124586 0.25624 -0.035382
16260 0.40385808000000006 7.33879233 -3.1346285400000005 0.26257 0.394837 0.13378800000000002
16280 -2.4035481 12.20382639 -1.1066464800000002 0.577896 0.345574 0.191601
16300 -4.80141621 19.38408912 0.25088094 0.496307 0.245672 0.203978
16320 -6.83343999 24.46033248 4.6619082 0.030364 -0.179929 -0.0519
16340 -2.6548803000000003 20.08658322 1.16353467 -0.367317 -0.539049 -0.4750970000000001
16360 -2.38244679 12.017014560000002 1.63146186 -1.044204 -0.5913470000000001 -0.662424
16380 -0.81684927 6.6376422 2.80950552 -1.031696 -0.853612 -0.621408
16400 -0.99213435 3.71722482 2.7671459400000002 -0.713069 -0.477552 -0.635688
16420 -3.0943683000000006 2.59860033 2.46043629 -0.557284 0.237884 -0.397303
16440 -3.9591198000000003 3.4091613900000004 1.51305516 0.21592 0.874397 -0.404468
16460 -4.38782661 4.89407166 1.0716247800000003 1.048468 0.8379979999999999 -0.28217
16480 -4.48736868 6.460866 0.9196875 1.278753 0.048102 -0.084065
16500 -3.8100274200000004 8.72565165 0.62374923 0.574227 -0.753595 0.145982
16520 -2.6174551500000005 10.779384960000002 0.42047622 -0.147765 -1.060422 0.246018
16540 -1.46440737 11.32649847 1.0096550100000001 -0.22019 -0.7439899999999999 0.297449
16560 -0.38096154000000004 10.4057613 1.8405718200000003 0.318794 -0.355339 0.40647
16580 -0.56402595 9.126517680000001 1.74057849 1.174585 -0.367729 0.365462
16600 -2.06435754 7.65568476 0.7731457200000001 1.616843 -0.379479 -0.009584
16620 -3.22280082 6.68285649 -0.7762849200000002 1.358538 -0.385272 -0.467512
16640 -2.5646184900000004 5.519773080000001 -2.55937995 0.972997 -0.292195 -0.765154
16660 -0.33530580000000004 5.113668510000001 -3.35841426 0.799854 -0.25261 -0.657455
16680 0.61446897 6.73853805 -1.40512554 0.492617 -0.34467 -0.280264
16700 -0.30746502000000003 10.17673704 1.9441556100000001 0.016202 -0.14831 0.045169
16720 -0.15163317 16.85330532 2.39771115 -0.433074 0.193619 0.17405199999999998
16740 -0.94169133 24.75058095 4.78644615 -0.663936 0.423119 0.257603
16760 -6.11194392 24.77856888 4.30385301 -0.670239 0.443497 0.494678
16780 -4.796628930000001 16.13060262 1.6181398800000002 -0.471818 -0.280269 0.965941
16800 -3.21816069 8.21866104 0.8825664599999999 -0.401788 -0.753846 1.053563
16820 -2.2519149300000003 4.00776759 -0.01018278 -0.922715 -0.196761 0.720198
16840 -1.3668076800000002 2.85950709 0.045204480000000005 -1.961275 -0.7026439999999999 0.790504
16860 -1.3045338 3.87319401 2.48512806 -1.562853 0.126506 0.088266
16880 -1.94805018 5.95057923 4.385580120000001 -0.489049 0.425186 -0.675872
16900 -2.1519216 7.01740692 4.51910403 -0.137526 0.372546 -0.603915
16920 -1.8914661000000002 7.22921463 3.797451 0.192811 0.132426 -0.515842
16940 -1.54493766 7.3227726 1.5676870500000002 0.35932600000000003 -0.053647 -0.481326
16960 -1.79641701 8.03708775 0.06840513000000001 0.423834 0.062329 -0.23640100000000006
16980 -2.5129786500000004 9.40748589 -0.51807591 0.463862 0.30364 0.121424
17000 -2.6201529 10.376576550000001 -0.8497814400000001 0.494159 0.320998 0.282915
17020 -1.4533318800000001 10.12390038 0.07784234999999999 0.370544 0.15190499999999998 0.318587
17040 -0.29833191000000003 10.16521029 1.17161811 0.213524 0.156526 0.364486
17060 -0.07933347 10.17658989 1.93293297 0.012893 0.439292 0.421475
17080 -0.34877493 9.182954610000001 2.03800788 -0.295821 0.538586 0.366848
17100 0.36539307000000004 8.24126328 0.94618431 -0.36941 0.361677 0.182827
17120 0.54307179 7.61316822 -1.7311510800000003 -0.138702 0.070502 0.07157999999999999
17140 0.3008727 8.27778591 -4.05746505 0.057954 -0.085729 0.07635800000000001
17160 -1.7762084100000002 10.40441733 -2.1475855800000003 0.108202 -0.014722999999999997 0.124688
17180 -3.06323136 12.378807360000001 0.16301277 0.08734199999999999 -0.096874 0.173786
17200 -2.5485987600000004 15.90262803 -2.8062191700000003 0.051191 -0.350109 0.13006099999999998
17220 -6.048924480000001 21.442609710000003 2.9759616 0.062734 -0.5137149999999999 0.008574
17240 -5.49342342 19.926866610000005 2.2242213 0.258658 -0.619777 -0.011286
17260 -1.3894099199999999 12.21220413 1.0497681 0.431663 -0.687071 -0.115745
