time Ax Ay Az Gx Gy Gz
20 0.46493514 4.03905168 2.9699775 -3.241805 0.568297 1.882336
40 0.53034822 5.78936169 -1.58834691 -2.216001 -0.72729 2.377202
60 -1.2916630800000002 5.6019514500000005 -12.56262714 -1.571906 -1.495735 1.914805
80 -2.9433335400000002 8.30098656 -5.1343185600000005 -1.81322 -1.328088 0.694063
100 -5.874679260000001 6.8311935 -4.88913723 -1.364455 1.43598 -1.209916
120 -5.34717594 7.6173570900000005 -4.5466407 3.890894 -2.252709 -3.189556
140 -6.44080455 4.82446971 -6.54783165 6.427302 -7.726945 -3.045184
160 -5.28326379 3.4729263900000005 -8.34754482 -1.493495 10.6718 1.8581
180 -2.55682935 5.02070895 -7.5636179100000005 -0.570796 3.613273 0.529767
200 1.7329463100000002 6.98552442 -6.29845164 0.854356 -2.868798 -0.205069
220 1.83607884 8.158937759999999 -4.26388707 0.6319859999999999 -2.93835 0.064796
240 1.7452186200000002 8.69167962 -0.9021766500000001 1.353361 -0.246121 -0.363041
260 1.11472992 7.80940746 2.69798544 1.142529 0.711568 -0.447994
280 -1.8738081000000002 7.61122584 7.03806678 1.396796 -0.41122 -0.937229
300 -8.98536159 14.336441910000001 -0.25297047 1.886245 -0.735908 -1.682218
320 -19.825372350000002 21.72761964 -7.552689570000001 1.512206 -0.976018 -1.784936
340 8.102353680000002 25.735681530000004 -5.86031742 1.107996 -0.623404 -1.702753
360 11.181899069999998 13.327983720000002 -9.210942540000001 1.61976 -0.932961 -1.457364
380 -9.933792390000002 12.085272540000002 -8.09891037 2.700335 -0.5647909999999999 -1.7568669999999995
400 0.8511254100000001 7.660167930000001 0.09909081000000002 1.972564 0.359284 -1.5131709999999998
420 1.4545287000000002 11.089390770000001 -6.33767202 -0.204812 0.096963 -0.6264649999999999
440 0.09340101 10.919344230000002 -8.30952126 -0.8855149999999999 0.799673 0.321802
460 -3.80928186 6.75724572 -6.86546964 -1.473044 0.704828 1.105099
480 -4.25176191 4.09563576 -4.28977566 -1.893174 0.561457 1.624709
500 -2.72523762 4.64184675 -1.6001679600000003 -2.553307 0.549355 2.026038
520 -2.8228275000000003 3.8875656600000004 0.73601487 -3.269411 0.395895 2.39511
540 -1.72232208 2.7852552000000004 2.18410821 -3.311781 0.61265 2.305874
560 -1.3379172300000002 4.72926366 2.17033497 -2.519814 0.667493 2.289971
580 -0.6215027399999999 7.362287280000001 0.19728891 -1.859111 -0.6907949999999999 2.531336
600 -3.01293549 9.61076871 -10.29424122 -2.0958490000000003 -2.64454 2.211719
620 -2.49141627 8.15174703 -4.88434014 -1.605522 -3.08622 1.152829
640 -5.113070100000001 6.10685253 -5.10783156 -0.230245 -1.730141 -0.831536
660 -4.631369670000001 7.480998090000001 -5.16605391 3.959715 -4.5971449999999985 -3.041861
680 -5.312899800000001 3.5483751 -6.9948046800000006 3.772055 0.29170100000000004 -2.68731
700 -4.492008810000001 2.6801802900000005 -7.8860529900000005 -0.40617 7.551922999999999 0.8377899999999999
720 -2.5545828600000005 4.91083695 -8.18063748 0.009847 1.526205 -0.190962
740 -0.7545852000000001 6.9296859 -6.4057828500000005 -1.256412 -1.231553 0.579256
760 -0.33978897 10.08812331 -4.2529587300000005 -1.923346 -1.473056 1.078039
780 -0.09415638000000001 9.445656600000001 -3.1039428600000005 -1.301956 -1.6149639999999998 0.596521
800 1.5820587000000002 7.137756 2.18171457 -0.369662 -1.406368 0.370961
820 -0.91026009 7.34836689 4.65547284 -0.01436 -0.769288 0.052160000000000005
840 -7.260057270000001 13.986166050000001 2.71924371 0.475748 -0.00725 -0.463481
860 -12.19393791 28.235779650000005 -14.64374997 0.8648370000000001 1.360943 -1.161133
880 -4.702923810000001 27.111622320000002 -0.88046712 1.123209 2.6666060000000003 -1.559448
900 11.209592700000002 7.29462771 -4.75545636 1.29736 2.268455 -1.775639
920 -3.4407495900000002 12.395278350000002 -4.33782504 1.241673 -0.340408 -1.726751
940 2.54874591 7.79039568 -1.5154488000000002 1.824229 -3.674657 -1.981192
960 2.5626663000000005 9.61885215 -3.4353540899999997 2.948256 -4.415319 -2.614393
980 0.20821725000000002 11.40193737 -4.15505493 3.234127 -0.073513 -2.531434
1000 -2.66505327 11.272013730000001 -4.98688407 -0.014525 2.244927 -1.415168
1020 -2.16973656 8.844058350000001 -5.31244854 0.257825 0.090653 -0.7813220000000001
1040 -3.5392419900000003 6.166575810000001 -5.95985949 -0.015646 0.5869989999999999 0.271535
1060 -4.3755543 3.94564086 -4.77327132 -0.5518850000000001 1.475162 1.071022
1080 -2.5219548000000005 3.18013713 -1.6390940399999998 -1.282681 1.733422 1.32196
1100 -0.9879454800000002 4.26269025 -0.41882814000000007 -2.015108 1.08234 1.739626
1120 -2.02603968 5.75867601 2.14010055 -2.622476 0.85935 1.820059
1140 -3.1551412500000002 5.6853266399999995 3.95836443 -2.965116 0.576259 2.048764
1160 -2.35415475 5.16784914 0.52540398 -2.812276 0.270622 2.158114
1180 -0.40101318 8.41939326 -4.9633793100000005 -3.799246 0.95586 2.148205
1200 -4.67972316 12.46457619 -11.97076041 -3.775586 1.275199 2.188554
1220 -4.62627828 16.39106793 -2.9373396300000003 -2.974576 0.5627340000000001 2.242064
1240 -4.605618420000001 15.6981582 -6.43451634 -2.410713 -1.277972 1.465354
1260 -7.540721370000001 10.24006059 -5.536685520000001 -1.271147 -2.8008450000000003 0.627097
1280 -5.954768100000001 6.077814930000001 -5.416336439999999 2.864367 -5.850075 -1.520349
1300 -3.2040833400000004 4.41117441 -6.06628818 1.768045 -1.1716959999999998 -2.887439
1320 -0.79783749 3.8414586600000002 -6.67581291 3.09987 -4.572771 -2.797935
1340 -0.59066991 3.2766871500000003 -7.74953703 0.197767 6.7688880000000005 -0.202777
1360 -0.25880742 4.139790570000001 -5.78412315 3.228218 6.996136999999999 -0.784378
1380 -0.32602554 3.66363279 -0.25880742 -0.7603260000000001 -2.349467 -0.5385479999999999
1400 -0.60668964 8.22913812 2.01795624 -1.925628 -2.704787 0.350006
1420 -0.13785993 7.01111871 2.672244 -2.745396 0.630179 1.1625370000000002
1440 -0.04999176 3.22534161 2.0011909500000002 -2.5322400000000003 1.089499 1.1976209999999998
1460 -1.3931573400000001 1.5849035999999999 2.5842286800000003 -2.456063 0.333229 0.580622
1480 -4.297564800000001 3.0570903000000005 -3.4302627 -1.840886 -0.862691 -0.048073000000000005
1500 -9.095684850000001 10.31250744 8.08303779 -1.546661 -1.760254 -0.418745
1520 -8.048310390000001 25.90094079 -13.58020863 -1.433767 -1.032347 -0.597282
1540 0.13666311 40.06732635 -13.024266120000002 -0.8973059999999999 1.4820799999999998 -0.88945
1560 16.25230548 11.182046220000002 4.324807170000001 0.0449 2.473502 -1.35202
1580 -6.909634260000001 9.77362452 -3.16367595 0.6617109999999999 0.745052 -1.210901
1600 3.53145285 10.91035827 -5.3729271899999995 1.523494 -1.631611 -1.1505610000000002
1620 3.76751088 9.34506486 -2.1019298400000004 2.10425 -2.617366 -1.027737
1640 1.8646749900000001 10.70110116 -2.52599652 2.588161 -3.222729 -0.577064
1660 1.75779504 8.08259634 -2.0119623300000002 2.756021 -2.789776 0.49498
1680 0.64904922 6.587052030000001 -1.10425284 3.497429 0.402014 0.861401
1700 -1.3518376200000002 7.494467220000001 -3.28357377 3.4775980000000004 1.974228 0.91159
1720 -0.7249393800000001 7.672597199999999 -5.13372015 1.643688 -0.8972690000000001 1.579713
1740 0.02170953 6.55261893 -5.5519498800000004 1.761438 -4.660976 1.765888
1760 0.22304016000000004 6.1469656200000005 -2.8711809900000005 2.029007 -4.742629 1.97296
1780 0.03742515 5.558395050000001 0.44561925 1.894615 -3.735674 2.022005
1800 0.7417046700000001 5.26604724 1.6831017000000001 1.745024 -3.860555 1.946345
1820 0.5273561700000001 5.06801277 2.30820471 1.45377 -4.029516 1.296116
1840 -0.75233871 12.12328629 2.0390575500000003 1.102316 -4.097877 0.8483
1860 -1.4846159700000001 23.736285810000002 1.2693649500000002 0.789473 -3.717497 0.56789
1880 -5.379509700000001 31.678922880000002 -2.43678438 0.428099 -3.253594 0.487859
1900 -10.92697641 20.0740068 1.1943675 0.086278 -2.901695 0.694392
1920 -0.7057804500000001 15.26061258 -1.19257227 -0.377624 -3.030196 0.996828
1940 1.19302353 17.08472322 -5.81256234 -0.775887 -2.690742 1.167731
1960 2.681073 18.7319007 -4.94975322 -1.17964 -1.599591 1.174195
1980 1.52951634 17.16001497 -3.0955651200000003 -1.475114 -0.709832 1.100488
2000 -0.44816985000000004 13.86641538 -1.08643788 -1.122971 -0.286918 0.7958270000000001
2020 -3.01862529 9.36916803 1.3190526 0.039742 0.7574390000000001 0.224702
2040 -2.9065068000000007 5.3293707900000005 2.80771029 1.033359 0.476094 -0.6076199999999999
2060 -1.10829456 3.8088306000000003 2.09609289 2.32575 -2.336277 -0.651604
2080 0.65519028 2.47120767 0.8494871400000001 1.765427 -1.896321 -0.165768
2100 0.49038228 1.53266535 0.8752285799999999 0.724838 -1.52381 0.28689000000000003
2120 -1.4374593 1.44075546 0.8331632999999999 1.158885 -3.045239 0.230983
2140 -1.31232294 1.48491027 1.00485792 1.57893 -1.406256 0.5181
2160 -1.9685530800000002 1.6093010700000001 -0.08397360000000001 0.496054 0.29490700000000003 1.742152
2180 -1.7817412500000003 2.3493674700000002 -1.44778923 -1.157637 2.4751220000000003 0.348733
2200 -0.77104638 6.85933839 -1.84775274 -1.552348 -0.159304 -0.639822
2220 -3.8314328400000006 12.47700546 -3.55765536 0.628957 -7.4747910000000015 -1.670614
2240 -6.929842860000001 17.621359650000002 -7.3272655800000015 -1.157511 -1.043759 -0.11463800000000003
2260 -5.88905091 17.91683685 -9.34850817 -3.812757 5.349785 1.711987
2280 -3.3073728300000003 8.83178604 -9.845178660000002 -2.940098 4.556583 1.647528
2300 -1.14496434 5.29883226 -9.50793048 -1.225087 1.486101 1.31627
2320 0.50759883 4.81354137 -6.10370352 -1.074773 -0.058911 0.744596
2340 -2.0246859 17.19040635 -4.1294606400000005 -1.2646620000000002 -1.271697 0.23635
2360 6.82925112 34.29278757 0.9888480000000001 -1.2211459999999998 -1.06219 0.020605
2380 10.288855530000001 9.80760636 7.11694899 -1.341274 0.7245779999999999 0.049523000000000005
2400 0.97013052 -1.32908823 12.19170123 -1.417686 0.957564 0.192901
2420 -8.74781244 1.6310106 -2.21763879 -1.698129 0.7433960000000001 0.181602
2440 -4.37390622 15.54442569 -8.01493677 -1.922194 0.685802 0.1267
2460 5.89339674 18.04781997 4.890628350000001 -2.221745 0.466481 0.08856900000000001
2480 4.20804855 14.804967509999999 1.06204041 -2.229184 -0.025554 0.064578
2500 0.28186092 12.9422349 -0.45670455000000004 -1.83101 0.518401 0.085891
2520 -1.96331454 11.32454628 -0.6616256400000001 -0.996686 1.262029 -0.120742
2540 -2.03067981 7.560027450000001 0.74859129 -0.116857 0.760095 -0.303029
2560 -2.1751222500000003 5.6278498500000005 -2.05029 0.406386 -0.15227100000000002 -0.367639
2580 -0.62330778 6.48975645 -3.08912976 0.275567 -0.31686 -0.386502
2600 0.23486121000000001 6.328391760000001 -2.20177602 0.104763 -0.29832 -0.346058
2620 -1.24735131 6.501881610000001 -1.68759468 0.975075 -0.095014 -0.793166
2640 -0.74844414 6.420448800000001 -0.19968255000000001 1.238669 0.116227 -0.834324
2660 -0.35850645000000003 6.968906280000001 0.39921795000000004 1.328025 -0.395394 -0.573466
2680 -0.37706697 7.693698510000001 1.0717719300000002 2.173633 -1.238707 -0.603867
2700 -0.38620008 9.65461941 -0.21225897000000002 2.818628 -1.892498 -0.436154
2720 -0.44802270000000005 10.4117454 -2.9023179300000006 2.800971 -2.005317 -0.179759
2740 -1.2237092100000002 11.68560333 -3.20977314 3.246092 -1.771116 0.006784
2760 0.5786919 13.02845499 -1.7751587400000002 2.7593810000000003 0.531892 0.457632
2780 4.378095090000001 12.745397250000002 -0.6506973 1.5556 -1.211775 0.920407
2800 3.8959532100000005 14.54884803 1.2907703700000002 3.019267 -4.810105 0.674596
2820 0.6619199400000001 14.737602240000001 -2.2384458 3.452037 -7.482689 -0.014369
2840 1.6854953400000003 12.99567978 -4.714892010000001 2.836042 -4.495489 0.211441
2860 4.540362300000001 13.922695350000001 -1.9034441100000001 1.809065 -2.930172 0.727827
2880 3.62426526 12.782067030000002 -0.11061756 1.813615 -3.21831 0.852142
2900 0.39443067000000004 9.13729887 1.5618501 1.847486 -2.626847 1.030014
2920 -2.40729552 9.70132482 1.8345877200000003 1.583224 -3.208863 1.086597
2940 -1.56739275 12.04230474 1.93862277 1.35995 -3.19891 0.922655
2960 -0.45864693000000006 12.994777260000001 0.61207533 1.010915 -2.998483 0.919961
2980 1.2156257700000002 14.03660907 2.77403256 0.521633 -2.7332810000000003 1.090323
3000 1.60376823 14.199170580000002 1.6024144500000002 0.047984 -2.4854380000000003 1.325979
3020 1.7687233800000002 13.507163369999999 2.96577882 -0.244904 -2.329063 1.368598
3040 1.8832355100000002 12.98609541 -0.67315239 -0.470003 -1.896658 1.321606
3060 0.6590750400000001 11.251805130000001 -1.87365114 -0.770483 -1.162446 1.25661
3080 -0.40026762 9.652225770000001 -3.0967619399999995 -1.337352 -0.411098 1.133115
3100 -0.18695898 9.067245660000001 -0.38036313000000005 -1.6968419999999995 -0.071561 0.983822
3120 -0.46089342000000005 7.85865366 0.9500788800000001 -1.334343 0.7253539999999999 0.647775
3140 -0.48184758000000005 6.95857635 1.0282155300000004 -0.13027 0.31112 0.098036
3160 1.42279335 5.7392129700000005 0.8496342900000001 1.431158 -1.17101 0.158912
3180 1.8794880900000002 5.916744540000001 0.27617112 1.883099 -2.336329 0.276794
3200 0.55235205 5.915694870000001 -0.5167221300000001 1.520729 -3.454614 0.26074
3220 -0.85037985 5.87094165 -0.5140341900000001 0.34055100000000005 -2.904603 0.136424
3240 -1.1482605000000001 6.05775348 -0.04625415 -2.214703 0.805597 0.5250859999999999
3260 -1.4533318800000001 5.727843180000001 -0.26869590000000004 -1.584263 0.149342 1.320815
3280 -2.4650764200000004 5.666462010000001 -0.51867432 -0.194802 -3.032611 0.909446
3300 -2.7810663300000003 5.74879734 -1.0961694000000002 0.365868 -2.51556 0.592233
3320 -2.33903754 6.6246243300000005 -2.07887634 -0.287221 0.027101 -0.400488
3340 -2.77673031 8.999733240000001 -3.7959598800000003 -1.0766870000000002 -0.271345 -0.472918
3360 -3.37892697 15.911613990000001 -7.426503540000001 -1.327094 -1.156433 0.236835
3380 -3.88187586 22.49671383 -10.17090009 -0.921841 0.935561 0.469857
3400 -1.81991196 12.14574138 -8.57581371 -0.549992 1.834185 0.5311239999999999
3420 -1.8184208400000001 4.53916548 -9.71794296 -1.009231 0.997379 0.271547
3440 0.8029288800000001 13.32723816 -5.17219497 -1.302257 -0.460562 0.153864
3460 2.47959522 24.58771533 3.70853316 -1.58404 -0.91666 0.437695
3480 4.61654676 11.10704877 9.881397179999999 -1.701975 -0.797933 0.685615
3500 4.6407970800000005 4.9425723 9.81418887 -1.633099 -0.33303 0.78164
3520 0.13187583 3.74686083 4.76728722 -1.517691 0.059086 0.65803
3540 -1.88608041 4.03965009 0.5833418400000001 -1.413786 0.200101 0.468432
3560 -4.1793052500000005 8.744663430000001 -2.2728690900000004 -1.261211 -0.02323 0.242252
3580 -4.05326637 13.48320735 -4.34905749 -1.234592 0.215138 0.016738
3600 -1.22998761 17.0693019 -0.31134978 -1.2294120000000002 0.631739 -0.007261
3620 3.21606135 11.56719663 -0.35446473 -0.7061470000000001 1.083189 -0.137712
3640 -0.99722574 7.31753406 -0.6712002000000001 0.149788 0.7993100000000001 -0.483883
3660 -1.3051322100000002 6.30952713 -0.00074556 0.478111 0.595378 -0.386256
3680 0.15074046 9.28010304 0.58004568 0.4970060000000001 0.544218 -0.129685
3700 1.35992106 9.506135250000002 0.17753157 0.930649 0.12628 -0.417745
3720 0.85516713 8.89854309 -0.07993188000000001 1.848289 0.168602 -0.8739299999999999
3740 0.10104300000000001 8.9250399 -0.58423455 2.747566 0.936294 -1.0277969999999998
3760 -0.14594337000000002 8.506064610000001 -0.6773412600000002 3.72842 0.861082 -1.184287
3780 -0.82059669 8.37359037 -0.6706017900000001 3.982909 0.905268 -1.265888
3800 -1.22355225 8.49303693 -0.35566155000000005 3.742196 1.073042 -1.188736
3820 -1.7266581 9.22172373 -0.82912158 2.31655 -1.055691 -0.408687
3840 -1.6512192 9.7029729 -2.38005315 2.439253 -2.626472 0.15820499999999998
3860 -2.0161610100000003 10.559189700000001 -3.0789469800000004 3.160246 -0.942943 0.233722
3880 0.79484544 10.726097039999999 -1.0930302 2.428841 -0.019351 0.33532
3900 2.4899251500000004 11.46885138 0.7144623 1.902411 -0.385768 0.781834
3920 -0.7782273000000001 11.423489940000001 0.94783239 1.732921 -1.7053459999999998 0.8539120000000001
3940 -2.1146534100000003 12.0194082 -1.4049783900000001 1.732779 -2.048067 0.779575
3960 -1.4226462000000002 12.32551944 -0.9306158400000001 1.214602 -0.994002 0.5695060000000001
3980 -0.27602397 9.87227388 -0.81445563 0.597884 0.203296 0.5893010000000001
4000 -3.7193143500000003 13.06273113 2.2656881700000002 0.170991 -0.283188 0.606171
4020 -6.4512816299999995 15.389643509999999 2.0853117 0.014901 -0.5958220000000001 0.6022770000000001
4040 -3.0370386600000003 16.39870011 1.2223554300000001 -0.185784 -0.584613 0.63718
4060 -0.00404172 16.471294110000002 1.5648421500000003 -0.661827 -0.455937 0.572801
4080 2.47540635 14.351853420000001 1.08210186 -1.223618 -0.423868 0.4994020000000001
4100 3.22534161 15.362253990000001 -2.8241812800000003 -1.82838 -0.395097 0.488731
4120 0.06960195000000002 11.84800788 -3.67770033 -2.164389 -0.313239 0.555714
4140 -2.74559337 8.29155915 -1.7272565100000001 -2.019376 0.270469 0.4459520000000001
4160 -2.25760473 6.740333280000001 -0.02754648 -1.682675 0.518029 0.316595
4180 -0.82179351 5.33475648 0.27797616 -1.2029459999999998 0.351576 0.234701
4200 -0.6873670799999999 3.30976647 0.42421383 -0.444641 -0.217642 0.200135
4220 -1.79686827 2.54905002 -0.5905227600000001 0.512137 -1.34528 0.314017
4240 0.0782838 3.1424176800000003 -0.6556317300000001 0.742732 -1.114651 0.514022
4260 0.32946885000000004 3.4247298600000002 -1.22759397 0.348707 -0.29588200000000003 0.696091
4280 -1.84236705 2.98254411 -1.7078032800000003 -0.0417 0.118161 0.855203
4300 -2.6110197900000003 2.71715418 -2.0062823400000003 -0.650044 -0.030473 0.990013
4320 -2.01391452 2.9071052100000006 -2.4089436 -1.6724139999999998 -0.615821 0.938757
4340 -1.8050988600000002 2.97191988 -1.75390047 -2.0314080000000003 -0.872237 -0.159418
4360 -0.85801203 3.7910156400000004 -1.5715816200000001 -1.760963 -1.037492 -1.157173
4380 0.062116920000000006 5.75642952 -2.5030901700000006 4.524238 -6.656865 -1.799346
4400 0.26839179 8.31715344 -4.64155245 4.954105 -2.016902 -0.214911
4420 0.00942741 10.439743140000001 -5.721554970000001 -0.76755 5.871235 0.273399
4440 -0.33095997000000005 11.621534220000001 -6.05864619 0.920594 -0.093826 -0.776456
4460 -1.56050613 10.45545876 -6.086339820000001 -1.067335 0.34166 0.199342
4480 -2.0975840100000003 7.928863830000001 -4.28813739 -2.181988 1.04506 1.084756
4500 -2.44920384 6.7617386999999995 -2.9326995 -1.650557 0.499353 1.228037
4520 -2.2617936 5.18716503 -1.9085355000000002 -1.65606 0.021771 0.7852979999999999
4540 -1.82156004 2.9386934100000004 0.4625415 -0.986872 -1.312516 0.34623400000000004
4560 -0.90457029 0.40894947000000004 5.11426692 0.09218 -0.758229 -0.141526
4580 -2.98718424 5.48743932 6.7160829600000005 0.435162 2.279285 -0.54147
4600 -0.7725473100000001 14.1773139 3.06652752 1.052144 3.4978800000000003 -1.055741
4620 -0.06287229000000001 39.81181509 -15.263310330000001 1.706703 2.187479 -1.062308
4640 -2.11599738 44.75587851 -23.2583328 2.279257 0.26445100000000005 -1.2406469999999998
4660 4.436170290000001 -3.3588655200000006 0.86340753 2.311428 -2.022166 -1.666918
4680 -9.16828866 5.49057852 -2.96847657 2.817349 -4.279614 -2.072825
4700 1.47009717 6.91726644 1.25947647 4.932930000000002 -3.112293 -2.784866
4720 7.02339102 14.786848440000002 -0.73617183 2.837772 1.974247 -2.263362
4740 0.71910243 11.415563460000001 -1.21278087 0.8444360000000001 2.13203 -0.8343200000000001
4760 -1.4624551799999999 8.435560140000002 -1.6470205200000003 1.523659 -0.743514 -0.533198
4780 -2.23335441 7.2610971300000005 -3.9775331700000005 0.723557 0.315755 -0.202586
4800 -0.5423262300000001 6.935974110000001 -5.670062280000001 -0.6072 1.7753279999999998 0.381248
4820 -1.38911562 5.619168 -6.54918543 -1.302769 1.489405 0.558354
4840 -2.1609075600000005 4.59020691 -2.73136887 -1.879603 1.292582 0.994684
4860 -1.3961493900000002 4.7903407200000006 -0.4451778 -2.413681 1.033082 1.350209
4880 -1.6546625100000003 3.8230452900000005 0.12274272000000001 -3.075576 0.680845 1.565022
4900 -3.14705781 4.81564071 1.06503246 -3.310332 1.069843 1.725254
4920 -4.938079320000001 7.733223000000001 1.7780036399999999 -3.139206 0.8947780000000001 1.93284
4940 -5.0960007 11.597735160000001 -1.3145694300000001 -2.820831 -0.7720060000000001 1.830378
4960 -3.647613060000001 16.671133620000003 -8.753050980000001 -1.666266 -2.880955 1.820849
4980 -4.3902202500000005 21.03904593 -9.807459210000001 -0.978762 -3.193509 2.130495
5000 -1.48850073 15.835723830000001 -1.5968816099999998 -0.865339 -2.523814 1.059002
5020 -1.4106681900000002 9.79323471 -3.78144108 -1.529057 2.624498 -0.187096
5040 -4.48332696 4.0540217400000005 -5.25377493 2.410264 -5.110017 -1.582154
5060 -2.28439584 2.6351229600000003 -4.72313241 1.538957 -0.183362 -0.7666810000000001
5080 -1.94145786 2.69918226 -5.65478811 5.5621480000000005 1.142971 -1.073564
5100 -0.66715848 2.7650466000000002 -5.594760720000001 0.726564 3.334396 -1.181719
5120 -0.17064495 2.09429766 -4.47823557 0.312762 0.053578 -1.413278
5140 -0.41433516000000004 2.1475855800000003 -1.54089594 -1.40258 1.423116 -0.092806
5160 -0.42721569 4.3283976299999996 0.060772950000000006 -1.201228 0.991718 0.255258
5180 -1.4635048499999999 9.16843581 -1.72965015 0.579144 -0.78157 0.211214
5200 0.20223315000000003 10.314155520000002 -3.742515 1.040805 -0.451676 -0.103246
5220 3.58983216 3.2775798600000003 -4.657562370000002 1.1179999999999999 1.038233 -0.5992029999999999
5240 0.49067658000000003 -1.10126079 -1.19391624 1.41916 0.922754 -1.018899
5260 -7.28938917 3.10709187 8.15489604 1.930338 0.227316 -1.507956
5280 -7.20197226 16.653622770000002 0.5397756300000001 2.569896 -1.616667 -1.798091
5300 -3.67081371 32.44263138 -6.254748090000001 3.686794 -3.075817 -2.036247
5320 4.8295611 34.95815082000001 -12.57325137 3.255369 -0.244058 -1.726696
5340 -0.62180685 8.702156700000002 -3.2332779 1.611105 -0.317874 -1.289433
5360 -4.54904415 5.45525271 -2.0446002 1.560395 -0.6915680000000001 -1.299991
5380 1.13464422 5.64925527 -1.5989711400000002 0.798128 -0.030491000000000008 -0.525292
5400 5.38086348 6.6684848400000005 -0.38784816000000005 0.205538 -0.392447 -0.071769
5420 1.9690043400000001 14.234653350000002 -3.6494082899999998 -0.676719 0.318142 0.147621
5440 -0.03922038 10.92248343 -4.96218249 -1.372544 1.021473 0.421734
5460 -2.23949547 5.826335580000001 -6.20250003 -1.787191 1.149614 0.703888
5480 -2.19309417 4.7111544 -5.32308258 -2.1198360000000003 0.9740000000000001 0.952822
5500 -2.70606888 6.623280360000002 -3.0612791700000006 -2.391023 0.862408 1.121986
5520 -3.7071891900000002 8.69556438 -0.42586191 -2.7259830000000003 0.458524 1.182121
5540 -5.2952418 10.825334999999999 -0.2576106 -3.142826 0.077553 1.443548
5560 -2.41478055 12.57594912 -3.20333778 -3.385231 -0.051136 1.601185
5580 -1.5846093 17.90876322 -11.26362618 -3.241565 -0.154876 1.5788209999999998
5600 -3.32129322 16.35364278 -5.39119341 -3.05271 -0.212595 1.995752
5620 -5.4863896500000005 9.77601816 -6.22510227 -2.394609 -0.342134 2.384007
5640 -6.91262631 9.84742515 -5.944585320000001 -1.6800509999999995 -0.34930700000000003 1.96065
5660 -6.2240526 5.6336868 -6.54409404 -0.149339 -1.7649400000000002 0.6058319999999999
5680 -4.80351555 2.4929172000000004 -5.865399 0.817797 -3.253335 -1.244211
5700 -3.06517374 3.0259533600000004 -4.01166216 -0.049516 2.108591 -1.123613
5720 -1.82650428 4.18439664 -2.27047545 3.3587800000000003 -1.0576219999999998 -1.09468
5740 -1.6709765400000003 4.0760255700000005 -1.92454542 3.2688770000000003 0.192814 -0.967656
5760 -1.91811006 2.8069647300000002 -1.64253735 1.822105 4.032947 -0.200744
5780 -2.3779538100000006 1.47937743 -2.1894939 0.090451 1.465973 -0.382602
5800 -1.2985497000000001 1.76647689 -3.3805652400000006 -0.350952 -0.165201 0.058649
5820 0.68018616 4.82536242 -4.17511638 -0.950137 -0.300361 0.5449510000000001
5840 0.85936581 9.70462098 -5.18506569 -0.855935 -0.036326 0.501473
5860 0.20252745000000003 13.578717509999999 -4.440516120000002 -0.483499 -0.28369 0.234132
5880 -0.19429686000000002 10.27149183 -2.65368348 -0.311974 -0.5295949999999999 0.042297
5900 -3.2430094200000004 8.14217247 -1.16607546 -0.178688 -0.773095 -0.18506
5920 -8.95288068 8.121963870000002 -2.34996588 0.122378 -0.442083 -0.373525
5940 -10.775490390000002 9.417668670000001 10.500064830000001 0.352919 0.354639 -0.5470550000000001
5960 -0.36943479 12.067153470000003 3.9163089600000003 0.5743199999999999 1.195304 -0.779459
5980 6.436311570000001 15.17349978 -12.553494030000001 1.102438 1.248541 -0.963845
6000 3.2229479700000003 27.47910492 -5.8365085500000005 1.565692 0.8887309999999999 -0.8960549999999999
6020 -0.66251835 15.28995429 -10.23945237 1.749954 -0.983984 -0.7994319999999999
6040 -0.9253773000000001 8.821004850000001 -2.5346783700000004 3.116246 -2.322324 -1.095822
6060 1.46500578 10.09096821 0.67449636 3.633633 -1.60938 -1.080303
6080 3.3919448400000003 9.18250335 -0.9015782400000001 2.449665 1.032715 -0.640101
6100 2.03247504 9.095684850000001 -2.2878391500000004 2.15252 -0.031447 -0.395121
6120 -0.38350233000000006 8.57925702 -3.0274542900000005 1.721166 -0.8360620000000001 0.061164
6140 -1.2087391500000002 8.0397855 -3.13403013 1.164671 0.198385 0.527037
6160 -0.92358207 6.568187399999999 -3.8935497600000004 0.523066 -0.130564 0.7611899999999999
6180 -0.8890018199999999 6.10415478 -4.8897356400000005 -0.008356 -0.672895 0.715444
6200 -1.81557594 5.747894820000001 -4.643043570000001 -0.603834 0.0033979999999999995 0.472205
6220 -2.18365695 5.21366184 -4.2929246700000006 -1.190525 0.608907 0.340212
6240 -2.2320104400000003 5.596261650000001 -4.5030843 -1.547797 0.501095 0.4382680000000001
6260 -1.02461526 6.298598790000001 -2.26822896 -1.7034790000000002 0.340546 0.496138
6280 -0.53259471 8.19680436 0.15942230999999998 -2.126086 0.364188 0.544431
6300 -2.8449882900000003 11.86732377 -2.28874167 -2.921479 0.400403 0.702267
6320 -2.5743500100000003 12.940439670000002 -3.62919969 -3.303561 0.264847 0.833299
6340 -3.3286311 16.21832364 -8.30847159 -3.1196 -0.154263 0.788119
6360 -4.37510304 18.01234701 -6.3083303100000006 -2.7878700000000003 -0.788572 0.884185
6380 -1.8513530100000002 13.96117017 -7.68726315 -2.37017 -0.944223 1.084923
6400 -6.222257370000001 12.605133870000001 -6.084250290000001 -1.727577 -0.311792 1.412272
6420 -5.197190850000001 8.74975482 -5.2735322700000005 -0.841628 -0.645408 1.223403
6440 -2.5213563900000002 4.659063300000001 -5.57141292 0.323268 -1.116535 0.54955
6460 -2.24547957 1.7899816499999999 -4.56445566 1.7417189999999998 -1.103472 -0.748062
6480 -1.5539138099999998 2.54934432 -3.4033244399999996 0.8322149999999999 0.762211 -1.387057
6500 -0.18786150000000001 4.26223899 -2.00208366 3.148402 -0.255715 -1.915435
6520 -0.62330778 3.47247513 -1.2213057600000001 0.7698520000000001 4.6130830000000005 -0.510076
6540 -2.5536901500000004 2.29398021 -1.73593836 0.683033 0.499356 -0.260788
6560 -3.4480776600000005 1.3859666099999999 -2.139649290000001 -0.497618 0.16047899999999998 0.259101
6580 -1.79476893 2.9671326000000002 -2.2439884500000002 -1.247279 0.637782 0.8931180000000001
6600 -0.34114275 5.8585123800000005 -2.8288214100000006 -1.4559950000000002 0.211492 0.8526819999999999
6620 -0.06151851 8.98655841 -4.14323388 -1.097785 -0.707429 0.705742
6640 0.7044364800000001 11.207640510000001 -4.72582035 -0.639734 -1.199838 0.372015
6660 0.04475322 10.802889720000001 -4.158802350000001 -0.5226850000000001 -0.814641 0.112761
6680 -1.3624618499999999 7.574997510000001 -4.02078546 -0.471795 -0.0050420000000000005 -0.194501
6700 -3.89205864 8.14545882 -0.5557953599999998 -0.372056 0.8031229999999999 -0.452281
6720 -7.466626440000001 13.945896000000001 1.76827212 -0.122741 0.948157 -0.707099
6740 -4.91128821 17.6328864 5.8246875000000005 0.24325 0.720935 -0.944601
6760 3.8784325500000003 19.029477240000002 -19.09070145 0.499748 0.731051 -1.032553
6780 4.04833194 19.860551010000002 -3.0725116199999998 0.643179 1.154202 -0.94984
6800 -3.3286311 16.78369356 -7.327108620000001 0.8331069999999999 0.921312 -0.949284
6820 1.8669214800000002 11.765535210000001 -2.66745672 1.285194 -0.14743599999999998 -1.005645
6840 2.77148196 10.0818351 -2.27796048 2.071202 -1.158051 -1.237073
6860 2.1948894 9.94936086 -1.85973075 2.897009 -2.245966 -1.618743
6880 0.3671883 9.96223158 -1.3810321799999998 3.326347 -2.09449 -2.042159
6900 -0.8640059400000001 8.11701963 -1.67710779 2.725561 -0.136791 -1.718784
6920 -1.4374593 6.567441840000001 -2.2350024900000003 1.417719 0.419729 -0.963785
6940 -1.3355235900000002 5.58982629 -2.6503873200000005 1.463798 -1.13481 -0.662369
6960 -1.56544056 5.570667360000001 -3.0726587700000003 0.966264 -0.54466 -0.22863000000000006
6980 -1.88682597 6.743031030000001 -3.0870304200000005 0.056829 0.089289 0.265202
7000 -1.34255736 7.03326969 -3.53384649 -0.496119 0.03694 0.5156430000000001
7020 -0.9768699900000001 7.289987580000001 -5.1319249199999994 -1.02034 0.381018 0.704889
7040 -0.40864536 7.84324215 -5.51767374 -1.450374 0.8247709999999999 0.927779
7060 -0.42317397000000007 7.53892614 -4.6608585300000005 -1.722225 0.879058 1.173638
7080 -0.16106058000000004 7.534129050000001 -1.82844666 -1.912663 0.48583 1.373638
7100 -1.18748088 7.51078125 -0.03742515 -2.239366 0.12517 1.539529
7120 -2.0246859 8.52926526 -0.07963758 -2.893109 0.329264 1.683184
7140 -3.09137625 10.11955455 -0.20761884 -3.3222120000000004 0.154436 1.553292
7160 -4.01135805 12.118047749999999 -4.84348149 -2.955257 -0.709156 1.414888
7180 -3.4426919700000003 17.95665564 -10.015676460000002 -2.278666 -1.225602 1.5741
7200 -3.92678604 19.17886392 -5.92961526 -1.202204 -1.457372 1.59153
7220 -5.19090264 13.55910732 -4.59214929 -0.286171 -2.7103580000000003 1.38589
7240 -5.277878100000001 8.03753901 -5.62709448 0.219372 -2.624631 0.556098
7260 -3.3712849800000004 6.2643226499999995 -3.9917478600000003 -0.477659 0.906097 -1.069515
7280 -2.70951219 5.26140711 -2.891988 -1.14509 1.986134 -1.5178049999999998
7300 -2.5421633999999997 4.58167221 -2.8192370400000004 2.835428 -3.177346 -0.95141
7320 -1.6970220900000001 3.7281433500000003 -2.80277586 0.357239 4.068887 0.073125
7340 -1.2928599000000003 2.1963805200000004 -2.38783248 1.7360759999999995 -0.0033590000000000004 0.665883
7360 -1.5024211200000002 0.8384018400000001 -2.41478055 0.229957 0.384533 -0.457154
7380 -1.4507812800000002 0.52810173 -2.66296374 -0.915038 0.956898 -0.07598400000000001
7400 -0.30402171 2.3882837400000003 -2.1999709800000002 -1.322778 0.528767 0.249661
7420 0.40220999999999996 7.7109150600000005 -1.5762217500000002 -1.4561620000000002 0.879231 0.367921
7440 -0.20956122 12.5314902 -2.9401845300000002 -1.295126 0.5402640000000001 0.280818
7460 -0.17858124000000003 12.655881 -3.90148605 -0.96545 -0.379486 -0.166491
7480 -1.46605545 8.728947810000001 -5.345684820000001 -0.849567 -1.112235 -0.572803
7500 -3.4407495900000002 3.88187586 -3.2337291600000007 -0.835965 -0.696934 -0.811454
7520 -5.693714190000001 1.76468166 5.68786743 -0.956723 0.262018 -0.757979
7540 -6.702760980000001 8.805142080000001 8.99060013 -0.981872 0.863883 -0.73222
7560 -2.52898857 23.86487529 -0.18007236000000001 -0.665439 1.332096 -0.879092
7580 10.32327882 26.389822140000003 2.3456200500000004 -0.332094 0.922034 -0.918967
7600 6.7731183 24.062762610000004 -10.84824135 -0.079704 -0.315841 -0.8654120000000001
7620 -3.0508020900000004 17.674049160000003 -9.87496182 0.51476 -0.954105 -1.073018
7640 -1.6844456700000001 12.80466927 -4.33034982 1.326503 -1.1968530000000002 -1.277476
7660 0.46298295 10.58673618 -0.48634056000000003 2.192807 -1.099184 -1.4114870000000002
7680 2.0360655000000003 7.566168510000001 0.14624748 2.774295 -0.6916260000000001 -1.006296
7700 1.72036989 8.542135980000001 0.6277909500000002 2.962651 -0.7262270000000001 0.022693
7720 -0.35027586000000005 8.089326 -0.5632803900000002 2.574813 -0.326114 1.26395
7740 -1.7092944 5.04241848 -0.66896352 2.1221650000000003 0.236255 1.413891
7760 -1.14706368 4.24172628 -0.54890874 1.6381940000000002 -1.827347 1.873559
7780 0.6623712000000002 4.48122762 -1.0033668 1.171013 -2.931703 1.928327
7800 1.55840679 5.72260464 -2.10911076 1.275134 -3.216582 2.216771
7820 1.2472041600000001 5.86599741 -2.9295603000000003 1.356127 -2.732175 2.485907
7840 1.02132891 6.28034238 -2.79962685 1.210847 -2.833472 2.901629
7860 0.72374256 7.63397523 -2.40445062 1.206278 -3.418338 2.381054
7880 0.38919213 9.036559980000002 -2.96084439 1.061657 -4.499307 1.902866
7900 0.8184973500000001 9.11558934 -3.94085358 0.744224 -4.506357 1.543872
7920 -0.42736284 7.64370675 -3.19824639 0.55167 -4.180855 1.030431
7940 -0.19175607 7.031327310000001 -1.04766876 0.206528 -3.5143699999999995 0.6255149999999999
7960 0.3646377 14.64524109 0.9711801900000001 -0.192537 -2.80153 0.396419
7980 -0.45235872000000005 27.27328131 1.40992263 -0.467148 -2.512576 0.302263
8000 -8.438405040000001 25.0427718 -0.94767543 -0.563736 -2.709034 0.231338
8020 -8.09322057 17.502501690000003 -2.4430725900000003 -0.5884189999999999 -2.4843610000000003 0.011892
8040 0.44906256 13.648770720000002 -5.2980867 -0.590217 -1.986663 -0.040033
8060 3.8327768100000004 16.331933250000002 -4.925208600000001 -0.492676 -1.152975 -0.019055
8080 1.5359517 17.92312506 -1.2921143400000001 -0.025508000000000003 -0.629843 -0.177764
8100 0.27288477000000005 16.75436166 0.8044298100000001 1.126995 -0.171231 -0.247214
8120 -3.29629734 13.88153259 2.05897185 1.763852 0.16484100000000002 -0.127828
8140 -3.81107709 9.57019455 1.14032421 1.2661129999999998 -0.806333 0.213907
8160 -2.6313755400000005 6.380630010000001 1.11472992 0.609793 -1.933533 0.550462
8180 -0.6765957 5.344340850000001 1.00171872 0.017294999999999998 -2.830996 0.922419
8200 -0.26674371 3.9480443100000002 2.18829708 -0.017157 -1.183335 0.500256
8220 0.06840513000000001 2.78601057 2.0330734500000003 -0.909052 0.22719 0.715477
8240 -1.26427356 2.76864687 1.79087436 0.204845 0.071548 0.311124
8260 -3.03104475 3.22713684 1.7905800600000001 -0.665085 0.21912 -0.406578
8280 -2.05013304 3.5346018600000004 0.8705884500000001 -1.176046 -1.53105 -0.515795
8300 -0.98584614 4.80560508 -0.5611810500000001 -1.001932 -2.72349 -0.56753
8320 -1.53819819 7.2474808500000005 -2.12737698 -1.165291 -0.493568 0.030949
8340 -2.7593666100000003 10.903775759999998 -2.9816514 -2.004988 1.859719 0.734572
8360 -4.916673899999999 14.63251752 -7.948169910000001 -2.082212 1.761059 0.964895
8380 -4.293375930000001 18.367106040000003 -10.26280998 -1.463403 0.320964 1.187912
8400 -3.68652933 12.85347402 -10.352326230000001 -0.812161 -0.627102 0.6168359999999999
8420 -2.58407172 7.14329865 -8.8934517 -0.650716 -0.537387 0.153172
8440 -0.8376562800000001 4.60681524 -4.3525008000000005 -0.620537 -0.187306 -0.040414
8460 -1.0190824200000002 6.06404169 -0.9307629900000001 -0.91341 0.56504 -0.118199
8480 -0.73781991 16.89057351 1.33881975 -1.174647 0.281951 0.039504
8500 -0.00373761 26.63980056 2.24607798 -1.373591 -0.34570300000000004 -0.002742
8520 4.52119356 10.736426970000002 -0.23531247000000002 -1.540158 -0.6316039999999999 -0.022767
8540 0.15851979 3.7383261300000004 5.942495790000001 -1.580665 -0.61764 -0.016659
8560 -4.71639294 2.6559299700000003 3.1036485600000008 -1.476858 -0.5731539999999999 -0.042696
8580 -2.8228275000000003 10.54766295 -1.28417805 -1.1634209999999998 -0.624313 -0.041510000000000005
8600 2.61072549 13.04058015 1.5621542100000003 -0.993917 -0.354572 0.021286000000000003
8620 3.93277014 12.761260020000002 0.93645279 -0.44527 0.42221 0.029464
8640 2.22856713 12.278215620000001 0.24788889 0.214235 0.19715 -0.469842
8660 0.50026095 10.729991609999999 -0.6108785100000002 0.86829 -1.255031 -0.983637
8680 -0.44862111000000005 9.015752970000001 -1.1557455300000001 0.416199 -0.58691 -0.374491
8700 -2.41103313 7.5517968600000005 -1.4778765 0.265749 -0.19182 -0.212611
8720 -1.66363866 7.2018251100000015 -2.1838041 1.071902 -0.231173 -0.393868
8740 -1.19601558 8.047868939999999 -2.15387379 1.7461509999999998 -0.16255799999999998 -0.554821
8760 -0.89244513 8.69512293 -2.3999576400000002 1.88897 -0.27554 -0.39665
8780 -0.23351724 8.785384740000001 -1.4419522800000002 2.435921 -1.095361 -0.182407
8800 0.31060422000000004 8.95722651 -0.6247989 3.0677060000000003 -2.21525 -0.39234
8820 0.58184091 9.31408488 0.14714019 3.33496 -3.411861 -0.281049
8840 1.2386694600000003 9.876609900000002 0.6725539800000001 2.966174 -3.571207 0.193006
8860 1.22879079 10.236018870000002 0.41822973 2.419664 -2.525844 0.584159
8880 -0.5267577600000001 10.270893420000002 -1.4004854100000002 2.285906 -2.395121 1.042393
8900 -1.6769606400000001 11.65895937 -1.94700051 2.362793 -3.314779 1.056927
8920 -3.6799468200000005 11.96327538 -1.5679911599999998 2.474899 -4.128557 0.936976
8940 0.31225230000000004 9.82257642 -0.12678444 2.288732 -3.755127 0.952288
8960 4.285135530000001 11.60806509 1.41215931 1.948112 -3.198557 0.8573290000000001
8980 1.27564335 15.094313460000002 -0.17109621 1.781582 -2.714573 0.64831
9000 -0.29414304 14.355747990000001 -2.6836236 1.673932 -2.165894 0.459916
9020 0.02065986 12.41083701 -2.06629992 1.34996 -1.439998 0.629775
9040 1.47593412 11.457923039999999 -0.17977806 0.8983479999999999 -0.913625 0.989142
9060 1.51155423 11.170666620000002 -0.38110869 0.463867 -0.7754770000000001 1.183551
9080 0.1935513 9.32815242 -0.04355640000000001 0.086497 -0.839564 1.286751
9100 -0.8102667600000001 9.97076628 -0.84933018 -0.181995 -0.98886 1.292544
9120 1.68578964 13.38097734 1.52472906 -0.374148 -0.927925 1.139437
9140 3.87708858 14.193637740000002 1.54044468 -0.5260020000000001 -0.684964 0.985309
9160 3.9053806200000003 14.24692566 0.01915893 -0.924667 -0.105346 0.771342
9180 1.8103374 13.591882530000001 0.91834353 -1.564353 0.074244 0.371401
9200 -1.27160163 11.23593255 0.8825664599999999 -1.908157 0.14819300000000002 0.026006
9220 -2.41567326 9.66570471 0.6454587600000001 -1.688268 0.107209 -0.038636
9240 -1.6536128400000003 7.91898516 -0.36613863 -0.56501 -0.569307 -0.196565
9260 0.28141947 7.710316649999999 -0.27003987 1.017563 -1.806589 0.153633
9280 0.96908085 7.729181280000001 -0.11061756 1.423334 -2.192501 0.404789
9300 -0.45130905 7.7068733400000005 -0.46673037000000006 1.964951 -2.805626 0.349537
9320 -2.17332702 8.3264337 -1.29181023 0.770161 -2.512772 0.610008
9340 -1.9550839500000001 7.891438679999999 -1.73758644 -2.283675 1.03875 1.15242
9360 -1.3967478000000002 6.84706608 -2.139649290000001 -1.515179 0.900791 1.4196799999999998
9380 -1.25050032 6.322250700000001 -1.93353138 -0.222492 -1.349421 0.919914
9400 -1.25169714 5.66526519 -1.4473379700000002 -0.367169 -1.407117 0.289795
9420 -1.3374659700000002 5.19150105 -1.22265954 -0.627149 -0.776328 -0.5855670000000001
9440 -1.51619436 5.1919523100000005 -1.28657169 -0.657143 0.028316 -1.181807
9460 -2.48932674 5.71406994 -1.47577716 -0.8562059999999999 0.780378 -1.003632
9480 -2.29891464 5.83007319 -1.7890791300000002 -0.842513 0.916198 -0.349958
9500 -2.1065699700000002 7.473061800000001 -3.4323620400000006 -0.836988 -0.308347 0.046892
9520 -2.17976238 12.42311913 -5.69640213 -0.777937 -1.668724 0.266965
9540 -2.59320483 20.317844160000003 -9.655973190000001 -1.053741 -1.371283 0.448391
9560 -0.95276682 17.162712720000002 -9.440869320000001 -1.592422 -0.154911 0.6919649999999999
9580 -0.30446316 9.723632760000001 -11.78708778 -1.86335 0.531165 0.650738
9600 1.78219251 11.589651719999999 -9.883947779999998 -1.81105 -0.015194 0.573823
9620 2.8487259 16.83878652 -1.0524658500000001 -1.494601 -0.966998 0.427702
9640 1.1681748 14.162952060000002 9.4311378 -1.187632 -1.204931 0.256031
9660 1.6170902100000002 5.24000169 5.842051199999999 -1.112919 -0.8457 0.133247
9680 -0.68093172 4.960387260000001 2.7551679300000003 -0.964884 -0.5474640000000001 0.015326
9700 -1.4424035400000002 4.01764626 0.92133558 -0.720885 0.205342 -0.109984
9720 -1.81677276 6.643488960000001 -0.58633389 -0.201552 0.893709 -0.077329
9740 -1.3666605300000003 9.08236287 -0.6412698900000001 0.5202060000000001 0.6329100000000001 -0.218299
9760 -0.21914559000000003 11.778258780000002 -0.89124831 0.8785120000000001 -0.101311 -0.200969
9780 0.6782437800000001 13.18039227 -0.81056106 1.352403 -0.510102 -0.413984
9800 1.7079504300000001 11.82375756 -0.38080458 2.019558 -0.365797 -0.582561
9820 0.9648919800000001 10.209816360000001 -0.83241774 2.816322 -0.196019 -0.839995
9840 0.12993344999999998 9.1766664 -1.37130066 4.092171 0.0845 -1.234163
9860 0.60773931 9.22815909 -0.8750814299999999 5.014663 0.759685 -1.184787
9880 0.54785907 9.14942403 0.08128566000000001 3.929504 0.252258 -0.954571
9900 0.12828537000000004 9.54624834 0.42990363000000004 2.545646 -2.55115 -0.654066
9920 0.04250673 9.155260980000001 0.47601063 2.391225 -2.592588 -0.281214
9940 -0.29010132000000005 9.25659828 0.09385227000000002 2.281422 -0.34791700000000003 0.046292
9960 -0.36359784 9.35539479 -0.3876912 2.001012 -0.189644 0.401985
9980 -0.09968922 9.631870020000001 -1.6919307000000001 1.904401 -0.703144 0.494903
10000 0.24729048000000003 9.649086570000001 -3.59582607 1.636015 -1.082366 0.723182
10020 -0.37736127 9.13519953 -4.2748056 1.281386 -0.330865 0.377911
10040 -0.84619098 10.42162407 -3.3310247400000006 0.555897 -0.536089 0.646571
10060 -0.7331797800000001 10.989848700000001 -1.44075546 0.28641700000000003 -0.8369260000000001 0.7209180000000001
10080 -0.55549125 9.53891046 -1.5106615200000002 0.061801 -0.987316 0.696041
10100 -0.60698394 9.13729887 -0.55893456 -0.234888 -0.915282 0.78788
10120 -1.24690986 9.067991220000001 0.22857300000000003 -0.704475 -0.391995 0.8693870000000001
10140 -3.5922258 12.68641953 0.8087658299999999 -1.409308 0.164418 0.862683
10160 -5.35257144 17.03846907 1.62217179 -2.0486 0.257573 0.765162
10180 -4.9274550900000005 15.979273560000001 2.42899524 -2.245232 0.273773 0.614217
10200 -2.70202716 15.59950884 0.6155186400000001 -1.924131 0.497344 0.370482
10220 2.43767709 16.25515038 -2.6984367 -1.674663 0.626599 0.06548
10240 3.5832496500000004 15.40700721 -4.20026922 -1.56479 0.5094920000000001 -0.047903
10260 -1.81646865 12.36458286 -3.5612458200000003 -1.356833 -0.330124 0.082813
10280 -3.3888056400000006 8.00924697 -1.5819115499999998 -0.776962 -1.218101 0.263189
10300 -1.58939658 7.07413815 -0.7036909200000001 -0.360552 -1.174588 0.4754140000000001
10320 -0.48663486 4.432736790000001 0.12618603 -0.552423 -0.09824 0.802775
10340 -1.07356716 3.56768118 -1.29151593 -1.009287 0.624291 0.863819
10360 -0.38200140000000005 3.4522665300000006 -1.1247655500000002 -0.913576 -0.039226 0.7435609999999999
10380 -0.12065319 1.6055634600000002 -1.10395854 -0.225586 -1.217016 0.312973
10400 -0.448317 1.7119921500000002 -1.7398329300000002 0.796487 -3.070417 -0.350493
10420 -0.83556675 1.8911718000000002 -2.68750836 3.190363 -4.615261 -1.842258
10440 -1.8483609600000002 1.7053998300000002 -3.0199692600000003 2.189403 3.85368 -0.443639
10460 -1.6127443799999999 1.86137883 -2.35819647 0.768231 4.428089 -0.333593
10480 -1.17116685 2.73107457 -1.45467585 0.8273729999999999 -0.95251 0.120231
10500 -0.8163980100000001 4.78883979 -1.11623085 -1.94606 -0.478359 1.431256
10520 -0.73048203 6.9070836600000005 -2.24877573 -1.551305 -0.406624 1.265142
10540 -1.32894108 8.71203537 -3.2747447700000003 -0.521953 -0.7393930000000001 0.740784
10560 -1.8342836100000002 10.43434764 -4.37959602 -0.449738 -0.509921 0.5690109999999999
10580 -1.91466675 11.669279490000001 -5.58084033 0.341351 -0.435075 -0.185065
10600 -2.1189894300000005 11.26092843 -4.85530254 -0.151097 -0.044958 -0.613089
10620 -2.5237500300000004 9.214984260000001 -3.0627801 -0.410159 1.3283969999999998 -0.708525
10640 -3.26470914 6.67701954 -1.25334522 -0.19042 2.262967 -0.713529
10660 -3.36964671 5.8646534400000006 -1.4762284200000002 0.13007 1.758474 -0.836694
10680 -3.3483884400000004 6.5152035900000005 -1.3187583 0.6358699999999999 0.7545890000000001 -0.909855
10700 -2.4535496700000006 12.791651400000001 -2.56476564 1.331749 0.396024 -1.0882690000000002
10720 -1.82964348 25.25098905 -6.9271451100000005 1.732173 0.178492 -1.381091
10740 6.008507280000001 37.35691164000001 -6.16253409 2.549881 -0.666255 -2.09321
10760 4.400697330000001 5.50226223 -2.08846071 3.350982 -1.480713 -2.63991
10780 -9.505379880000001 7.5017952900000004 -0.71356959 3.546314 -1.436748 -2.615101
10800 -0.04699970999999999 4.258942830000001 2.26104804 1.503148 0.7859550000000001 -2.044698
10820 7.856112870000001 11.849204700000001 1.4287774500000001 0.95235 0.093419 -1.009347
10840 3.8499933600000005 15.77314584 -4.0169007 1.240448 -0.064466 -0.936629
10860 -2.1547665 10.4575581 1.4706955800000001 0.650438 0.331305 -0.298188
10880 -4.58901009 7.04195154 -1.5500290500000002 -0.299367 0.7460289999999999 0.175346
10900 -4.5852626700000005 5.09630481 -3.57366528 -1.003595 1.158901 0.366451
10920 -2.2897913400000003 6.32539971 -4.80904839 -1.749367 1.235855 0.682678
10940 -0.19759302 6.96950469 -4.919665950000001 -2.334937 1.00493 1.129673
10960 -0.36898353 6.65800776 -3.69910575 -2.793638 0.093707 1.629701
10980 -0.43738866000000004 7.07803272 -3.6896783400000004 -2.849455 -0.0717 2.016219
11000 -0.35760393 7.33370094 -3.8627169300000004 -3.076989 0.253502 2.406251
11020 -0.35939916000000005 6.6376422 -3.13598232 -3.663052 -0.511329 2.9041330000000003
11040 -1.5892494300000002 6.866225010000001 -1.1334474 -3.3749230000000003 -2.031923 3.0320080000000003
11060 -3.0120329700000004 8.63150508 -0.6643233900000001 -2.189899 -1.726919 2.454509
11080 -3.73548123 9.35914221 -1.7639361 -1.224673 -1.353482 1.471599
11100 -5.32547622 14.18450463 -8.56863279 0.919858 -0.169702 -0.449488
11120 -4.3225606800000005 20.287158480000002 -10.47506895 1.321056 -0.291927 -2.729319
11140 -2.21718753 17.92596996 -5.17549113 3.514821 -5.092559 -2.10964
11160 -4.482277290000001 10.417582350000002 -2.87072973 4.201774 7.236111 -0.90073
11180 -4.71728565 6.40098576 -4.6152027900000006 0.54122 6.189591 -0.28723000000000004
11200 -3.24091008 5.13567234 -5.73712344 1.888641 -3.92269 -2.080837
11220 -2.91892626 3.63339837 -5.8109142600000006 0.132555 -1.286164 -1.350863
11240 -2.0031333300000003 2.8753698599999997 -4.30849314 -0.548002 1.665131 -0.083942
11260 -1.29885381 3.00485205 -2.5518949200000005 0.716655 0.431933 -0.212397
11280 -1.40287905 3.15109953 -1.4921010000000001 1.712155 0.21731 -0.682663
11300 -1.40512554 2.92341924 0.42421383 2.675738 -0.474465 -1.414256
11320 -0.32796792 0.80502822 -0.25416729000000005 3.493189 -0.793291 -1.7788099999999998
11340 1.1380875300000002 2.3921783100000003 -0.8012807999999999 3.283143 -2.010883 -1.601392
11360 3.1696600500000005 2.33858628 -1.3995927 2.781116 -1.56225 -1.736865
11380 3.1025988900000003 1.02087765 -1.9233486000000002 1.151738 -0.148228 -1.224493
11400 1.3687500600000002 2.46372264 -1.93053933 0.6239140000000001 0.758897 -0.379038
11420 -3.12505398 8.24740434 -3.0308976000000003 0.254829 -0.495344 -0.22298
11440 -14.90181183 15.39248841 -0.65698551 -0.277019 -0.617053 -0.227607
11460 -11.39879817 39.75104214 -15.4989171 -1.179765 0.189011 0.375009
11480 15.143706810000001 30.74995512 -3.87050607 -1.6835 1.267207 0.777101
11500 -9.43907409 1.27384812 -2.9138446800000004 -1.776473 1.7076 1.015169
11520 -0.80427285 1.2612815099999999 -2.00283903 -1.836782 1.262964 1.171278
11540 7.32246849 10.63538397 -6.15265542 -2.117913 0.723626 1.225553
11560 0.7459033500000001 10.571020560000001 -6.3857213999999995 -2.615396 0.145984 1.189703
11580 -3.0855294900000003 10.28720745 -5.654640960000001 -3.129477 -0.404544 1.313936
11600 -1.0431855900000004 8.144262000000001 -2.53872009 -3.340543 -0.008959 1.670878
11620 -2.3096958300000003 8.41564584 -2.11809672 -3.08895 0.17461 1.899931
11640 -4.185446310000001 9.36991359 -2.0209482900000006 -2.673811 0.080124 2.257602
11660 -4.13469918 8.58824298 -3.1988448000000007 -2.472069 0.431767 2.589709
11680 -2.0824668 10.91664648 -6.786734580000001 -2.541229 1.0171940000000002 1.703988
11700 -3.0337425000000002 15.14236284 -10.33600239 -1.845346 1.548159 0.987119
11720 -8.943453270000001 13.110790320000001 -2.9241648000000002 1.989477 -2.393863 -1.143125
11740 -3.1814811 5.41004823 -4.14847242 4.014801 -6.180893 -2.636727
11760 -3.18986865 9.14808006 -7.268582159999999 6.2527050000000015 -7.706064 -3.585882
11780 -6.01314741 5.14136214 -6.1269041699999995 1.301066 10.66877 -0.602788
11800 -4.5036827100000005 4.59619101 -2.80950552 -1.162328 8.552756 0.8258850000000001
11820 -2.0091174300000003 5.78067984 -1.64717748 1.200225 -5.522411 -0.767546
11840 -1.75031001 4.77955953 -2.01061836 -0.877735 -4.129441 0.069663
11860 -2.11450626 2.87072973 -2.78450964 -0.312713 0.254673 0.518782
11880 -2.6709000300000003 2.19563496 -4.38333363 -0.369723 1.485627 0.428144
11900 -1.69671798 2.9135405700000003 -5.8586693400000005 -0.298354 -0.294541 -0.14271199999999998
11920 -0.37916631 5.52426606 -5.70508398 0.109302 -0.809388 -0.6818609999999999
11940 0.79319736 9.226511010000001 -5.6715534000000005 0.091093 1.189622 -0.804191
11960 0.36135135 12.732075270000001 -4.817583090000001 0.601685 2.330666 -0.747607
11980 1.1000639700000001 8.48465919 -2.07662985 1.222636 1.465199 -0.903462
12000 -1.9387699200000001 6.825954960000001 1.3790799900000001 1.807101 -0.6729890000000001 -1.098534
12020 -6.52238451 6.336926460000001 5.7749900400000005 2.344334 -2.147411 -1.277694
12040 -7.81255647 12.07868022 0.96744258 2.732621 -1.938843 -1.291273
12060 -9.31947057 15.066315720000002 -0.17318574 3.115944 -0.700238 -1.545488
12080 -1.51425198 31.586414580000003 -13.43770857 1.40847 0.446491 -1.25444
12100 10.01252745 15.094313460000002 -7.723187370000001 1.180132 0.747527 -0.947705
12120 9.03745269 2.4801936300000005 2.34217674 0.38877 1.202503 -0.554301
12140 -8.349487200000002 8.92683513 -1.5962832 -0.109432 0.453619 -0.124191
12160 5.666913270000001 8.983419210000001 -4.569694200000001 -0.927476 0.82486 0.186881
12180 -0.29293641 15.11766126 -6.03859455 -1.750044 1.41965 0.541432
12200 -1.91676609 8.626864950000002 -4.21598484 -2.297737 1.681159 0.8865799999999999
12220 -2.58691662 5.717807550000001 -4.08844503 -2.69705 1.421493 1.167202
12240 0.22228479 5.251234139999999 -4.7199834 -3.04961 0.6862729999999999 1.251139
12260 0.60833772 6.756500160000001 -7.1932904099999995 -3.269785 -0.164866 1.437631
12280 -2.33514297 7.632327150000001 -6.83193906 -3.176456 -1.122276 1.554878
12300 -1.3109691599999997 6.82370847 -4.05282492 -2.670674 -1.747507 1.627578
12320 -1.88772849 7.444769760000001 -1.82215845 -2.169342 -1.039641 2.126896
12340 -1.3537800000000002 7.88574888 -1.08599643 -1.901723 -0.579403 2.151677
12360 -1.76437755 9.44191899 -0.61671546 -1.454905 -1.542409 1.23202
12380 -4.330791270000001 10.897036289999999 -3.3205476600000003 -1.064547 -1.413916 0.197338
12400 -6.558308730000001 15.441891570000001 -6.90619095 -1.082172 0.922576 -0.671039
12420 -4.59484704 12.649298490000001 -3.0337425000000002 1.039669 -0.947875 -2.0190080000000004
12440 -3.81511881 10.18960776 -5.3570644199999995 2.684781 -8.219609 -2.870936
12460 -2.37885633 10.691369640000001 -4.22392113 0.557033 8.483771 0.8689620000000001
12480 -1.7065966500000003 6.10699968 -5.225482889999999 0.067636 8.118011 1.385168
12500 -3.3542253900000003 2.82073797 -5.428010340000001 2.345263 -2.647676 -0.317784
12520 -2.7650466000000002 2.7015857100000003 -4.352647950000001 0.053577 -1.573963 -0.440921
12540 -1.56978639 4.02722082 -3.7407197700000006 0.545743 -0.903871 -0.077283
12560 -1.73204379 4.1077609200000005 -2.75576634 0.8944190000000001 -0.464097 -0.066865
12580 -2.19728304 4.432736790000001 -3.6558436500000004 2.752774 -1.274939 -0.835852
12600 -1.2445162200000002 6.716230110000001 -5.60284416 3.460157 -0.626671 -1.859371
12620 0.25222491 9.90176274 -6.524032590000001 3.17735 -1.592008 -2.097255
12640 0.8490358800000001 10.94793057 -8.08543143 3.182603 -1.457352 -1.943567
12660 1.70570394 10.657839059999999 -4.02932016 2.084963 0.050478 -1.907232
12680 -1.84042467 7.61166729 -2.14773273 1.426731 0.028503 -1.702431
12700 -6.368652 2.10731553 3.18657249 1.111482 -0.206297 -1.585759
12720 -6.15280257 0.8256782699999999 7.14000249 0.848562 -0.308608 -1.347114
12740 -4.52224323 7.2672381900000005 3.1335788700000005 0.118738 -0.317591 -0.86616
12760 -4.00207779 19.18754577 -9.40045212 -1.158965 0.140496 -0.030708
12780 4.19802273 28.11109455 -14.89567077 -2.073082 1.302362 0.848042
12800 15.52347153 24.181012350000003 7.1932904099999995 -2.2214810000000003 1.155525 1.199707
12820 -3.87469494 14.2897365 -11.832596370000001 -2.181611 1.813452 1.534564
12840 -5.198387670000001 9.361231740000001 -2.25760473 -1.900101 1.401843 1.393916
12860 1.21966749 15.727195799999999 -5.19914304 -1.999612 -0.31189 1.406099
12880 3.5610986700000002 12.507387029999999 -0.32048288999999996 -2.199828 -1.541936 1.75879
12900 0.89797797 11.731102110000002 -1.65330873 -1.850918 -1.705339 1.826598
12920 -2.08231965 9.86089428 -1.12656078 -1.635358 -0.630514 2.181376
12940 -3.5375939100000005 3.44149515 1.80254826 -3.3526910000000005 1.069538 2.370164
12960 -2.85246351 1.7812998 -1.29031911 -3.313172 0.301383 1.826632
12980 0.28276344 0.9005285700000001 -2.43423378 -1.1488200000000002 -2.780485 0.4911930000000001
13000 1.5471841500000003 -1.27594746 -3.3436011600000004 2.03593 -5.8139379999999985 -1.846649
13020 -0.93570723 -1.3810321799999998 -1.0611477 1.035418 -0.733632 -2.046018
13040 -0.05583852 -1.0145894400000002 -0.05403348 3.452596 -1.515521 -2.016382
13060 -0.16390548000000002 0.53169219 -2.0767770000000003 0.556366 5.735942 -0.07396699999999999
13080 -1.5447905100000001 2.3137375500000004 -4.5867636 1.444008 5.12098 0.03023
13100 -5.9124085200000005 8.13708108 -4.934037600000001 0.4635220000000001 -2.654821 -0.6289520000000001
13120 -6.111786960000001 12.11999994 -6.18424362 -1.141581 -2.009691 0.601351
13140 -5.989348350000001 13.12007058 -9.29641707 -1.431388 -0.203275 0.6589689999999999
13160 -4.5924534 13.990953330000002 -9.138495690000001 -1.44466 -0.589853 0.375225
13180 -4.19307849 13.08788397 -9.80626239 -1.952467 -0.600793 0.3546
13200 -2.03456457 9.623786579999999 -11.208543030000001 -2.043268 -0.866783 0.351102
13220 0.11346246 6.9370237800000005 -10.233321120000001 -2.236361 -0.256241 0.483567
13240 0.45699885 6.32524275 -7.34207868 -2.266464 0.5113880000000001 0.35205
13260 0.61761798 6.7876371 -2.9802976200000004 -1.972424 -0.247457 -0.076485
13280 -0.99452799 8.956176840000001 1.80854217 -1.732116 -1.428521 -0.365986
13300 -5.263359300000001 8.16656994 3.23237538 -1.2629780000000002 -0.692499 -0.751417
13320 -6.068976120000001 3.3521260500000007 -0.6556317300000001 -0.7038810000000001 0.564359 -0.927515
13340 -7.8200415 5.80852062 5.58384219 0.026844 -0.406522 -0.924372
13360 0.96908085 12.936250800000002 2.8219347900000002 0.787068 -0.8222 -0.995441
13380 3.6473187600000005 40.76563158 -26.537266440000003 1.559854 -2.037807 -1.100649
13400 6.6404871000000005 17.56133226 6.8034998700000004 2.304791 -2.251204 -1.128287
13420 -2.2270662000000003 5.6974518 -6.302493360000001 2.602721 -1.952687 -0.648025
13440 1.437165 12.21385221 -4.26552534 2.6338630000000003 -0.476025 0.075623
13460 3.3763763700000005 13.24714932 -3.2686037100000003 2.718527 1.6430330000000002 0.212368
13480 -0.89514288 9.85400766 -2.68900929 2.683851 1.061682 0.702117
13500 -1.6747141500000002 7.72617942 -2.17587762 1.976787 -2.267649 0.868087
13520 -0.24174783000000002 6.10864776 -1.00665315 1.542846 -3.4059230000000005 0.8515590000000001
13540 0.7445495700000001 6.24561498 -1.36126503 1.348762 -3.178849 1.774993
13560 1.76168961 5.93350983 -0.3150972 1.179201 -3.660405 2.4666330000000003
13580 2.43603882 5.984855370000001 -0.5881291200000001 1.490285 -4.054238 2.64984
13600 0.58049694 7.1263764 -2.7366074100000004 1.311164 -3.543497 2.420403
13620 -1.29031911 8.589891060000001 -3.9472889400000004 0.6855020000000001 -3.322547 1.788704
13640 0.11765133000000001 8.54782578 -3.39478974 0.232685 -3.710879 1.259405
13660 0.46642626 8.47641879 -2.85171795 0.034521 -4.036732 0.8685370000000001
13680 -0.51837021 9.266035500000001 -2.71594755 -0.093517 -3.883731 0.54698
13700 0.5809383900000001 7.601945580000001 -0.54426861 -0.181466 -3.27632 0.306306
13720 -0.28231218 6.9903117 -1.33222743 -0.264773 -2.407586 0.24479
13740 -1.85943645 8.489142359999999 0.6286934700000001 -0.19112 -1.74819 0.183571
13760 -1.1843416800000002 14.616350640000002 0.6203059200000002 -0.111046 -1.095166 0.111723
13780 -0.7738912800000001 22.773346019999998 0.8900514900000001 -0.093418 -0.696962 0.148723
13800 -2.6776296900000003 23.2233111 1.33567074 -0.13842000000000002 -0.60478 0.045742000000000005
13820 -3.17220084 16.3229571 0.93016458 0.452874 -1.548465 -0.237339
13840 -0.23696055000000005 17.31314907 -2.21958117 1.230905 -1.927365 -0.197236
13860 2.4536968200000002 16.056664650000002 -5.376517649999999 1.375319 -1.46917 0.17813199999999998
13880 2.16210438 16.681159440000002 -3.1829820300000002 1.215818 -1.891046 0.588824
13900 1.38701628 18.39210192 0.27078543 1.2896299999999998 -3.16686 0.694592
13920 -1.12760064 16.92201456 1.5892494300000002 0.8672629999999999 -1.681704 0.487845
13940 -4.43093175 10.29184758 1.4147099099999998 1.414914 -0.295295 2.286643
13960 -3.43999422 5.09241024 0.20312586 -0.211319 0.475589 1.926055
13980 -0.94962762 4.265231040000001 0.017667810000000003 -2.041647 0.6320319999999999 -0.175304
14000 0.15897105 4.798424160000001 1.1937690900000002 0.123699 -6.129 -1.852125
14020 -0.14909238 5.15288889 2.16824544 1.268533 -6.600822 -2.334905
14040 -1.58415804 5.056181909999999 2.14474068 -2.598925 2.457916 0.306641
14060 -3.0602393100000005 4.625385570000001 1.4126105700000002 -4.032035 5.452523 0.986069
14080 -2.76924528 3.63383982 0.11166723 -2.157972 2.555459 0.572379
14100 -2.68631154 4.181551740000001 -1.72336194 -0.582499 -1.7538900000000002 0.615611
14120 -3.3690483 5.483093490000001 -3.3175556100000003 -0.916364 -2.489628 0.8129109999999999
14140 -4.0878466200000005 7.504493040000001 -5.2340175900000006 -2.23568 -1.650936 1.0771540000000002
14160 -3.4835604300000003 9.914633460000001 -8.61338601 -2.537172 -0.613334 1.066241
14180 -0.9090632700000001 12.84987375 -10.145305800000001 -2.156116 0.142621 0.833993
14200 -0.32931189000000005 11.931834330000001 -9.62632737 -1.744327 0.728524 0.477196
14220 -1.2404745000000001 9.254057490000001 -9.565260120000001 -1.7018810000000002 1.225455 0.31235
14240 0.029341710000000003 11.55641544 -7.453451610000001 -1.605091 0.8939299999999999 0.284609
14260 0.45116190000000006 19.86533829 -3.65225319 -1.330671 -0.695547 0.068508
14280 9.33683427 28.11588183 6.22585764 -1.100467 -2.2905990000000003 -0.04748
14300 5.39837433 10.1746377 7.14853719 -1.320498 -2.0281 0.032899
14320 -5.07399687 -2.3397831 8.29784736 -1.29508 0.645235 0.137542
14340 -12.994326000000001 -2.1375597600000003 -2.67209685 -0.323552 2.308414 -0.242363
14360 -3.7854828 10.29005235 -5.301824310000001 0.171843 0.575049 -0.6308560000000001
14380 2.1517744500000004 18.06159321 3.0919746600000004 0.426422 -0.902462 -0.591933
14400 3.67934841 14.7614013 1.36366848 0.368358 -1.144463 -0.495888
14420 2.68541883 13.344297749999999 0.21166056000000003 0.69897 -0.500849 -0.296783
14440 0.80173206 12.72683673 -3.0103947 1.692539 0.294464 -0.5130520000000001
14460 0.16585766999999998 10.958260500000002 -1.03015791 2.345976 0.55471 -0.360338
14480 -0.40521186000000003 7.2473336999999995 -0.76790718 2.547128 -0.066786 -0.158379
14500 -1.15724646 5.7154139100000005 -0.97612443 2.694305 -0.8733799999999999 -0.240707
14520 -0.7744896900000001 6.152057010000001 -0.92193399 3.187901 -1.486239 -0.054876
14540 -0.1505835 6.24590928 0.18905832000000003 3.242259 -1.213798 0.231438
14560 0.16630893 5.956416180000001 1.32624333 1.823513 -0.185027 0.732956
14580 0.44068482 7.28041302 3.41365437 0.5949180000000001 -2.359405 1.301864
14600 -0.049246200000000004 8.5493169 3.0448179900000003 1.37737 -3.95684 1.03698
14620 -0.8671451400000001 8.93013129 1.30873248 2.094224 -4.829111 0.901031
14640 -1.1719124099999998 10.767406950000002 -1.55167713 2.495858 -4.946784 0.6764560000000001
14660 -1.68040395 11.676470220000002 -4.04833194 3.212787 -3.415952 0.31417
14680 -1.2513930300000002 12.64315743 -2.21658912 3.636025 -2.303353 -0.164999
14700 0.37736127 11.90190402 -1.41635799 2.716092 -2.21234 -0.016649
14720 3.0557463300000003 12.378208950000001 1.43281917 1.372963 -1.779907 0.63144
14740 2.52943983 13.472887230000001 1.32923538 0.968453 -1.870844 0.812465
14760 1.62996093 14.45378913 -1.5946351200000002 0.523147 -2.097672 0.913263
14780 1.19616273 14.3017047 -1.78324218 0.152203 -2.068392 1.10505
14800 2.1902492700000002 12.98100402 0.74005659 -0.274336 -1.926665 1.1969610000000002
14820 1.7754530400000001 12.76680267 3.7224633600000003 -0.711879 -1.522288 1.150658
14840 -0.18471249 9.955796220000002 2.0872638900000005 -1.160754 -0.88526 1.008906
14860 -2.6292860100000004 10.202184180000001 1.96586514 -1.63009 -0.462654 0.694233
14880 -2.8741730400000005 12.15817065 -0.00194238 -1.80981 -0.19011 0.359343
14900 -0.28965006000000004 14.019245370000002 1.3939029000000003 -1.543333 0.182953 0.074443
14920 1.40213349 13.84500996 1.1951130600000002 -1.09774 0.346378 -0.15445799999999998
14940 1.8628797600000002 13.37528754 0.24818319 0.398701 -1.272312 -0.251958
14960 1.23523596 12.657381930000001 1.34734464 1.839053 -2.942171 -0.026113
14980 1.5786153900000002 10.63822887 2.01076551 1.908887 -1.430486 0.430705
15000 1.7917768800000002 9.04688991 2.86833609 1.5800299999999998 -2.955593 0.62371
15020 1.2582796500000002 7.399408320000001 3.8723013000000006 -0.942368 -1.45713 0.508031
15040 0.45535077 8.14321233 0.44262720000000005 -1.895879 0.89792 1.136082
15060 -2.17932093 6.0394872600000005 -3.8513373300000002 -0.472834 -0.591828 1.357302
15080 -1.34136054 6.17779845 -1.56424374 -0.164138 -2.071068 0.983203
15100 0.36119439 6.54274026 -0.38005902 -0.35787800000000003 -0.866859 -0.290877
15120 0.56897019 6.730003350000001 -0.74155752 -0.1892 -0.343866 -1.22079
15140 0.08876088000000001 6.43137714 -0.7545852000000001 -0.328587 -2.508526 -1.095076
15160 -0.39952206 5.61392946 -0.63123426 -1.392702 -2.098738 -0.354211
15180 -1.2939095699999998 5.65643619 -0.7625116799999999 -0.948417 2.507166 -0.119864
15200 -2.289192930000001 5.8594149 -1.2726513 -0.645859 4.095405 -0.094149
15220 -2.0959457400000003 6.4635637500000005 -1.6697797200000002 -0.8804190000000001 1.076256 0.414419
15240 -1.8546393600000002 7.93065906 -2.7146035800000003 -0.7479859999999999 -1.914802 0.24078400000000005
15260 -1.9719963900000002 9.645192 -4.89317895 -0.530779 -2.33918 0.152046
15280 -2.2709267100000003 13.970146320000001 -7.137461699999999 -0.56105 -1.330851 0.300093
15300 -2.5824334500000004 18.54179271 -8.50785984 -0.690238 -0.218991 0.483637
15320 -0.0025407900000000002 12.662022060000002 -7.713308700000001 -0.5289689999999999 0.410617 0.602529
15340 1.13254488 6.39081279 -7.90865523 -0.203133 0.766262 0.625714
15360 0.39832524 9.46421712 -9.306599850000001 0.267341 0.7018989999999999 0.32998
15380 2.63572137 19.41941493 -1.8077868000000001 1.147732 0.357385 -0.058671
15400 5.52156831 18.70929846 9.752366250000001 2.125707 -0.410148 -0.505919
15420 4.784346810000001 5.849084970000001 9.33234129 3.353076 -0.6910430000000001 -1.120827
15440 1.30678029 1.8356373900000003 6.64423452 3.344347 -0.799517 -1.425192
15460 -2.74947813 4.7642951700000005 4.37929191 2.665225 -2.465982 -1.5421
15480 -6.52927113 8.57282166 -1.4126105700000002 3.055956 -3.366629 -2.024258
15500 -6.33542553 13.193567100000001 -6.792130080000001 3.425675 -0.4134850000000001 -1.330047
15520 -2.31299199 14.797031220000001 -4.91846913 2.089123 1.286545 -0.4015260000000001
15540 4.1990724 12.90825306 1.9429587900000003 1.188068 -0.14563800000000002 -0.040653
15560 6.317610570000001 10.276730370000001 2.5810796700000003 1.141472 -1.227796 0.225327
15580 1.10709774 9.23310333 -0.36823797 0.926834 -1.247273 0.486636
15600 -0.86205375 9.437278860000001 -0.9623511900000001 0.550265 -0.6159100000000001 0.6327470000000001
15620 0.07005321 8.391101220000001 -1.74267783 0.022681 0.010043 0.6645800000000001
15640 0.13337676 8.62925859 -2.60443728 -0.5345340000000001 0.38815 0.631361
15660 0.30297204000000005 9.02862369 -2.43154584 -0.8926569999999999 0.684558 0.61032
15680 0.16016787000000002 9.070983270000001 -2.6381150100000004 -0.989459 0.8039810000000001 0.6661060000000001
15700 -0.60219666 8.416097100000002 -2.8557596700000003 -1.155695 0.634022 0.688664
15720 -1.2156257700000002 7.842643740000001 -4.0490775 -1.583406 0.420223 0.446669
15740 -1.1036544300000002 7.863597899999999 -4.8238713 -2.010182 0.046201 0.311707
15760 -1.6898313600000001 9.61450632 -5.004394919999999 -1.956138 -0.292666 0.292223
15780 -2.65278096 11.507767650000002 -4.643190720000001 -1.737556 -0.339164 0.275649
15800 -4.56505407 12.752578170000001 -0.50235048 -1.185825 -0.369594 0.214381
15820 -5.23057428 14.081372100000001 3.8628640800000005 -0.76231 -0.30744 0.287762
15840 -4.1415858000000005 14.000832 3.62142036 -0.5642520000000001 -0.15144100000000002 0.531432
15860 -0.91639134 14.94402426 -0.34952049 -0.216884 -0.360885 0.6591090000000001
15880 0.98540469 14.1855543 -6.24217167 -0.25034 -0.362172 0.743266
15900 -0.98375661 12.770393129999999 -6.780750480000001 -0.482499 -0.079822 0.931426
15920 -3.5675340300000005 10.411902360000001 -3.0021543000000004 -0.744429 0.171952 1.066006
15940 -3.24569736 8.45157006 -1.4419522800000002 -0.726966 -0.22033000000000005 0.583795
15960 -2.18365695 5.63758137 -1.4461411500000003 -0.350271 -0.719283 -0.173509
15980 -1.55945646 3.21096996 -1.40213349 -0.6970930000000001 0.066772 0.156347
16000 -1.0747639800000002 2.3441289300000006 -1.03285566 1.029159 -2.858726 0.32063600000000003
16020 -1.10350728 2.49920541 -0.97222986 3.890205 -3.007121 -0.213596
16040 -0.6599775600000001 3.48055857 -1.23717834 0.335104 7.726019 0.348158
16060 -0.89438751 3.6516547800000003 -1.9505909700000001 -0.29797 1.503439 -0.091602
16080 -1.9230543000000002 3.2407629300000003 -2.5030901700000006 -1.158813 -0.767043 0.216147
16100 -2.7674402400000004 2.5165691100000003 -2.2829047200000003 -2.284705 0.166968 0.983683
16120 -2.6548803000000003 2.9479736700000005 -1.2231108000000002 -1.2455459999999998 0.218432 0.799664
16140 -2.02603968 4.3024992300000005 -1.16293626 -1.233384 0.594147 0.604851
16160 -0.7960422600000001 7.418871360000001 -2.83870008 -0.951662 -0.465329 0.242845
16180 -0.6409657799999999 9.837095220000002 -5.58712854 -0.130387 -0.555497 -0.031177
16200 -1.25633727 10.567420290000001 -5.742361980000001 0.507262 0.081216 -0.502898
16220 -1.96436421 9.5148171 -4.67987031 0.368643 1.11676 -0.672904
16240 -2.65997169 8.120315790000001 -3.0874816800000002 0.044781 2.194789 -0.65091
16260 -3.06292725 7.170835320000001 -1.98547533 0.369644 2.808235 -0.628063
16280 -3.05799282 6.321357990000001 -1.33866279 1.014396 1.6970459999999998 -0.627476
16300 -3.2825241000000003 6.14366946 -0.5697157500000001 1.649541 -0.117234 -0.616442
16320 -4.846620690000001 9.53262225 -0.61896195 2.468465 -1.0157459999999998 -0.938583
16340 -2.04728814 14.294229480000002 3.6730602 3.216662 -1.7807130000000002 -1.295572
16360 4.86323883 16.41441573 -3.27773682 4.130138 -2.130746 -1.930744
16380 1.59508638 39.040915860000005 -17.94588426 4.22287 -1.021882 -1.989201
16400 0.77613777 17.353713420000002 -7.066957230000001 2.600839 1.344352 -1.44702
16420 -1.3498952400000002 3.4968824100000004 4.333184910000001 2.374256 -0.908328 -0.281354
16440 -2.8294198200000005 8.27329293 -1.6976205000000002 2.087604 -1.070314 -0.283149
16460 4.39545879 8.9335746 1.8627228 1.3696469999999998 0.234491 -0.420159
16480 3.66692895 12.466371420000002 -0.7370645400000001 0.497067 -0.190677 -0.166131
16500 -0.27557271000000005 9.334293480000001 -0.28396026 -0.354811 -0.379989 0.228744
16520 -1.3338755100000002 5.9580642600000004 0.08756406 -1.107185 0.251387 0.430983
16540 -1.88173458 5.479051770000001 -0.67764537 -1.855561 0.577048 0.625096
16560 0.22887711000000002 6.431828400000001 -1.6727717700000002 -2.046131 0.4350520000000001 0.8685700000000001
16580 -0.89648685 6.586002360000001 -3.6989586 -2.227989 0.143582 0.922152
16600 -2.56566816 5.576200200000001 -4.45353399 -2.706779 -0.036813 1.161525
16620 -1.03614201 5.495218649999999 -2.84049531 -3.27413 0.218946 1.363402
16640 0.97612443 6.57342594 -1.95822315 -3.502199 0.313325 1.40228
16660 1.3073787000000001 7.71271029 -2.88959436 -3.2789050000000004 0.095433 1.3528440000000002
16680 0.6912616500000001 7.79055264 -1.3687500600000002 -2.767863 -0.307181 1.427433
16700 -0.01078119 8.177792580000002 -2.45833695 -2.156888 -1.085727 1.919807
16720 -2.30699808 10.647205020000001 -1.51290801 -1.337607 -1.142872 1.647865
16740 -4.83150348 13.226195160000001 -2.40909075 -0.278416 -1.962558 1.118999
16760 -5.743853100000001 14.575639140000002 -7.58652426 1.783222 -3.083406 -0.089347
16780 -3.3623088300000004 18.48551274 -9.83140542 1.258623 -0.106093 -1.464151
16800 1.00501488 18.887271480000003 -5.7956499 4.526354 -4.539073 -4.201271
16820 -0.83032821 14.37835023 -4.5972406800000005 2.353801 11.836725 -0.553134
16840 -6.5388555 7.5636179100000005 -3.0446708399999998 -1.304932 1.4925700000000002 0.5679489999999999
16860 -2.34846495 4.70037321 -5.04854973 1.553095 -5.33725 -0.757841
16880 -1.2928599000000003 3.1696600500000005 -5.69491101 -1.692932 0.313141 1.211956
16900 -0.9412400700000001 2.03441742 -5.1566265 -0.788899 1.991377 1.3870360000000002
16920 -0.93630564 3.8884681800000003 -3.4757712900000004 -1.069308 1.323129 0.911643
16940 -1.83114441 4.32495432 -1.8209616300000002 -0.949288 -0.822464 0.307412
16960 -2.7416988 2.93943897 -1.15499997 -0.5524439999999999 -1.359683 -0.22217
16980 -2.79154341 1.6878889799999999 -0.7628157900000001 -0.431715 -0.367395 -0.455471
17000 -1.9097323200000003 2.4872274 -1.6232214600000001 -0.23077 0.8221379999999999 -0.53464
17020 -0.37227969 4.6707372000000005 -2.28843756 0.313049 1.214353 -0.787717
17040 0.73258137 8.94255075 -3.3564718800000004 0.923464 1.26213 -1.009978
17060 0.72374256 12.316239180000002 -3.9460921200000003 1.563589 0.8281799999999999 -1.2025709999999998
17080 0.6918600600000001 10.924877069999999 -2.1920445 2.046151 -0.000567 -1.6297
17100 -2.21943402 6.866225010000001 -2.00387889 2.106487 -1.910246 -1.77211
17120 -4.71849228 5.232222360000001 -0.9457330500000001 2.98977 -4.032635 -2.446883
17140 -6.9349244400000005 7.81868772 -3.4102110600000004 3.565264 -2.335274 -2.506995
17160 -7.63412238 12.54915801 5.979165570000001 2.990031 0.302066 -2.2046080000000003
17180 -3.2787864900000003 38.65456863 -18.827401050000002 1.582948 -0.251741 -2.0844720000000003
17200 13.70505069 17.22049362 6.436311570000001 1.7142689999999998 -0.609236 -1.5094610000000002
17220 -8.29290312 7.7347141200000005 -0.7743425400000001 0.670652 0.878336 -0.451504
17240 0.76760307 9.386227620000001 -3.4775665200000003 0.019169 0.512149 0.045411
17260 10.09141947 13.84800201 -3.36575214 -0.8955049999999999 0.780263 0.389055
17280 1.56080043 15.996637259999998 -5.27068737 -1.586156 1.3127209999999998 0.765972
17300 -1.80359793 9.873313740000002 -1.09482543 -2.285888 1.255023 1.148923
17320 -3.78398187 7.3786013100000005 -2.1116613600000003 -2.924325 1.513503 1.264841
17340 -2.3932279800000003 5.7725964 -2.6180535600000003 -3.203503 1.822474 1.496436
17360 -1.58969088 6.38512299 -4.80875409 -3.171969 1.634254 1.65179
17380 -2.03067981 7.528292100000001 -5.8643591399999995 -2.97491 0.697919 1.736619
17400 -0.6468027300000001 6.59917719 -5.686376310000001 -2.602587 -0.438014 2.033368
17420 -0.32452461 5.97586941 -4.538262960000001 -1.968505 -1.634782 2.664241
17440 -1.05635061 6.000875100000001 -4.04414307 -2.43106 -1.671901 2.757197
17460 -1.3675532400000001 5.4088514100000005 -1.57083606 -2.0058580000000004 -1.6426349999999998 1.465445
17480 -1.30214016 5.10183765 0.67884219 1.265433 -2.259015 -0.139954
17500 -2.5806382200000004 7.3327984200000005 0.22019526000000003 2.471953 -1.7202259999999998 -2.188544
17520 -2.1814104600000004 8.19290979 0.8617594500000001 5.124984 -7.715741 -3.119456
17540 -0.35776089000000005 11.952042930000001 -4.19278419 1.6397990000000002 9.421823 -1.018635
17560 -3.20632983 17.284552920000003 -8.09112123 0.06667100000000001 5.399189 -0.41665
17580 -4.837938840000001 13.35493179 -4.42839096 0.153186 -2.169076 -0.887048
17600 -7.12368846 9.361683000000001 -7.39088343 -0.7307 -1.860559 0.247244
17620 -5.65882983 8.04906576 -4.2152392800000005 0.521567 -0.062197 0.449171
17640 -5.288502330000001 4.465512 -5.861661389999999 1.075968 0.10391 -0.011845
17660 -3.056796 3.2784823800000003 -5.00528763 1.484316 0.193062 -0.814547
17680 -2.24817732 3.64492512 -4.781060460000001 1.781237 0.052160000000000005 -1.266286
17700 -2.22168051 4.42748844 -4.03919883 2.286739 0.33955 -1.645547
17720 -2.8946759400000004 4.43453202 -2.44142451 1.682164 0.144834 -1.44549
17740 -3.12879159 5.19539562 -1.7970154200000001 1.450683 -0.903119 -1.314373
17760 -2.03531994 6.81652755 -2.7930443400000002 2.255566 0.102003 -1.354904
17780 -0.20642202000000004 9.23968584 -4.777470000000001 2.613073 -0.184451 -1.424679
17800 2.66535738 7.321575780000001 -4.956796800000001 0.526662 -0.064252 -1.170215
17820 4.24607211 1.65885138 -1.55795553 -0.717295 0.478028 -0.639079
17840 1.55048031 3.53864358 2.6289819000000003 -1.687976 1.15212 -0.007926
17860 -0.99872667 5.22114687 2.3140416600000004 -1.9822 1.6766470000000002 0.942201
17880 -5.58069318 14.90779593 -0.5441214600000001 -2.110352 1.181927 1.4269120000000002
17900 -11.46076794 30.836479320000006 -14.596446150000002 -2.465081 0.837242 2.150199
17920 -4.73660154 28.00032003 -12.188856330000002 -2.876208 -0.100326 2.005387
17940 11.015295840000002 3.3531757200000003 1.5073653599999999 -2.788975 -0.17618499999999998 1.985797
17960 -7.95730302 11.731102110000002 -5.1919523100000005 -2.463595 1.2650860000000002 2.247938
17980 3.4757712900000004 8.828342730000001 -0.45400680000000004 -3.875665 2.661702 1.864543
18000 4.416265800000001 15.469133940000003 -4.555626660000001 -4.433982 3.231713 1.793683
18020 0.46762308 13.20419133 -6.993303750000001 -3.566446 1.422713 1.615122
18040 -4.265231040000001 9.14059503 -5.89160151 -2.037417 -1.782505 0.5082770000000001
18060 -3.8583809100000006 6.36326631 -3.5042104800000002 1.326968 -5.439553 -1.351085
18080 -2.56895451 5.536538370000001 -1.5575140800000002 3.39235 -7.547288000000001 -2.718373
18100 -3.04916382 3.2602161600000006 0.40820391000000006 2.7010560000000003 -2.709689 -2.165379
18120 -3.21740532 2.31119676 0.15043635 1.244391 7.6314449999999985 -0.763798
18140 -1.5825099599999999 2.74274847 2.0670552900000003 0.353891 5.426744 1.232519
18160 0.18411408 2.70173286 0.10298538000000002 2.746424 3.338859 0.211458
18180 1.2205602 4.757104440000001 -4.47539067 -0.110629 -6.040511 -1.134961
18200 -2.1136037400000003 6.6171393 -8.17839099 -1.7769720000000002 -3.082592 0.129339
18220 -2.10102732 8.453816549999999 -5.2097672699999995 -1.538902 1.126315 0.986595
18240 -5.88156588 11.69876835 -4.6994805 -1.213433 1.110392 0.956842
18260 -6.377932260000001 15.159873690000001 -6.14771118 -0.738402 -0.483042 0.491116
18280 -7.64370675 9.1937358 -7.92960939 0.078313 -0.758288 -0.380905
18300 -5.48354475 6.00880158 -10.748846430000002 0.658275 -0.50955 -0.7489140000000001
18320 -1.10035827 4.558765860000001 -11.67661737 0.109476 -0.044577 -0.6678850000000001
18340 1.21472325 4.88673378 -7.450901010000001 -0.269698 1.343496 -0.610356
18360 1.9610680500000002 5.78457441 -2.97237114 0.093095 1.527848 -0.673219
18380 1.4003382600000003 11.402839890000001 0.6899176800000001 0.545496 0.27487399999999995 -0.746434
18400 -2.55009969 11.05167132 3.3552750600000003 1.114356 -0.782179 -0.898134
18420 -4.70037321 8.05878747 3.71527263 1.7506700000000002 -1.056666 -1.271488
18440 -6.349051620000001 5.9065715700000005 4.511020590000001 2.159727 -1.604003 -1.679195
18460 -8.045465490000002 9.38802285 -4.794382440000001 3.218894 -2.464028 -2.243262
18480 -6.431828400000001 10.595113920000001 -0.12708855 3.484777 -1.458292 -2.236284
18500 4.4626671 22.01261976 -28.188181530000005 2.231466 0.180884 -1.612615
18520 9.055414800000001 38.09323062 -9.35464923 1.74068 -0.780055 -0.906581
18540 -0.7927559100000001 11.50178355 6.434369190000001 1.66379 -0.4467 -0.555032
18560 -4.19562909 2.84647941 4.58975565 1.454983 -0.970465 -0.195828
18580 -0.61776513 5.2551189 -5.34059343 0.981483 -0.697026 0.032318
18600 6.292761840000001 11.140137900000001 -3.87020196 0.134151 0.261355 0.325342
18620 3.3120129600000006 15.17768865 -2.25116937 -0.30240100000000003 0.275429 0.381026
18640 0.11601306 8.73913059 -1.68519123 -0.7122609999999999 0.234366 0.6153609999999999
18660 -2.34322641 5.576651460000001 -0.62809506 -1.053074 0.363506 0.8499610000000001
18680 -3.47247513 4.444253730000001 -1.01369673 -1.447511 0.166965 1.057897
18700 -2.41657578 6.002366220000001 -4.0576122 -1.942566 0.199545 1.331067
18720 -1.35258318 6.592290570000001 -5.981706360000001 -2.288323 0.619657 1.532144
18740 0.2803698 5.43175776 -4.797227340000001 -2.40257 0.419553 1.589286
18760 0.67210272 6.59633229 -3.120561 -2.449442 -0.297132 1.5685129999999998
18780 0.7530842700000001 7.40809017 -2.05253649 -2.540064 -0.832241 1.732003
18800 0.04909905 6.95888046 -2.54964843 -2.882223 -0.94207 1.7885060000000002
18820 -0.9394448400000001 6.696924030000001 -1.7944648200000002 -2.588356 -1.032636 2.070549
18840 -1.67157495 8.40547287 -0.9029222100000001 -1.820218 -0.418146 1.981124
18860 -2.5828749 12.45560004 -1.58430519 -1.181779 -1.001401 1.299464
18880 -3.7940076900000004 13.863570480000002 -4.17676446 -0.394021 -1.116578 0.383238
18900 -5.699992590000001 16.56963936 -8.66997009 1.414388 0.716051 -2.06873
18920 -3.90179016 17.88855462 -7.11799866 1.769405 -2.055336 -1.693094
18940 -4.24382562 18.059797980000003 -3.99549528 0.709354 -3.521788 -0.883566
18960 -7.132370310000001 11.052868140000001 -3.22144704 0.252587 11.380453 0.285215
18980 -2.5706025900000005 4.8298554000000005 -3.6181242 0.476947 1.540758 0.8249559999999999
19000 -1.6001679600000003 2.4974101800000006 -4.94616276 0.245583 -2.477872 0.32963000000000003
19020 -1.68848739 2.83645359 -4.63151682 -0.651126 -2.548542 0.132245
19040 -2.00238777 5.20048701 -3.8757446100000004 -0.980553 -1.013626 0.187798
19060 -3.3774260400000005 5.209168860000001 -2.5114777200000002 -1.123237 0.8366370000000001 0.075472
19080 -3.6830958300000005 5.27548446 -1.65031668 -1.099286 0.904886 0.037095
19100 -3.6585414000000003 5.33370681 -2.28020697 -0.823606 0.050525 -0.199166
19120 -3.13134219 5.389241220000001 -3.55555602 -0.68933 -0.184559 -0.400889
19140 -2.20551363 5.063519790000001 -4.8819465 -0.793296 0.184388 -0.40102
19160 -1.3494439800000002 5.300774639999999 -5.19285483 -0.743449 0.7618699999999999 -0.469778
19180 0.23172201 5.68817154 -4.37599575 -0.8239139999999999 1.166834 -0.43988
19200 0.93855213 8.58210192 -1.83502917 -0.385044 1.234505 -0.693275
19220 0.01377324 10.006543350000001 -1.0741655700000001 0.16061 0.489596 -0.829514
19240 -0.84753495 7.871681340000001 -0.68796549 0.523482 -0.688718 -0.847902
19260 -2.50698474 5.7507397199999994 -1.4289246 0.997647 -1.818311 -0.892281
19280 -3.33521361 5.16157074 1.7648288100000002 1.589698 -2.031571 -1.0876290000000002
19300 -6.83898264 9.73396269 1.8990982800000002 2.356395 -1.993316 -1.195555
19320 -15.823892970000001 19.39786236 -3.1115750400000004 2.734677 -2.183685 -0.8038350000000001
19340 -2.3285604600000003 26.446857480000002 -10.887461730000002 2.537179 -0.404133 0.295978
19360 25.804989180000003 14.51007891 8.36984295 2.079314 1.94136 1.01937
19380 6.57806607 22.76136801 -17.739756540000002 1.509301 -1.311617 1.153084
19400 -6.5547182699999995 13.01752665 2.5394656500000004 1.789834 -4.052017 1.0378459999999998
19420 -2.3441289300000006 8.92099818 -0.8873537400000001 1.661644 -3.153593 0.7836989999999999
19440 0.11256975000000001 8.443496430000001 -1.91361708 1.344294 -1.075506 0.592949
19460 0.5490558900000001 7.4919166200000005 -0.18860706000000002 0.872172 -0.94503 0.607644
19480 -0.22812174000000002 6.782241600000001 -0.5201654400000001 0.77203 -1.7599200000000002 0.948751
19500 -0.39352815 6.54349563 -1.92454542 0.960783 -3.269698 1.121852
19520 -0.07349652000000001 5.98770027 -1.88368677 1.083103 -3.942912 1.0060639999999998
19540 0.6192660600000001 6.02152515 -2.48708025 1.188046 -3.623678 1.002116
19560 1.5126039000000002 5.93246016 -2.9776096800000005 1.063124 -2.869283 1.065438
19580 1.52353224 6.050415600000001 -3.89550195 0.960352 -2.225537 1.074577
19600 1.17999585 6.711589980000001 -3.90762711 0.745868 -2.346734 1.199285
