time Ax Ay Az Gx Gy Gz
20 -3.13403013 14.81004909 5.2058727 -1.274385 -1.066591 -0.962525
40 -5.645213550000001 14.43732795 0.7810722000000001 -1.199571 -0.462179 -0.861296
60 -5.444030070000001 12.28749588 1.4105210400000001 -0.846059 0.427841 -0.763827
80 -4.67717256 10.956612419999999 0.82418715 -0.154782 0.257851 -0.677596
100 -4.27271607 9.35644446 -0.025751250000000003 0.298266 -0.06108300000000001 -0.433673
120 -3.1663638900000004 6.999896070000001 -0.34353639 1.2324389999999998 -0.299185 -0.574257
140 -1.5173911800000002 5.698197360000001 -0.30252078000000004 2.232871 -0.379219 -0.341772
160 -1.47877902 4.8759624 -0.42616602000000003 3.086081 -0.777877 0.044986
180 -2.40564744 4.32779922 -0.35640711 3.787741000000001 -0.348801 0.558879
200 -2.51372421 4.22990523 0.00673947 3.98092 -0.5942810000000001 0.774187
220 -1.6069074300000001 5.22802368 -0.32527017 3.570802 -0.199502 1.504685
240 -1.1976636600000001 6.145317540000001 -1.58879817 2.90301 0.954812 1.927967
260 -1.10979549 8.10654255 -2.58048126 1.982029 1.379625 1.453108
280 -2.32256655 11.213183160000002 -2.19324132 1.239328 0.212114 1.0242639999999998
300 -0.32856633 12.828174030000001 -2.1953308500000004 0.992063 0.245138 1.238275
320 -0.49921128000000003 12.960795420000002 -5.0983943400000005 0.978664 0.657273 1.547438
340 -1.4461411500000003 14.87232297 -5.7830734800000005 0.8003939999999999 -0.654004 1.6824689999999998
360 1.34959113 18.61215003 -2.4417188100000002 1.128965 -1.979712 1.79008
380 2.57165226 18.272204100000003 -1.15155666 1.273299 -2.387149 1.790543
400 -2.3246658900000003 15.621218370000003 -0.57794634 1.243998 -3.070667 1.452587
420 -3.9770819100000003 13.37753403 1.1076961500000004 1.021126 -3.052929 1.206385
440 -1.1373321599999997 12.714260310000002 4.885841070000001 0.883467 -3.211628 1.052871
460 -3.5212798800000003 14.887440180000002 8.045024040000001 0.94485 -3.633395 0.979065
480 -5.95895697 16.13734209 5.670660689999999 0.72072 -3.500175 0.8918709999999999
500 -6.08080698 14.161451130000001 1.3320802800000002 0.36898 -3.05219 0.788427
520 -4.01734215 12.08092671 0.44846415 0.01708 -2.44743 0.639916
540 -1.6573504500000003 10.93386303 0.18621342 -0.211557 -2.04407 0.400657
560 0.62943903 10.14724818 1.6730660700000002 -0.292148 -1.957518 0.138268
580 0.8255311200000001 10.25936667 2.7339194700000005 -0.29694 -2.030227 -0.056088
600 -0.3210813 9.19642374 1.7305526699999998 -0.141672 -2.2105200000000003 -0.125275
620 -2.5165691100000003 7.05588174 2.14743843 0.22496 -2.721194 -0.075058
640 -3.04062912 5.52426606 3.1530419100000002 0.416691 -2.706111 0.248865
660 -3.6098936100000003 5.879476350000001 2.9056042800000004 0.367814 -1.888899 0.786928
680 -3.15109953 6.84481959 2.42391366 0.240957 -0.929437 1.250557
700 -2.8252211400000005 6.65605557 2.08636137 -0.143427 -0.345993 1.6648
720 -2.70023193 6.2942627700000005 1.66304025 0.234035 -1.421748 1.826911
740 -2.90426031 6.10999173 0.72838269 0.328722 -2.2104220000000003 1.571142
760 -3.1115750400000004 6.492748500000001 -0.36389214000000003 0.06425499999999999 -2.314652 0.960542
780 -2.56955292 6.95632986 -0.61118262 -0.385367 -1.550126 0.637023
800 -1.8277011 7.850423070000001 -0.93195981 -0.248804 -0.086115 0.43848
820 -1.32309432 9.50717511 -2.33140536 1.950106 -0.448924 0.5504439999999999
840 -1.5043733099999999 11.71778013 -5.50614699 1.376534 -0.459403 0.205688
860 -1.10679363 13.583651940000001 -7.02967923 -0.892876 -0.13718 -0.8830709999999999
880 0.9874942200000001 11.900255940000001 -5.33685582 -1.487046 1.09156 -1.818149
900 0.03202965 11.06932932 -4.155810300000001 -1.416357 -0.029594 -2.290509
920 0.6454587600000001 10.6024518 -2.48603058 -0.8173630000000001 -3.737501 -1.824375
940 2.1607604100000004 11.26752075 -4.17586194 0.7352390000000001 -3.29256 -0.954181
960 4.58062254 10.317000420000001 -4.555626660000001 0.349585 -3.835533 -0.433819
980 4.34262213 7.83156825 -2.12902506 -0.448366 -3.987376 -0.13155
1000 1.97079957 6.24381975 1.07057511 -0.950502 -4.285351 -0.038536
1020 -2.75636475 11.59878483 3.4169407200000004 -1.276155 -3.281171 0.071134
1040 -10.04036823 25.865614980000004 -6.991214220000001 -1.455444 -2.202942 0.449856
1060 -8.70828795 13.15958526 -4.07887047 -1.414832 -1.621808 0.541262
1080 -8.74676277 -3.34704447 5.59281834 -1.402064 -1.269848 0.425532
1100 -4.928651909999999 -0.73976229 6.49858545 -1.214678 -1.00592 0.062239
1120 -1.82110878 5.086867590000001 5.42636226 -1.107507 -1.429202 -0.470581
1140 -4.30309764 16.48537146 2.26523691 -1.10945 -0.988927 -0.548071
1160 2.105226 23.15774106 -4.6363041 -1.063928 -0.416786 -0.609375
1180 0.82043973 13.826743740000001 -0.6114769200000002 -0.842469 -0.383056 -0.711489
1200 -2.0895005700000002 8.80274844 2.8901927700000005 -0.662834 -0.362104 -0.7786270000000001
1220 -2.89393038 9.73096083 0.795591 -0.594205 -0.327019 -0.8209209999999999
1240 -0.81206199 8.009541270000001 0.32497587 -0.558475 -0.6681020000000001 -0.803143
1260 -0.40041477000000003 6.92430021 1.60331697 -0.321096 -1.093589 -0.632161
1280 -0.38065743 7.989931080000002 1.14302196 0.280593 -1.111517 -0.400404
1300 -1.81691991 7.516618200000001 0.7940998800000001 0.796139 -1.180889 -0.282414
1320 -5.787419310000001 5.59446642 0.97072893 1.386608 -0.953336 -0.157872
1340 -8.62476561 9.297918000000001 0.12813822000000002 2.254717 -0.8876860000000001 -0.011955
1360 -4.21403265 8.98686252 0.19683765 3.188488 -0.875749 0.188968
1380 -2.36343501 8.15609286 1.0036611 4.088939 -0.613628 0.457705
1400 -1.70764632 7.65927522 2.25042381 3.89123 -0.605595 1.01713
1420 -1.95314157 8.879835420000001 1.9896642 3.677286 -0.210882 1.062131
1440 -1.64852145 10.13646699 -0.07918631999999999 3.1405830000000003 1.098385 0.718079
1460 -1.15799202 10.88387127 -2.02663809 1.964867 1.336727 0.47562
1480 0.06795387 11.39640453 -2.58886881 0.879341 1.855698 1.104033
1500 0.5827336200000001 12.57848991 -1.3395653100000002 1.268573 2.103519 1.395922
1520 -0.7461976499999999 12.653781660000002 -1.1578448700000001 0.660736 1.037051 1.687872
1540 -2.4141821400000003 12.82532913 -2.43947232 0.7156 0.513455 1.776521
1560 -2.2170403800000003 14.567408550000001 -2.52030672 0.7938189999999999 0.227122 1.652452
1580 -0.9601047 14.77651851 -3.46799196 0.7061430000000001 -0.7464189999999999 1.431965
1600 0.39383226000000005 14.916477780000001 -1.43446725 0.361038 -1.150969 1.135244
1620 -1.4359681800000001 12.45081276 -0.0047872800000000005 0.066093 -1.490007 0.662532
1640 -4.08305934 10.76052033 3.41335026 -0.090118 -1.866627 0.143836
1660 -5.858963640000001 12.97516707 9.546101190000002 -0.201465 -2.049299 -0.430343
1680 -5.47127244 13.38067323 7.03790982 -0.704754 -1.815267 -0.976815
1700 -4.38512886 13.04237538 0.06511878 -1.445581 -1.565109 -1.354051
1720 -4.81564071 13.784384160000002 -0.558189 -1.807363 -1.316733 -1.082364
1740 -5.253922080000001 11.709255240000001 1.43581122 -0.694762 -0.167542 -0.123211
1760 -1.89400689 9.61525188 2.2329031500000003 -0.556287 -0.997379 0.285812
1780 -0.01466595 8.328228930000002 2.43274266 -0.397339 -0.113289 0.702396
1800 -0.8231374800000001 6.55741602 0.08248248000000001 0.272368 1.196035 0.89554
1820 -2.17048212 5.286108690000001 0.19489527 -0.16745 1.125073 0.641526
1840 -2.55264048 4.59888876 0.58887468 -0.23373 0.952241 0.497075
1860 -3.13163649 4.69424196 0.76042215 -0.927513 -0.288791 0.030211
1880 -3.56962356 4.540205340000002 1.27864521 -0.653792 0.338905 0.5291100000000001
1900 -3.0626329500000002 4.070787030000001 1.3662092700000001 1.227016 0.12951 0.115227
1920 -2.3601388500000002 4.06868769 0.03382488 0.997494 -2.055894 -0.619581
1940 -0.9605559600000001 5.79235374 -0.60758235 0.7195189999999999 -1.987981 -1.376842
1960 0.41358960000000006 10.51323966 -2.6191032300000003 0.6257 -2.348227 -1.5159049999999998
1980 2.24757891 15.04356633 -8.09427024 0.15671500000000002 -1.748747 -0.776466
2000 3.51588438 12.294382500000001 -7.62903099 -0.127226 -1.366884 -0.121983
2020 1.6437341699999999 10.13198382 -0.98584614 -0.656313 -1.006348 0.217827
2040 2.21613786 8.90064243 -4.0022249400000005 -0.879326 -0.583542 0.17193
2060 1.82470905 7.6119714 3.1145769000000003 -0.701074 -0.353007 -0.090971
2080 -5.08058919 6.71069727 6.433770780000001 -0.130526 -0.126133 -0.045615
2100 -5.6613804299999995 13.298043600000002 0.49502241 0.558582 1.274546 0.195617
2120 0.7243409700000001 16.414866990000004 -4.418208180000001 1.579868 1.787843 0.416805
2140 -6.08843916 10.93251906 -1.79790813 2.412942 1.406133 0.313087
2160 -8.100705600000001 5.503753350000001 -2.42959365 2.977504 0.721263 0.064739
2180 -5.96270439 7.32067326 0.30611124000000006 2.660174 0.735634 -0.057137
2200 -3.0192237 11.64488202 3.3977817900000002 0.96291 1.420492 0.11066
2220 0.5140341900000001 14.737150980000001 2.8409465700000003 0.190663 1.242012 0.12579
2240 3.1786362 14.572195830000002 0.5620835700000001 -0.158825 1.548028 0.091979
2260 -1.5703848 12.32133057 0.17408826000000002 -0.323119 1.760914 0.542416
2280 -3.70254906 9.82631403 -1.02761712 -0.458394 1.197344 0.403325
2300 -3.9619647000000002 8.778498120000002 -2.66041314 -0.857569 0.762517 -0.000558
2320 -2.6186519699999997 10.44213678 -5.39223327 -1.303891 0.17064200000000002 -0.516732
2340 -1.5810090300000001 11.156000670000001 -6.786734580000001 -1.708692 -1.055716 -1.173876
2360 -1.6820520300000001 9.11379411 -6.126305760000001 -0.991428 -1.842634 -1.077059
2380 -2.70771696 6.4346733 -3.6241181100000004 -0.6803739999999999 -1.828007 -0.476701
2400 -3.31919388 3.48385473 -0.19489527 -0.890509 -2.030625 0.025224
2420 -2.2609008900000003 0.0170694 3.9957895800000003 -1.337699 -1.768102 0.562284
2440 0.28546119000000003 -4.26432852 6.35324049 -1.037851 1.27998 0.752753
2460 0.24069816 -8.02706193 2.94512877 0.419616 1.569747 0.552122
2480 0.8476919100000001 -1.9537399800000002 2.16808848 -0.079938 -1.769486 0.351018
2500 2.9087532900000004 2.04668973 2.98883232 -0.517379 -0.914419 0.018922
2520 1.97634222 2.71924371 0.66267531 -0.220814 0.635166 0.391818
2540 -0.68212854 4.23739026 -1.2289477500000001 -0.8495659999999999 1.490923 0.8510059999999999
2560 -2.73675456 6.945254370000002 -2.4691181400000004 1.571755 2.416362 0.954327
2580 -3.9591198000000003 12.93266034 -5.8923470700000005 2.225936 0.30690700000000004 0.706295
2600 -3.0958594200000005 22.554494730000005 -5.04241848 1.369144 -0.5018560000000001 -0.093411
2620 0.0022464900000000003 22.817804940000002 -5.401513530000001 0.682509 -0.667887 -0.6011270000000001
2640 -0.35042301000000003 16.92949959 -9.66240855 -0.482895 -0.995086 -0.616326
2660 -1.42353891 12.163703490000001 -7.960000770000001 -1.392684 -1.0404950000000002 -0.72624
2680 -1.48969755 7.717203270000001 -0.76296294 -1.266548 -0.106299 -0.556709
2700 -3.9341141100000003 5.45240781 4.39935336 -0.629426 0.526981 -0.436634
2720 -9.49505976 9.68126337 -3.2331307500000004 0.142999 0.883867 -0.312055
2740 -8.00415558 12.178075140000002 4.36462596 0.8105760000000001 1.372313 -0.228969
2760 0.66401928 13.218258870000001 -1.85614029 1.445961 1.867069 -0.098046
2780 0.08277678 21.413268 -2.45744424 2.455726 1.724164 0.13138
2800 -3.3859607400000002 36.39201966 -21.00087522 2.975027 1.82196 0.532261
2820 -1.01982798 9.75760479 7.755069870000002 3.084634 1.287969 0.775129
2840 -6.92384895 7.7246883 -1.6248695400000002 3.021139 -0.33392 0.698783
2860 -5.417533260000001 9.90205704 3.2805817200000003 2.380653 -0.0031 1.1072879999999998
2880 -1.09542384 6.82341417 3.8360729700000005 1.812602 0.166939 0.902276
2900 -0.90561996 6.55606224 1.8805377600000002 0.926492 0.316749 0.703615
2920 -2.41358373 10.433307780000002 -2.34008721 0.14391900000000002 0.357068 0.623321
2940 -0.96429357 13.80578958 -5.9224343400000015 -0.5930770000000001 0.3089 0.521027
2960 -0.43305264000000004 12.379258620000002 -8.28871425 -1.887885 0.906414 0.07217799999999999
2980 -1.03374837 8.908127460000001 -7.085066490000001 -3.329732 1.037767 -0.8887799999999999
3000 -1.7465724 7.478898750000001 -6.91083108 -4.049038 0.790295 -2.046098
3020 -1.80823806 7.02010467 -4.789742310000001 -4.468828 0.070883 -2.659132
3040 -1.77860205 7.14000249 -2.5851213900000003 -3.497028 -2.167683 -1.533183
3060 -2.50818156 7.24463595 -0.5830377300000001 -2.224375 -0.198249 -0.707491
3080 -2.4758478 6.07272354 2.47120767 -0.998 -0.691902 -0.597879
3100 0.0378666 3.2545361700000006 4.00731633 -0.951979 -2.647332 -0.209424
3120 2.1891996000000002 1.88608041 0.5742087300000001 -0.725755 -3.34154 0.038737
3140 0.43948800000000005 5.97976398 -2.4960564 -0.112481 -1.935368 0.304001
3160 1.01698308 10.89793881 -0.71281422 -0.357358 0.141447 0.367996
3180 -1.72441161 10.398276270000002 -0.27917298 -1.49756 2.375142 0.869915
3200 -4.951401300000001 5.37831288 0.50999247 0.5354 2.480919 0.627607
3220 -5.097050370000001 3.2546833200000003 -2.20297284 0.280843 -1.792023 -0.185885
3240 -2.54336022 4.53302442 -4.064793120000001 1.973455 -0.169663 -0.57352
3260 -1.41949719 7.285347450000001 -3.40811172 1.608033 0.144333 0.34006
3280 -1.4985363600000001 14.930996580000002 -3.7166166 2.476153 -1.892263 -0.198196
3300 0.93001743 19.72269108 -4.32210942 0.379822 0.050679 0.050658
3320 4.8532032 12.77818227 -4.56280758 -1.283467 -1.7103130000000002 0.18337
3340 2.93090427 10.40081706 -7.76375172 -0.550326 -0.340516 -0.14868599999999998
3360 1.4443459200000002 10.82908242 -4.00791474 -0.78317 -1.176855 -0.4547520000000001
3380 -0.52436412 9.98348985 -2.00193651 -0.635588 -0.76242 -0.593121
3400 -2.08965753 8.494086600000001 -7.21125252 -0.17206 0.119904 -0.5311939999999999
3420 -5.07370257 5.18731218 -5.556894120000001 0.751151 0.943208 -0.493753
3440 -7.4065990500000005 5.8601604599999995 -1.75330206 1.779143 1.195856 -0.364051
3460 -5.60748429 10.74974895 9.29103138 2.517998 0.736721 -0.471533
3480 -11.91956202 12.63926286 -21.981639780000002 2.3616740000000003 0.996495 -0.563757
3500 0.14550192 23.48465931 4.607266500000001 1.763103 0.6518010000000001 -0.425423
3520 4.09862781 22.57245684 -10.43809506 0.495916 0.319486 0.126968
3540 0.182466 7.0503390900000005 10.124940239999999 -0.135958 1.132775 0.287087
3560 -4.02737778 14.55737292 4.673582100000002 -0.427743 1.390083 0.661801
3580 -2.4887283300000003 14.21788806 1.14092262 -0.517824 1.0337040000000002 0.883819
3600 -2.30416299 11.349395010000002 -0.33904341000000005 -0.601063 0.394407 0.722755
3620 -4.45353399 12.532834170000001 -1.33866279 -1.086097 0.34552 0.581629
3640 -4.97280672 11.85010722 -2.2716722700000003 -1.284149 -1.152207 -0.0577
3660 -4.93075125 10.54781991 -5.41319724 -1.4081629999999998 -2.263936 -1.118954
3680 -2.6690949900000005 9.62977068 -6.416858340000001 -1.133699 -1.842256 -0.5161680000000001
3700 -0.53618517 8.08543143 -6.57268038 -0.7822640000000001 -0.236219 -0.188896
3720 -0.7318260000000001 4.671639720000001 -1.8952135200000002 -0.916976 0.039856 0.151641
3740 -1.7205268500000002 0.6245046000000001 3.3117088500000005 -1.089166 -1.649227 0.455977
3760 -0.7406550000000001 -1.0044066600000001 4.56880149 -0.685294 -0.590599 0.4360770000000001
3780 1.22175702 -4.77926523 3.6782987400000002 0.502793 1.707134 0.222446
3800 2.85246351 -3.1213065600000003 0.91459611 0.664166 0.506306 0.1482
3820 3.3293766600000003 1.54553607 1.32773445 0.058326 -1.3188 -0.05345
3840 4.08679695 2.9960230500000007 2.1772215900000003 -0.474804 0.138593 0.38427
3860 2.34592416 4.10955615 0.94752828 1.009859 2.656294 1.113533
3880 -3.1984033500000004 6.2525016 -1.16113122 3.51192 -0.4915810000000001 0.540044
3900 -5.60673873 10.86589935 -2.92012308 0.883666 -1.071655 0.295966
3920 -5.85507888 16.541347320000003 -5.40585936 -0.448757 -1.278168 -0.184163
3940 -3.31351389 17.90262216 -3.32129322 -0.783424 -1.198301 -0.419475
3960 -1.33521948 19.59574968 -4.31177949 -0.80586 -0.281871 -0.207162
3980 -3.1076902800000004 15.266900790000001 -11.35613448 -0.269255 0.511656 -0.113631
4000 -1.8302418900000001 11.39026347 -9.19462851 0.8390200000000001 0.5085609999999999 -0.30030300000000004
4020 -1.66454118 5.99698053 -0.5688132300000002 2.311449 0.420798 -0.408478
4040 -4.684206330000001 8.300241 2.08621422 3.045596 0.83735 -0.253264
4060 -7.15362858 10.156528439999999 0.14610033 3.4917550000000004 0.6184729999999999 -0.5158550000000001
4080 -3.6488098800000004 8.0457696 3.5530152299999997 2.755342 0.43194 -0.648946
4100 0.3010198500000001 15.82718913 -3.14586099 1.544451 0.684554 -0.168482
4120 -2.12348241 41.17068648 -18.91302273 0.675574 1.500759 0.266647
4140 -0.38125584000000007 10.81021779 7.37651178 0.491503 1.373573 0.264456
4160 -4.674033360000001 4.252654620000001 3.6670761 0.159201 1.471893 0.473516
4180 -5.24359215 12.05293878 5.34583197 -0.417204 1.297623 0.5979
4200 -3.46094838 13.978376910000001 -0.08217837 -1.231047 0.643018 0.369796
4220 -1.6167861 13.69861533 -3.02939667 -1.605423 -0.8713299999999999 -0.222674
4240 -2.60009145 14.360388120000001 -6.4553233500000005 -1.855905 -2.250178 -0.708697
4260 -4.51925118 13.89096 -7.15182354 -2.2883400000000003 -1.823957 -1.159849
4280 -3.5322082200000002 10.73762379 -8.093367720000002 -2.4766 -2.77184 -1.049922
4300 -2.1802136400000003 7.97706036 -6.2965092600000006 -2.250671 -2.658777 0.314562
4320 -1.5816074400000002 5.22144117 -1.66154913 -2.290043 -1.063344 0.7021430000000001
4340 -1.79656416 1.2900150000000001 3.21187248 -1.666857 -0.720572 1.022251
4360 0.25476570000000004 -1.98307188 5.9064146100000015 -1.08489 -0.119704 1.037296
4380 2.37211686 -5.647303080000001 2.2933818 -0.543511 -0.11268 0.942793
4400 0.65039319 0.02245509 1.16068977 0.963633 0.821152 0.53979
4420 1.16232804 2.48258727 1.7815941 0.492491 -1.512401 -0.232835
4440 2.168991 3.7598787000000002 1.4480933400000002 0.6661739999999999 1.071266 -0.210364
4460 0.02499588 4.02482718 -0.02529999 0.15271400000000002 2.248792 -0.397057
4480 -0.81924291 5.566772790000001 -0.8749342800000001 -2.391356 -2.9871790000000003 -0.287409
4500 -1.9435572 6.88119507 -2.9574010800000003 3.885616 1.513486 -0.37004
4520 -3.30019191 11.377991160000002 -5.391791820000001 1.0586209999999998 -1.190265 -0.296592
4540 -3.3932888100000005 19.08051867 -9.30719826 -1.993312 -3.292659 0.102459
4560 -4.8081556800000005 29.25875664 -9.72018945 -1.899045 -3.680973 -0.372812
4580 0.78616359 14.339433960000001 -10.78926363 -1.009304 -0.824945 -0.351029
4600 -0.27827046 8.129144790000002 -7.476505110000001 -1.287879 0.6575949999999999 -0.029067000000000006
4620 -1.9565848799999999 6.1073037900000005 -2.63332773 -0.438957 1.399919 0.07739299999999999
4640 -3.4611053400000005 7.1578174500000005 -1.0057604400000002 0.738432 1.856742 0.167285
4660 -5.26230963 9.207950490000002 3.1025988900000003 1.7596060000000002 1.932915 0.212776
4680 -10.82953368 15.43575051 -3.54073311 2.507223 1.35523 0.173873
4700 -6.60740778 4.9531965300000005 3.29120595 2.564482 1.2275040000000002 0.363512
4720 0.27946728 4.1848479 7.6034367000000005 2.112294 0.368239 0.652011
4740 -9.74803023 34.69320234 -17.025441389999997 1.44219 0.781087 1.085841
4760 6.04293057 16.65616356 -5.92872255 1.318645 0.8634040000000001 1.120123
4780 1.51275105 5.395382280000001 9.98124336 1.418113 -0.124079 1.027012
4800 -2.8538172900000003 14.87112615 4.36013298 1.3243790000000002 -0.890287 1.17689
4820 -4.41102726 12.97023264 1.31830704 0.959437 -0.56452 1.278609
4840 -3.94953543 14.486426999999999 -4.321815120000001 0.042893 0.545728 1.216305
4860 -1.96197057 14.64179778 -3.8248503300000003 -0.624242 0.977021 0.765644
4880 -0.7782273000000001 11.738587140000002 -4.43453202 -1.195948 0.855951 0.369768
4900 -0.66147849 11.32290801 -9.33248844 -1.536456 1.030551 -0.373112
4920 -1.50167556 8.11911897 -9.80385894 -1.94823 1.0028290000000002 -1.606544
4940 0.48244599000000005 5.898929580000001 -4.68436329 -2.112757 -0.16687000000000002 -2.255673
4960 -1.09003815 2.3167296000000004 -0.01241946 -1.511662 -2.320145 -1.889793
4980 -0.9952833600000001 1.03329711 4.0197456 -0.526768 -2.191753 -1.551929
5000 -0.52840584 1.19900763 4.06779498 -0.260486 -1.643362 -0.662011
5020 0.2555210700000001 -0.22139208000000002 3.8923529400000003 -0.5620890000000001 -0.456774 0.695276
5040 -0.7114702500000001 2.19728304 1.09841589 -0.438948 -0.401193 1.60619
5060 -1.3811793300000001 3.3156034200000004 0.7114702500000001 0.743653 -1.996668 1.569494
5080 0.55295046 5.0169713400000004 2.0091174300000003 1.586005 -0.614062 1.40269
5100 1.7805444300000002 7.386086340000001 -0.5051953800000001 0.8458690000000001 0.048054 0.5688
5120 -2.02229226 10.45395783 -1.63534662 -0.21508 -1.618258 -0.053908000000000005
5140 -3.8441564100000005 13.364506350000001 -2.80337427 1.854087 -2.190212 -0.007743000000000002
5160 -4.723573860000001 10.67609547 -2.6491905000000004 0.729229 -3.426611 -0.460533
5180 -3.43221489 13.992003 -2.1927900600000005 -0.226412 -2.549201 -0.602928
5200 -0.8352626400000002 14.780413079999999 -3.61663308 -1.232966 -1.215336 -0.8306540000000001
5220 -0.7295795100000001 12.847185810000001 -6.1110413999999995 4.039119 -3.066831 -1.126877
5240 0.6828839100000001 13.476173580000001 -5.885764560000001 2.793798 -2.452882 -0.934469
5260 4.5927477 11.34969912 -6.727462560000001 -0.148481 -4.398729 -0.086199
5280 5.265900090000001 14.03691318 -7.73097651 -1.762056 -5.767597 0.775953
5300 5.20991442 16.34271444 -12.07358883 -1.095611 -2.465672 0.838334
5320 3.37353147 16.68819321 -11.36002905 -1.334531 -1.845378 0.969398
5340 0.08157996 10.1800332 -1.33941816 -1.858051 -2.164648 0.812326
5360 0.9803133 5.376517649999999 -1.21367358 -2.060954 -2.863208 0.390925
5380 -1.0611477 0.84933018 -4.0954788 -1.307195 -3.569745 -0.196836
5400 -3.65105637 3.1515507900000004 -4.04967591 -1.279235 -2.256668 -0.119275
5420 -4.757104440000001 9.841735350000002 8.013435840000001 -1.481128 -0.834039 -0.065893
5440 -4.020638310000001 8.20383813 9.775871010000001 -1.10705 -0.8602069999999999 -0.239503
5460 -5.91344838 13.58140545 6.248155769999999 -1.000901 -1.166626 -0.426376
5480 -16.540601759999998 58.86688662000001 -22.440286710000002 -1.178055 -1.0653700000000002 -0.552725
5500 -0.20432268 8.632996200000001 9.71495091 -1.435419 -0.7200850000000001 -0.629741
5520 -0.9833053500000001 3.22744095 10.05743763 -1.525117 -0.322187 -0.689629
5540 -0.41598324 14.79478473 6.85439415 -1.580773 0.517728 -0.760529
5560 1.15349904 18.795214440000002 2.97969921 -1.341813 1.596433 -0.862791
5580 -3.1051396800000006 14.40439578 0.7756865100000001 -0.673883 0.949403 -0.80709
5600 -5.68802439 11.69428518 1.8931141800000002 -0.803499 -2.0963990000000003 -0.650269
5620 -5.869744830000001 9.08116605 2.25835029 -0.226252 -2.293466 -0.620347
5640 -6.51250584 6.755450490000001 0.09116433 0.50734 -0.489317 -0.616466
5660 -6.345451350000001 4.11749244 -2.2227301800000006 0.926396 -0.5217470000000001 -0.595338
5680 -2.42301114 3.4967254500000005 -1.19886048 1.656224 -1.141391 -0.515738
5700 -1.84775274 4.02917301 -1.1304455400000002 2.6620310000000003 -1.489732 -0.323464
5720 -2.69754399 4.060309950000001 0.0811287 3.661159 -1.903019 -0.134358
5740 -2.37211686 5.73007986 1.24555608 4.157025 -1.203848 0.147016
5760 -2.26119519 6.123912120000001 1.8947622600000003 4.027148 -0.404317 0.648217
5780 -2.56057677 6.577173360000001 1.48491027 3.554259 -0.225717 0.882898
5800 -2.65308507 8.22689163 0.3376994400000001 3.27705 0.287764 1.118517
5820 -2.62553859 11.31152841 -1.00590759 3.02589 1.209819 1.18822
5840 -1.3229471700000002 11.29206537 -0.9231308100000001 2.1809130000000003 1.066225 0.801147
5860 -0.32048288999999996 12.576694680000003 0.6542877600000001 1.310808 0.200193 1.013028
5880 -1.49733954 12.55229721 0.94004325 1.153452 -1.249139 1.820294
5900 -1.8004587300000001 14.447059470000001 -1.10635218 1.825111 -2.017509 2.113322
5920 -1.05081777 16.03330704 -1.1859799500000001 2.067263 -2.4108400000000003 1.964898
5940 -0.4288539600000001 15.81207192 -0.8089129800000001 1.847849 -2.890169 1.877453
5960 0.49980969000000003 15.741116190000001 -0.7717919400000001 1.448083 -3.005208 1.688938
5980 1.11712356 14.51292381 -0.9104072400000001 1.285852 -3.325124 1.380567
6000 0.09655002 14.387630490000003 -1.1047041 1.108418 -3.572018 1.205524
6020 -1.7205268500000002 11.74681773 1.1683219500000002 0.923455 -3.527271 1.0984200000000002
6040 -2.52300447 9.89337519 2.5717994100000006 0.620743 -3.093294 0.992132
6060 -3.06816579 11.550127230000001 4.07871351 0.206812 -2.509674 0.856033
6080 -3.2906075400000003 13.432617180000001 5.01652008 -0.134745 -2.049536 0.635141
6100 -3.58834104 12.741502680000002 6.334679970000001 -0.374814 -1.866444 0.34480900000000003
6120 -3.4896916800000004 13.091621580000002 4.524342570000001 -0.657837 -1.905093 0.132442
6140 -2.37945474 11.41721154 2.21883561 -0.921551 -1.804724 0.036468
6160 -1.07296875 10.528504020000002 1.07102637 -1.030815 -1.763468 -0.062624
6180 2.8403481600000005 12.049789770000002 2.2947257700000003 -0.8234739999999999 -2.263377 -0.168426
6200 2.44441656 10.85138055 1.4751787500000002 0.402517 -2.511218 0.27415300000000004
6220 -0.7192495799999999 8.8498953 1.87424955 1.267577 -1.537313 1.060886
6240 -1.38326886 7.2043659 2.4719630400000003 0.706267 -0.015494999999999997 1.6617650000000002
6260 -1.30273857 7.3784541599999995 2.47031496 0.513079 -0.5303260000000001 1.638643
6280 -1.1931706800000002 8.15384637 2.60982297 0.482393 -1.600219 1.222125
6300 -1.6290584099999998 7.939939320000001 2.5255452600000003 0.135444 -1.45311 0.699289
6320 -1.75704948 7.48803186 1.78099569 0.372748 -0.202089 0.663024
6340 -2.61835767 6.56579376 1.30333698 1.467027 0.575542 1.051026
6360 -3.48729804 6.218814060000001 1.0666805400000001 0.395499 -1.5414709999999998 0.193813
6380 -3.9172016700000003 6.027067800000001 0.58019283 -1.42377 -1.033199 -0.925156
6400 -3.24569736 5.47605972 -0.025751250000000003 -1.6507060000000002 1.030102 -2.024312
6420 -1.66693482 5.919736590000001 -0.5438173500000001 -1.299767 0.40399999999999997 -2.398141
6440 -1.3647083400000002 7.427857320000001 -1.7009166599999999 -0.308075 -3.235278 -2.118427
6460 -2.34382482 10.21356378 -5.749542900000001 0.091661 -4.749939 -1.174726
6480 -1.69073388 14.90659911 -10.16521029 0.12411400000000003 -3.367493 -0.6005
6500 3.2034849300000006 17.24953122 -11.32635132 -0.244205 -2.901601 0.15904100000000002
6520 4.24397277 12.72698388 -4.8777576300000005 -1.013904 -2.802689 0.598986
6540 1.7269622100000002 10.082580660000001 -3.41110377 -1.846369 -2.062879 0.926577
6560 3.1461552900000003 8.601260850000001 -4.421504340000001 -1.919724 -1.45996 0.996863
6580 2.7413946900000004 8.200698930000001 -2.08262376 -1.908639 -0.739642 0.6734140000000001
6600 -0.6617727900000001 15.355220220000001 -0.37871505 -1.911414 -0.472098 0.369677
6620 0.53843166 23.140681470000004 0.69604893 -1.468946 -0.791243 -0.122478
6640 -8.832678750000001 3.00858966 -1.08524106 -1.14378 -0.110792 -0.338996
6660 -8.803494 -2.42975061 3.41140788 -1.348058 0.954172 -0.35033400000000003
6680 -3.56962356 5.19314913 2.9588922 -1.262759 0.569855 -0.485978
6700 -4.03934598 10.754389080000001 6.28393284 -1.096495 -0.59436 -0.662786
6720 -5.153781600000001 14.730715620000002 3.30347826 -1.075785 -1.3024639999999998 -0.7568050000000001
6740 -0.8903457900000001 14.619352500000002 0.6556317300000001 -0.926683 -1.269264 -0.6639390000000001
6760 2.7849609000000006 14.90391117 1.00157157 -0.440523 -0.382462 -0.40958
6780 0.8089129800000001 12.016112040000001 1.13404581 -0.116044 0.23807 -0.293808
6800 -0.99468495 9.939335040000001 1.2985497000000001 0.214391 0.070077 -0.393834
6820 -1.78084854 8.6358411 2.6232921 0.6739350000000001 0.07247100000000001 -0.325466
6840 -2.6216440199999997 7.62679431 2.32586271 0.8818590000000001 -0.328138 -0.223087
6860 -3.18822057 7.541015669999999 0.8689403700000001 1.288485 -0.930686 -0.14256300000000002
6880 -3.45675951 7.75986696 0.05044302 1.811241 -1.1382450000000002 -0.105531
6900 -4.4897623200000005 7.4919166200000005 -0.17558919000000003 3.074533 -0.742657 0.038451
6920 -5.160364110000001 7.530244290000001 -0.50444982 3.975243 -0.322216 0.408467
6940 -2.79873414 8.57985543 0.40385808000000006 3.753568 -0.002824 0.913915
6960 -2.19713589 8.43300954 1.6387899300000002 3.550145 0.024831 1.100466
6980 -2.89213515 8.076906540000001 3.256929810000001 3.001134 1.160795 0.948829
7000 -2.5536901500000004 9.067991220000001 2.0646518400000002 1.890596 2.302538 0.63837
7020 -0.92148273 10.83297699 -1.48505742 1.5569110000000002 2.007166 0.999613
7040 0.12529332 11.15061498 -3.80104146 1.528967 1.132189 1.12018
7060 -1.28283408 12.43644111 -2.7526271400000004 0.970467 0.936538 1.513908
7080 -2.8797156900000003 11.621082959999999 -1.4106681900000002 1.134486 0.303795 1.896152
7100 -2.42151021 11.86986456 -0.33994593000000006 1.520313 -0.8497040000000001 1.779616
7120 -1.5760746 11.9903706 0.46478799 1.380978 -1.267826 1.50144
7140 -0.76805433 11.72377404 0.09640287000000002 1.076637 -1.411422 1.179032
7160 -1.08853722 12.76500744 -1.0359948600000002 0.581526 -1.34951 0.778116
7180 -0.00509139 12.940145370000002 -3.81316662 0.213456 -1.500059 0.384768
7200 0.39143862 12.894332670000002 -1.22280669 -0.16378 -1.458144 0.08725
7220 -0.7994855700000001 12.81858966 0.54426861 -0.6727380000000001 -0.955957 -0.114569
7240 -4.08275523 11.003170680000002 2.44291563 -1.157565 -0.323822 -0.333478
7260 -5.73696648 13.41255573 4.50937251 -1.4792379999999998 0.210063 -0.632307
7280 -6.34485294 13.6885797 5.85716841 -1.556731 -0.06518099999999999 -0.996759
7300 -5.77753083 13.901437080000001 5.92841844 -1.341509 -1.046227 -1.201234
7320 -5.26095585 12.66276762 2.6550274500000004 -0.947181 -1.911193 -1.020046
7340 -3.15798615 12.08092671 0.10119015 -0.576344 -2.147137 -0.679595
7360 -0.24339591000000002 11.176660530000001 0.98959356 -0.625803 -1.670916 -0.115462
7380 1.6727717700000002 11.07367515 1.0991614500000002 -0.754985 0.010708 0.6399189999999999
7400 0.05283666000000001 9.24851484 0.82418715 -1.277324 0.355506 0.647579
7420 -1.77994602 6.271062120000001 1.06802451 -0.815891 0.817933 0.755963
7440 -2.5469506800000006 4.88943153 0.73736865 -0.753131 1.011603 0.754017
7460 -2.883159 3.6914735700000003 0.5824393200000001 -0.68055 0.30497 0.514011
7480 -2.8331574300000004 3.34987956 0.92806524 -0.477048 0.003755 0.273332
7500 -2.8533660300000006 2.9933253000000004 1.32818571 -0.391052 -0.101007 0.024103
7520 -2.3682222900000003 3.1211594100000006 1.07401842 -0.419598 -0.165398 -0.098859
7540 -2.17272861 3.27324384 0.59081706 -0.297481 -0.565164 -0.132745
7560 -1.78683264 3.70225476 -0.23875578 0.019651 -1.6605470000000002 -0.337429
7580 -0.8439444899999999 4.952598120000001 -1.78593993 -0.01853 -2.158666 -0.411833
7600 -1.2698064 7.46976564 -3.3302791800000002 -0.000402 -1.221136 -0.18324
7620 -1.81242693 9.616154400000001 -3.6803980800000002 -0.6873130000000001 0.056286 0.106222
7640 -1.22775093 9.968225490000002 -2.2371018300000003 -0.342343 2.406678 0.24128400000000005
7660 0.17693316 9.767189160000001 -1.7378905500000001 3.232208 0.95556 0.126038
7680 1.45587267 10.62909576 -3.7344315600000004 1.2653 -0.979047 -0.016613
7700 2.0507314500000002 11.089390770000001 -5.236107120000001 -0.595545 -1.863671 -0.156664
7720 0.07634141999999998 10.34139789 -1.1060480700000002 -1.449175 -0.977433 -0.197945
7740 -1.4150042100000002 9.12861702 -0.40835106000000004 -1.299759 -0.443488 -0.387729
7760 -2.08231965 8.37463023 -1.20694392 -0.806036 0.212074 -0.387257
7780 -2.12213844 8.25219162 -1.3304322000000002 -0.223621 1.44665 -0.073918
7800 -2.46491946 8.09037567 -1.43207361 0.8783290000000001 2.810843 0.14247
7820 -2.21854131 6.9409183500000005 -2.31897609 2.603875 2.58886 0.080032
7840 -1.89835272 6.17540481 0.29922462000000005 3.836186 1.09022 -0.23952
7860 -2.34980892 6.92295624 3.44329038 3.849564 0.902889 -0.556449
7880 -3.03194727 9.615850290000001 1.20783663 2.9793130000000003 0.683505 -0.616726
7900 -1.71677943 11.12261724 -1.9267919100000002 1.833656 -0.024805 -0.181576
7920 -0.23980545000000003 16.53431355 -0.70084602 1.091774 0.973484 0.429395
7940 -6.711442830000001 45.17905248000002 -19.539616860000002 0.578109 1.4701 0.5586979999999999
7960 -1.95553521 5.57860365 2.86339185 0.29171 1.46749 0.6603180000000001
7980 -1.73279916 4.28828454 7.60838094 -0.111132 1.311412 0.8798950000000001
8000 -3.46094838 12.85990938 5.1841729800000005 -0.8856200000000001 0.8072239999999999 0.830266
8020 -3.6579429900000004 14.208303690000001 3.0798495000000004 -1.6601240000000002 -0.268857 0.208802
8040 -4.08425616 13.645621710000002 -0.40057173 -2.09776 -0.979569 -0.699196
8060 -3.3501836700000003 12.87547785 -3.7785961800000005 -1.870488 -0.77695 -1.215956
8080 -0.93016458 13.70669877 -6.23498094 -1.638964 0.487487 -1.139047
8100 -2.0887550100000003 12.42266787 -9.28519443 -1.36786 -0.000978 -0.699625
8120 -4.247720190000001 10.5996069 -11.21856885 -2.061375 -1.8892830000000005 -0.206394
8140 -2.59275357 8.455170330000001 -8.7773013 -1.511624 -2.2862400000000003 0.283996
8160 -4.33782504 4.66999164 3.59657163 -0.5441010000000001 -0.671292 0.513011
8180 -0.27781920000000004 2.08621422 7.974362610000001 -0.388652 1.016349 0.849492
8200 -0.43020774 -0.47855142 4.10461191 0.229396 1.614798 0.905385
8220 1.80254826 -2.56416723 5.742205020000001 -0.097245 0.368474 0.644055
8240 1.7504571599999998 -2.0549301300000002 3.2346218700000002 -2.596325 -3.361006 -0.39732
8260 0.86430024 -0.604296 3.00155589 2.885846 5.064731 0.591576
8280 2.9674269000000004 1.8016555500000002 2.9602459800000003 4.896791 -0.095614 0.218061
8300 2.22168051 1.82844666 0.6423097500000001 0.341146 -1.413066 -0.16779000000000002
8320 -0.40789980000000003 4.372856550000001 -3.80928186 -1.758635 -3.094584 -0.882124
8340 -1.4498885700000002 9.00766953 -4.36551867 -2.187064 -1.539594 0.098859
8360 -4.7720745 15.592475069999999 -5.654493810000001 -1.226783 1.6981529999999998 0.23815100000000006
8380 -3.5452260900000003 18.202445190000002 -2.42585604 -1.363712 0.15296400000000002 -0.0407
8400 -1.5317628300000001 15.87823056 -6.2465076900000005 -0.582466 -0.30148400000000003 -0.557021
8420 -0.45894123000000003 17.211654810000002 -12.057127650000002 0.137023 -0.075614 -0.6559020000000001
8440 1.96302024 12.794643450000002 -11.064542040000001 0.94383 -0.15671600000000002 -0.786895
8460 1.9760381100000002 8.168218020000001 -3.8429595900000004 2.105416 0.8168310000000001 -0.699913
8480 -1.8989511300000002 9.09044631 -2.65053447 2.808445 1.415715 -0.560105
8500 -3.36799863 10.44991611 1.84267116 3.015835 1.844962 -0.458794
8520 -4.97280672 7.16695056 5.4645329700000005 2.970589 1.075829 -0.4186
8540 -6.71758389 6.82865271 -1.84595751 2.588269 0.517892 -0.420555
8560 -20.17070397 67.92185997 -38.19382236 1.560286 0.787266 -0.027498
8580 4.99406499 2.13246837 11.63679858 1.038439 1.2907 0.268382
8600 -0.91459611 0.019011780000000002 9.26692821 0.8480850000000001 1.079931 0.394441
8620 -3.7826379 9.817033770000002 8.11866771 0.276452 0.72488 0.701756
8640 -4.52254734 18.275196150000003 2.6457471900000002 -0.753166 0.6233529999999999 0.610304
8660 2.04400179 18.16816905 -4.925807010000001 -1.734793 0.475912 0.238305
8680 -2.14099326 14.028672779999999 -2.4234624 -2.445587 -0.044914 -0.233874
8700 -4.28663646 12.11311332 -3.50375922 -2.7329630000000003 -1.079689 -0.951332
8720 -5.27727969 10.568028510000001 -4.4048862 -2.990807 -2.170885 -1.171789
8740 -3.2102244000000004 10.02704625 -4.91128821 -2.212696 -2.694745 -0.579228
8760 -1.90718172 10.44603135 -7.32427353 -1.662756 -1.848364 0.403088
8780 -1.6753125600000003 9.768533130000002 -8.509802220000001 -1.603182 -1.296051 0.758514
8800 -0.60354063 8.25728301 -5.2955361000000005 -1.356368 -1.276425 0.698256
8820 -1.6886345399999998 5.66047791 0.8586104400000001 -1.126877 -0.07449 0.689773
8840 -1.39719906 2.4439653 4.88464425 -0.366518 1.586415 0.52845
8860 -0.43424946000000003 -1.19735955 3.7068948900000005 0.8332860000000001 2.68347 0.066475
8880 1.8188721 -3.32308845 1.9489428900000003 0.192683 -0.427462 -0.095315
8900 2.47704462 -0.62345493 2.03531994 -0.643686 -0.955729 0.069368
8920 3.0430227600000004 1.8538938000000003 2.4104347200000005 1.775475 3.333046 1.173561
8940 2.97356796 2.7791239500000002 1.25050032 3.322103 0.7116819999999999 0.29682600000000003
8960 -0.27961443 2.3451687900000002 -0.40985199 -0.226631 -1.9576830000000005 -0.675259
8980 -2.27272194 5.307965370000001 -0.71476641 -1.6836970000000002 -4.080804 -0.7371949999999999
9000 -5.194198800000001 8.86651344 -0.91070154 -1.6193540000000002 -1.334777 -0.197608
9020 -6.6026205000000004 14.241383009999998 -2.81070234 -1.195409 0.389698 0.018924
9040 -2.9618940600000006 16.727717700000003 -6.2445653100000005 -0.834883 -0.516336 -0.155789
9060 -1.44898605 24.08297121 -10.50695145 0.806319 0.14307 -0.5126390000000001
9080 2.24308593 14.79598155 -13.047015510000001 2.399259 0.85759 -0.757733
9100 -0.6634208699999999 9.6016356 -6.5129571 3.418992 0.690465 -0.8732409999999999
9120 -4.24457118 6.67626417 -3.2383692900000005 3.3152699999999995 0.299215 -0.976014
9140 -5.97706623 7.43070222 -1.4010838200000002 2.72236 0.5751539999999999 -1.002941
9160 -7.27397766 12.164154750000002 -1.06608213 1.099171 1.104415 -0.6165109999999999
9180 -5.07564495 9.39086775 6.65725239 0.260994 1.437979 0.34181100000000003
9200 -2.7397564200000004 4.585713930000001 -3.7473120900000003 -0.125409 1.413797 0.596585
9220 0.71311833 26.6649534 -10.99958022 -0.58005 1.650788 0.865502
9240 4.848268770000001 25.755144570000002 -10.843601220000002 -1.010264 1.638258 0.908447
9260 -2.7946924200000005 2.0243916 12.808710990000002 -1.461014 1.202333 0.8236040000000001
9280 -6.10954047 7.81195806 1.50781662 -1.387664 0.206838 0.359647
9300 -4.074230340000001 15.541580790000001 4.65861204 -1.113553 -1.826523 -0.472251
9320 1.9709467200000002 18.0148878 -3.7444671900000004 -0.988115 -4.957622 -1.847505
9340 -0.39532338 15.66851238 -3.49268373 -0.915161 -5.673989 -0.987227
9360 -3.4027260300000006 13.16856141 -4.058357760000001 0.271915 -1.763695 -0.069548
9380 -5.9621059800000005 12.591213480000002 -9.83274939 -0.206622 -1.087854 0.496674
9400 -4.78854549 11.41002081 -7.77018708 -0.304755 -1.865727 0.90291
9420 -1.8133294500000001 9.20122083 -5.06801277 -0.405916 -1.194866 1.056236
9440 -1.92215178 6.049071629999999 1.9297839600000002 -0.609222 0.7384270000000001 0.745758
9460 -0.9969314400000001 1.3600682099999999 5.01037902 0.175557 3.148944 0.648806
9480 0.22094082 -1.65555522 4.30340175 0.40736 1.808784 0.192808
9500 3.3392553300000003 -4.02378732 4.643190720000001 -0.5809350000000001 -1.361316 -0.055725
9520 2.6580195000000004 -2.83645359 3.1165192800000003 0.164735 0.910047 0.580029
9540 1.65062079 -1.18657836 1.42069401 3.455743 1.68291 0.256991
9560 2.14698717 0.40490775 1.32669459 1.41209 -1.192369 -0.609246
9580 1.36186344 0.39607875000000003 1.01145024 -0.970492 -3.218314 -0.460922
9600 1.81751832 2.97386226 -0.39008484000000004 -1.561047 -2.587811 -0.18064
9620 0.8509782600000001 6.63944724 -1.1439244800000001 -0.942531 -0.59438 -0.258991
9640 -2.5848270899999997 14.12837181 -3.78173538 -0.909645 -0.445061 -0.06667200000000001
9660 -5.207373629999999 21.23663895 -8.709190470000001 0.135481 0.189219 -0.283443
9680 -2.4831856800000005 21.86862858 -6.67941318 0.8951399999999999 0.478169 -0.473992
9700 -2.35580283 17.60893038 -11.97524358 1.477591 0.616028 -0.555558
9720 -4.856205060000001 11.447740259999998 -8.29859292 1.835373 0.627851 -0.625713
9740 -6.14442483 7.629629400000001 -3.18552282 1.6441310000000002 1.471337 -0.672995
9760 -8.74317231 7.49311344 -5.10947964 1.027592 2.084617 -0.325574
9780 -5.597762580000001 8.64167805 4.6647531 0.455915 1.93324 0.196192
9800 -2.4179197500000003 8.21043045 8.17853814 0.567873 0.137276 0.07643
9820 -2.3852916900000003 8.51489361 5.01816816 0.061533 -0.387571 0.165433
9840 -8.715174569999999 51.48303696000002 -26.986633110000003 -0.021486 0.342647 0.377561
9860 -0.31629402 8.38600983 2.5771949100000002 -0.306272 1.138175 0.6822010000000001
9880 -3.0220686000000003 4.284988380000001 7.27996176 -1.044579 1.115257 0.659981
9900 -4.5812209500000005 14.40499419 5.125793669999999 -1.619486 -0.27399999999999997 0.659882
9920 -1.22175702 16.80061581 1.2049917300000001 -2.255722 -1.997203 -0.7545430000000001
9940 -0.7716447900000001 14.048881380000001 -3.6627302700000004 -2.328773 -5.043074 -0.363386
9960 -2.4676172100000002 11.45493099 -4.728518100000001 -1.353304 -3.378595 0.5247149999999999
9980 -3.5471782800000002 11.67661737 -7.049436570000001 0.686563 2.427045 0.6490279999999999
10000 -4.61969577 11.14672041 -9.72153342 -0.058627 -3.624408 0.401613
10020 -2.79753732 8.502317190000001 -7.829164800000001 0.655497 -0.82224 0.990533
10040 -1.0267146 4.69573308 -2.95814664 0.456802 4.815794 0.74798
10060 -0.3441348 0.5498112600000001 1.50930774 -0.28160100000000005 4.039696 0.467147
10080 -0.38350233000000006 -0.25088094 2.9954246400000004 -0.691034 -0.470313 -0.06831799999999999
10100 -0.22992678000000003 -1.83877659 4.7809035 -4.365545 -13.298457999999998 -2.450067
10120 -1.39359879 -2.4496551 3.3235397100000004 4.804624 1.631186 -1.295261
10140 -1.0412334 0.45280998 2.01944736 3.78017 3.160985 -0.424163
10160 1.86871671 1.8588380400000002 1.68324885 0.502763 0.698856 0.886036
10180 3.5149916700000006 2.8373463000000005 2.1198919500000004 -2.450734 -3.265035 0.782891
10200 3.4937334000000004 3.6443169 -0.8821152000000001 -2.524157 -3.957118 0.759764
10220 -0.40744854 4.962476790000001 0.7502393700000001 -2.314371 -4.992346 0.523274
10240 -3.82229973 11.22994845 3.8124210600000006 -1.350229 0.753834 -0.065945
10260 -4.549789710000001 14.084962560000001 -2.1266314200000007 -1.810245 2.185905 -0.01865
10280 -3.67320735 15.594721560000002 -7.67394117 -1.619242 1.542517 -0.193817
10300 -5.79519864 29.68836597 -10.4029164 -1.18816 0.585436 -0.4512930000000001
10320 -2.81908989 13.90697973 -21.472696980000002 -0.794171 0.042387 -0.5867140000000001
10340 -2.3221251 6.862026330000001 -20.33281422 -0.647861 -0.971874 -0.683737
10360 -1.52877078 4.931948070000001 19.958749110000003 -0.796787 -1.317805 -0.8915690000000001
10380 -2.2233285900000004 6.35713506 11.349551970000002 -0.967371 -0.5292180000000001 -1.08071
10400 -5.373976860000001 11.99501073 5.2019781300000005 -1.053411 1.394147 -1.14146
10420 -10.667266470000001 29.768592150000003 1.26157581 -0.671385 1.319791 -0.993418
10440 0.9892894500000001 33.67172628 -47.05779501000001 -0.396947 -0.511253 -0.740259
10460 0.8990276400000001 2.73376251 14.340483630000001 0.063703 -0.999855 -0.696891
10480 0.43679025000000005 10.917244890000001 9.46392282 0.4532270000000001 -1.026573 -0.746479
10500 -0.7643069100000002 18.24855219 1.36171629 0.605541 -0.669034 -1.046043
10520 -2.70083034 13.530658319999999 6.4256873400000005 1.586973 -0.657683 -1.006088
10540 -5.54730975 13.812224940000002 -2.16734292 2.2679 -0.5991270000000001 -0.5228430000000001
10560 -4.97280672 10.35501417 -4.07961603 3.114909 -1.295401 0.235994
10580 -4.43513043 7.70837427 -1.8080909100000002 3.321512 -0.861223 1.2346
10600 -2.2924792800000002 6.36940737 -1.1132388 3.075656 -0.09061 1.874965
10620 -0.9952833600000001 5.32592748 -1.04243022 2.40213 -0.7538050000000001 1.27611
10640 -0.27961443 4.32210942 -0.8155053 2.567584 -0.845766 0.687725
10660 -1.02970665 3.5802576000000004 0.1329255 1.854818 0.7262649999999999 0.851648
10680 -2.67673698 3.95537238 0.24519114 -0.090713 2.396661 1.460827
10700 -3.0942113400000006 5.20003575 -0.9337550400000001 -0.8282 1.259277 2.282869
10720 -2.3456200500000004 5.04421371 -3.0597880500000008 0.498935 -2.964435 1.639527
10740 -1.09482543 4.5333187200000005 -0.025594290000000002 1.472746 -2.742598 0.731647
10760 0.8942403600000001 6.78524346 1.5522755400000001 1.093373 -3.276587 0.33337100000000003
10780 2.75188158 9.910738890000001 -2.89857051 0.7208140000000001 -2.823824 0.11868
10800 1.88338266 9.69833277 -3.4296642900000003 0.321184 -2.75742 -0.156593
10820 -1.82859381 8.87160483 -3.8440092600000004 0.128333 -3.285853 -0.50764
10840 -2.84438988 9.7032672 -3.34688751 -0.0285 -3.50812 -0.731709
10860 -2.1318699600000004 11.95189578 -4.94317071 0.177992 -3.5060860000000003 -0.620242
10880 -0.28860039000000004 17.21913984 -3.01757562 1.520385 -2.7498970000000003 -0.14715799999999998
10900 0.5610339 19.07543709 4.02482718 3.00363 -2.103351 0.449896
10920 0.99752985 21.864586860000003 8.04741768 2.259741 -2.53346 1.028501
10940 -4.402345410000001 21.34276353 6.02796051 0.678333 -0.404742 1.791324
10960 -6.706351440000001 19.09623429 2.6473952700000005 1.225269 -0.438591 2.321821
10980 -7.70881572 20.150642519999998 1.4338688400000001 1.424856 -2.27834 1.887602
11000 -5.20752078 16.50034152 0.13741848 0.7954359999999999 -3.270057 1.354638
11020 -5.30032338 13.42902672 2.35954044 0.19744 -0.32368800000000003 0.8542350000000001
11040 -5.47036992 10.729991609999999 5.238510570000001 2.045218 -1.637952 0.513108
11060 -0.90201969 11.179505429999999 6.306839190000001 1.760522 -1.710979 0.640468
11080 1.6697797200000002 9.865985669999999 2.9529081 -1.12932 -0.681761 -0.090336
11100 -4.19443227 4.46596326 2.64724812 -2.308119 2.079191 -1.403202
11120 -4.61025855 1.7980650900000001 1.63220742 -1.6750509999999998 2.340996 -2.4203360000000003
11140 -4.04129817 0.6228565199999999 0.85801203 0.648947 -4.809382 -2.508172
11160 -3.7056980700000004 1.03494519 0.84124674 0.444482 -6.372008 -1.300507
11180 -3.24719829 2.3586477300000004 0.34712685000000004 0.219063 -3.3643160000000005 0.120141
11200 -2.3504171400000002 4.997655450000001 -1.24002324 -0.688393 -2.573375 1.045347
11220 -3.65060511 10.21925358 -8.208027000000001 -1.211702 -2.550814 1.1848040000000002
11240 -2.8711809900000005 17.97357789 -14.89911408 -1.539853 -2.078295 1.318639
11260 3.3973305300000005 10.227337020000002 -10.16341506 -2.070042 -0.62985 1.328035
11280 5.4687316500000005 5.94728307 0.46658322 -1.792548 -0.6903560000000001 0.768166
11300 8.25937254 9.45374004 2.57284908 -1.059049 -1.946196 0.102987
11320 7.091649 10.983256380000002 -5.13402426 -0.836183 -1.919594 -0.082429
11340 3.8517885900000004 8.53151175 -3.2159142000000003 -1.005084 -1.022131 -0.061258000000000014
11360 -0.8734333500000001 12.19034745 3.60405666 -1.079374 -0.615267 0.021023
11380 -13.404325140000001 36.06495426 -3.6106391700000002 -1.187475 -0.527246 -0.052484
11400 -7.73710776 7.850570220000001 -1.75031001 -1.151278 -0.681286 -0.189835
11420 -9.52259643 -8.852740200000001 8.211176009999999 -1.136665 -1.163212 -0.363235
11440 -5.353621110000001 1.1876280300000004 5.37337845 -1.267048 -1.348633 -0.500641
11460 -3.2452559100000005 9.65162736 7.2507672 -1.416453 -0.519943 -0.613841
11480 -6.90573969 24.978702690000002 1.7215667100000003 -1.509919 0.7311350000000001 -0.643871
11500 4.5494856000000015 16.46217081 -3.09571227 -1.069358 1.316065 -0.5165609999999999
11520 4.86159075 12.65528259 3.51753246 -0.592783 0.562195 -0.483424
11540 0.055534410000000006 10.53778428 2.01779928 -0.401147 -0.6595 -0.427109
11560 -2.5683561 10.067463450000002 0.621954 0.033004 -1.2497120000000002 -0.5248010000000001
11580 -2.17587762 9.015605820000001 0.40461345 0.649858 -0.7024090000000001 -0.7305659999999999
11600 -2.36073726 9.16648362 1.0090467900000002 1.261182 -0.544433 -0.806615
11620 -3.96525105 8.74241694 -0.84604383 2.149004 -1.073404 -0.894807
11640 -5.588325360000001 6.746170230000001 -1.0976703300000001 3.092439 -1.124044 -0.770648
11660 -4.071532590000001 6.2486070300000005 -0.21869433000000002 3.880333 -1.047465 -0.092263
11680 -2.71730133 7.200324180000001 -0.039965940000000005 3.861979 -1.215968 0.502825
11700 -1.67815746 7.745348160000001 0.6478524 3.679334 -0.452875 0.8381290000000001
11720 -1.2927127500000002 6.826553370000001 2.5131258000000005 3.220721 0.698543 1.005434
11740 -1.61917974 6.23378412 3.76961022 2.636287 0.815358 1.070637
11760 -2.66445486 7.81045713 3.1290956999999997 1.7637619999999998 -0.344927 0.811792
11780 -4.11883641 9.79742358 1.0493168400000001 1.494144 -1.17511 0.862247
11800 -4.60742346 11.036848410000001 -0.7738912800000001 1.645993 -0.151674 1.336287
11820 -3.74012136 11.10226149 -1.8984998700000002 1.443973 -0.553212 1.493487
11840 -1.3162175100000002 10.21565331 -1.3503465000000001 1.580097 -2.096121 1.4729139999999998
11860 0.09669717 11.56645107 -0.3210813 1.854402 -1.612419 1.218905
11880 0.18800865000000003 11.89141713 1.34630478 1.6812060000000002 -2.276109 1.108519
11900 -1.1422764000000003 11.9388681 -0.35491599000000007 1.6871650000000002 -3.195027 0.999712
11920 -1.84416228 12.490474590000002 -2.7390010500000006 1.682684 -3.623738 0.854951
11940 -1.3686029100000001 13.21227477 -3.50361207 1.7114220000000002 -3.719388 0.77409
11960 0.59306355 13.799354220000001 -2.40744267 1.441458 -3.272024 0.7545390000000001
11980 1.64926701 14.23389798 -1.08853722 1.050568 -2.481019 0.684566
12000 2.86833609 14.780864340000003 1.7221651200000003 0.6458689999999999 -1.863808 0.664924
12020 0.27901602 15.322435200000001 2.80277586 0.33578800000000003 -1.673639 0.530055
12040 -1.62950967 14.889990780000002 3.9273844500000004 -0.0049770000000000005 -1.809707 0.487257
12060 -1.35573219 15.74305857 5.671857510000001 -0.31002 -2.054614 0.4587350000000001
12080 -2.17976238 14.70377736 6.72296958 -0.445277 -2.068786 0.39051
12100 -2.5427618100000005 12.560233500000002 4.9713156000000005 -0.43142 -1.936329 0.28788800000000003
12120 -2.9982695400000003 12.13676523 1.78623423 -0.208309 -2.179847 0.253439
12140 -1.75330206 11.20839588 -0.75473235 0.770846 -2.085858 0.40864
12160 -0.37960776 11.116927440000001 -0.18202455 1.809885 -1.518853 0.769821
12180 1.8826371000000002 9.10766286 1.32249591 1.790286 -0.988745 1.152497
12200 0.95890788 8.17793973 4.31822466 1.259886 -1.045289 1.366782
12220 -0.34503732000000004 6.603071760000001 1.98367029 0.7867390000000001 -1.658209 1.340761
12240 -1.30349394 7.138658520000001 2.06930178 0.211533 -2.3892830000000003 1.114422
12260 -1.4632105499999999 7.8321666599999995 2.5911153000000002 -0.518573 -0.641741 0.560153
12280 -1.7482106700000002 8.16761961 2.99167722 0.160904 0.395863 -0.034635
12300 -1.5322140900000003 7.95520368 2.24083944 1.534072 -0.492212 0.015619
12320 -1.8092877300000003 7.3057032 0.65878074 -0.06968200000000001 -0.048862 0.025213
12340 -2.4438181500000002 6.59214342 0.09430353000000001 -1.487649 1.428017 0.087123
12360 -2.7551679300000003 6.14816244 0.31988447999999997 -1.834604 2.901781 -0.5324840000000001
12380 -2.40190983 6.1022124 0.48409407000000004 -1.547093 1.945609 -0.892446
12400 -1.8835298100000002 6.3834749099999994 0.43559343 -1.1168129999999998 0.853176 -0.8677450000000001
12420 -1.30723155 6.431671440000001 -0.05343507 -0.9999 -0.262197 -0.695651
12440 -0.8946916200000001 6.727305600000001 -1.3739886 -0.704828 -1.160803 -0.540751
12460 -1.5232281300000001 7.25975316 -3.69596655 -0.641567 -1.365297 -0.339222
12480 -1.2039420600000001 10.51862535 -7.969281030000001 -0.7802640000000001 -1.355267 -0.329521
12500 -0.10733121 15.7274901 -12.088558890000002 -0.947349 -1.218507 -0.285998
12520 -0.24743763 17.175132180000002 -10.458303660000002 -1.003439 -1.159442 -0.08991299999999999
12540 -1.44045135 13.45672035 -6.8946642 -0.8745209999999999 -0.968005 0.142546
12560 -1.29510639 7.044649290000001 -5.0010987600000005 -0.726777 -0.759042 0.238382
12580 -0.28665801 4.56430851 -4.21837848 -0.700096 -0.801567 0.193758
12600 -0.55849311 5.85432351 -2.75831694 -0.696138 -0.70117 0.125291
12620 -1.5441921 10.531496070000001 0.6577310700000001 -0.548525 -0.5412399999999999 -0.037321
12640 -8.57656908 28.583661870000004 -5.01891372 -0.568697 -0.869883 -0.151341
12660 -4.42958778 19.34127828 -3.68264457 -0.410976 -0.6691090000000001 -0.147291
12680 -3.0250606500000004 -6.9030419400000005 10.68567984 -0.147862 -0.017135 -0.115311
12700 -3.36604644 -0.26405577 1.7152785000000002 0.293501 0.783783 -0.189098
12720 -1.34255736 10.808422560000002 3.1690616400000002 1.136161 1.353309 -0.287559
12740 -1.8251505000000001 11.799811350000002 1.99310751 2.16047 1.844999 -0.5256569999999999
12760 -0.95247252 10.31729472 0.20642202000000004 3.196668 2.233868 -0.901341
12780 -0.2718351 11.679158160000002 0.11840670000000002 3.5700199999999995 2.0819650000000003 -0.800262
12800 -0.23560677000000002 13.980329100000002 -1.76348484 3.263821 2.201858 -0.6807770000000001
12820 -1.28613024 10.73267955 -2.29173372 2.180043 1.540971 -0.436468
12840 -2.18844423 8.61802614 -1.3503465000000001 0.6900390000000001 0.555261 0.13763599999999998
12860 -1.93353138 8.726407020000002 -1.05665472 0.299548 0.611781 0.194657
12880 -0.7450008300000001 10.25217594 -1.2162241800000002 0.488878 2.227985 0.517579
12900 -0.57031416 10.25113608 -2.06825211 -0.104202 1.934342 0.67191
12920 -2.03067981 9.51706359 -2.18844423 -0.877426 1.007203 0.630309
12940 -2.9041131600000005 9.13115781 -1.24002324 -1.999627 0.559262 0.137003
12960 -2.5782347700000003 8.97459021 0.1272357 -2.653528 -0.835392 -0.575076
12980 -2.2222789200000004 8.350536870000001 0.18217170000000002 -2.832736 -2.996414 -1.323451
13000 -2.43423378 9.123074370000001 -1.5452319600000002 -2.633444 -0.378118 0.404037
13020 -1.6021201500000002 9.910738890000001 -2.7693924300000003 -1.5399459999999998 -0.663029 0.375721
13040 -2.36972322 10.10548701 -3.3829686900000002 -1.574395 -2.197585 0.811145
13060 -3.0717660600000003 9.92720988 -3.94864272 -0.985027 -1.894726 1.018904
13080 -3.4358053500000003 10.30127499 -8.643777390000002 -0.175501 -0.842708 0.7027439999999999
13100 -5.27727969 9.333538110000001 -6.43137714 0.36935 0.666054 0.148073
13120 -2.94197976 7.10437257 -1.92948966 0.8241930000000001 1.669012 -0.112818
13140 -2.4022041300000003 5.65314003 0.19010799 0.012795 0.445461 0.211026
13160 -2.3947191 3.39973398 5.73876171 -0.280133 1.376116 0.5635060000000001
13180 -0.34667559 0.9436337100000001 7.48683504 -1.2898379999999998 -1.023061 0.15146600000000002
13200 -0.45250587000000003 -3.2744406600000002 4.0462326000000015 2.16546 1.998956 0.660975
13220 1.25349237 -2.03546709 1.41590673 2.6296 0.897013 -0.693149
13240 3.8408602500000004 1.13269203 2.6391646800000004 -0.6820390000000001 -2.755634 -0.798126
13260 4.509676620000001 0.8422964100000001 2.59559847 -1.62906 -2.915077 -0.331315
13280 4.28993262 2.7942411600000003 0.89050275 -0.907959 -0.990713 -0.276401
13300 0.79290306 5.440881060000001 -0.24279750000000003 -0.318103 0.928895 0.015816
13320 -2.65353633 8.41116267 -0.8855585100000001 1.045574 1.2595 0.072987
13340 -6.7181823000000005 18.66513384 -6.490207710000001 3.141108 0.426066 -0.314027
13360 -6.03934011 31.19617278 -6.589749780000001 3.925053 0.107921 -0.8198219999999999
13380 0.057633750000000004 20.946988890000004 -11.11543632 3.420646 0.529602 -1.404998
13400 -0.06660990000000001 15.12081027 -14.78834937 2.261786 0.870721 -1.2575690000000002
13420 -1.78338933 8.13453048 -6.95319066 1.149364 1.561686 0.071189
13440 -4.54215753 4.132011240000001 -0.74799288 0.624013 1.319303 0.401115
13460 -8.06253489 6.71069727 -1.5940367100000001 0.494546 1.248441 0.651334
13480 -8.104148910000001 11.823463259999999 3.797451 -0.08258 1.23151 0.8566959999999999
13500 -3.6715690800000003 8.462949660000001 1.38641787 -1.093702 0.964942 0.996321
13520 4.619391660000001 6.871012290000001 3.7845802800000006 -1.9733 0.472078 0.604112
13540 1.14526845 32.293548810000004 -15.276328200000002 -2.451021 -0.810593 -0.026764
13560 -4.63990437 23.76308673 -5.03462934 -2.533841 -3.161323 -0.570192
13580 -0.63962181 1.9157164200000003 11.41121763 -2.816944 -2.024778 -0.299092
13600 -5.56019028 7.71869439 -1.38776184 -2.104789 -0.8674200000000001 0.031275
13620 -2.8572606000000005 14.588666819999998 5.81450472 -2.193017 -0.968463 0.334163
13640 0.0811287 15.563290320000002 -2.02243941 -2.263226 -0.592331 0.904689
13660 -1.6997198400000002 13.874793120000001 -7.25212098 -1.005328 0.083217 1.10489
13680 -3.8417627700000003 13.88901762 -7.771089600000002 0.367446 0.612374 0.5198699999999999
13700 -4.601880810000001 11.72242026 -8.292010410000001 1.146864 1.35352 0.182533
13720 -4.74004485 7.3551063600000015 -6.43736124 0.200111 -0.8813059999999999 0.173443
13740 -3.5298145800000005 4.1412915 1.75869756 -0.156115 -1.415555 0.086181
13760 -0.85068396 1.1169764100000001 5.9839528500000005 1.243727 2.953602 0.8872540000000001
13780 2.3276579400000004 -2.82327876 4.685256000000001 3.044059 1.460588 0.001231
13800 4.2610421700000005 -4.384981710000001 2.6725383000000003 0.62412 -1.200892 -0.724765
13820 2.4538439700000003 -0.41613039 3.09526101 -1.3606120000000002 -2.38832 -0.425186
13840 3.4801171200000005 1.46754657 2.18111616 -1.934365 -2.313863 -0.166507
13860 2.43423378 2.32227225 1.1996060400000002 -0.8149109999999999 0.374135 -0.14824500000000002
13880 -0.39802113000000006 3.3932888100000005 -0.59905746 0.152258 1.087133 -0.269521
13900 -0.8253839700000001 5.39882559 -1.4043799799999999 2.565996 1.017493 -0.663838
13920 -2.66385645 7.278313679999999 -2.8723778100000006 3.281931 0.030769 -0.948129
13940 -6.727305600000001 14.90974812 -5.47756065 3.602241 0.23007600000000006 -1.516577
13960 -4.9368825 21.91562829 -4.61505564 3.021946 0.217212 -1.791943
13980 -2.35954044 21.84362289 -8.94778929 1.972137 0.758903 -1.015895
14000 0.96025185 15.310761300000001 -11.30000166 1.145171 1.295564 0.025567
14020 -0.62420049 7.5139204500000005 -7.20826047 0.796708 1.050034 -0.075897
14040 -5.26290804 7.350014970000001 -2.33289648 0.5362640000000001 1.244993 0.14636
14060 -5.5479081599999995 9.032969520000002 -1.2882197700000002 0.12158 1.463177 0.288462
14080 -3.97153926 7.900866090000001 5.429511270000001 -0.481496 0.961369 0.5604939999999999
14100 -3.47187672 11.00496591 -4.57882731 -1.33889 0.453612 0.6758649999999999
14120 -4.94047296 37.8486477 -21.571640640000002 -2.087625 -0.669941 0.447748
14140 -1.20694392 14.253508170000002 5.252274 -2.634941 -1.994812 0.306754
14160 -2.4670188000000004 3.38146776 8.466844230000001 -3.118362 -1.806831 -0.195723
14180 -3.96166059 10.98205956 3.85912647 -2.933352 -2.019174 -0.267866
14200 -1.80614853 16.34750172 5.030587620000001 -2.732364 -1.790109 0.34854
14220 -0.6406714800000001 16.207101 -2.8294198200000005 -2.260543 -0.125119 1.013068
14240 -2.909646 15.675850260000002 -7.40241018 -1.185629 0.466651 1.011272
14260 -5.751936540000001 14.374612620000002 -7.27053435 -0.377813 0.094779 0.600785
14280 -4.91218092 13.18877001 -11.46390714 0.5517880000000001 -0.049477 -0.093291
14300 -6.013745820000001 8.46954198 -1.7649759600000003 0.582001 2.614981 0.361773
14320 0.29623257000000003 2.9163854700000003 1.58624757 -0.294112 1.541583 0.754408
14340 -0.37751823000000007 2.5312350600000006 1.8226097100000003 0.040824 0.376766 0.315996
14360 2.27646936 -0.28245933 5.19584688 2.39938 1.053576 0.84435
14380 3.15184509 -4.026926520000001 2.86235199 2.63073 0.83044 -0.296746
14400 0.7478457300000001 -1.9059849 0.5260023900000002 -0.511887 -1.736575 -0.843109
14420 1.97275176 0.56687085 1.01743434 -1.945695 -3.206499 -0.438907
14440 3.0138282000000003 1.65330873 1.1560496400000002 -1.497138 -0.996213 0.011115
14460 2.50518951 3.5997108300000003 0.15552774 -0.6459729999999999 0.790852 0.188891
14480 0.56851893 5.17489272 -0.2311236 0.940241 -0.412534 -0.480013
14500 -1.1255111100000001 5.90940666 -1.5179895900000002 2.66994 0.599612 -0.946723
14520 -6.508169820000001 9.106613190000001 -5.13761472 3.3159110000000003 1.127993 -1.240922
14540 -7.741904850000001 16.77741516 -6.6386918700000015 3.218961 0.6087779999999999 -1.316778
14560 -2.1754263600000003 20.09601063 -6.9900174 2.5833060000000003 -0.020858 -1.284091
14580 -0.70652601 19.71310671 -9.65492352 1.500967 0.217141 -0.457675
14600 -0.06182262000000001 11.21437998 -7.36423947 0.525972 1.43221 0.488948
14620 -3.99519117 6.05461428 -5.651197649999999 0.202362 1.727769 0.383759
14640 -8.494086600000001 6.9567811200000005 -3.78248094 -0.105016 1.4150049999999998 0.8093020000000001
14660 -11.617786800000001 13.07081457 -8.01897849 -0.370014 0.782358 0.7409640000000001
14680 -2.7047249100000004 8.836573320000001 7.44581943 -0.921536 0.552076 0.732065
14700 0.50235048 9.46332441 1.1576879100000002 -1.680502 0.590422 0.8581059999999999
14720 1.97574381 37.74221901 -19.36148688 -2.2119720000000003 0.054196 0.351948
14740 -0.6188148 13.364506350000001 2.6676038699999998 -2.131126 -2.81767 -0.8113739999999999
14760 -3.2837209200000004 2.7056274300000003 8.01448551 -2.35969 -4.034586 -0.786842
14780 -5.501663820000001 11.63081448 2.4742095300000004 -1.402154 -2.207638 -0.019784
14800 -1.33447392 18.48595419 5.19584688 -0.8320870000000001 -1.025662 0.13864400000000002
14820 2.5426146600000004 17.43424371 -4.5891572400000005 -1.101018 -1.730879 0.6386649999999999
14840 -1.60870266 15.407605620000002 -6.41086443 -0.934975 -2.98844 0.8946049999999999
14860 -6.36955452 13.404030839999999 -8.036636490000001 -0.14924400000000002 -0.999028 0.8772479999999999
14880 -8.23048209 12.320428049999999 -8.184679200000001 0.491636 2.990007 0.4279600000000001
14900 -4.95199971 8.57537226 -1.22355225 0.191624 3.980445 0.754675
14920 -1.16068977 5.49911322 -0.7743425400000001 -0.878497 -2.631901 -0.402279
14940 0.26225073 4.865779620000001 2.5583302800000003 3.628239 2.12869 0.782121
14960 1.8925157700000002 -0.68348232 4.90739364 4.039007 1.640168 0.05068
14980 3.41155503 -5.29957782 4.44126168 0.215317 -0.837944 -0.559307
15000 2.7864520200000005 -6.0011694 2.23036236 -1.878285 -4.325481 -0.652783
15020 2.9979654300000003 -0.26135802 0.9580053600000001 -2.477623 -4.640087 -0.312599
15040 3.62276433 1.2039420600000001 -0.09879651 -0.8921379999999999 -1.208218 0.02309
15060 2.43857961 0.1158561 0.16270866 -1.072584 -1.000932 0.023701
15080 1.4584134600000003 1.9002951000000001 -0.00329616 -0.711472 -2.790886 -0.216106
15100 0.08576883000000002 5.27128578 -0.43934085000000006 0.44534 -1.148826 -0.5370060000000001
15120 -3.2509359000000004 11.11902678 -3.4498728900000004 1.2538790000000002 0.338168 -0.672132
15140 -6.53855139 18.160232760000003 -7.2194831100000005 2.43491 0.131401 -0.8708530000000001
15160 -3.14990271 20.99249748 -5.94383976 2.666054 0.422887 -0.971093
15180 0.04041720000000001 20.47652091 -8.55112194 2.2688650000000004 0.450518 -0.8766950000000001
15200 -1.6163348400000004 14.980546890000001 -9.43204032 1.726314 0.095613 -0.631134
15220 -3.8348761500000004 9.48233619 -6.92564418 0.322308 0.170016 0.625875
15240 -8.2973961 8.20983204 -5.40750744 0.020585 0.423876 1.072095
15260 -8.95079115 11.09103885 -4.6795662 0.189981 0.192837 0.8941129999999999
15280 -1.56139884 4.357739340000001 9.37844829 0.084978 0.020919 0.820961
15300 -1.14002991 11.54533995 5.3730743400000005 0.21058 -0.170757 0.6938979999999999
15320 2.03172948 51.32451717 -30.83423283 0.033666 -0.549704 0.5083449999999999
15340 -0.13067901 3.4826579100000004 13.217513310000001 -0.547002 -0.80247 0.552683
15360 -2.8743201899999997 3.24689418 6.159542040000001 -0.979479 -1.441098 -0.004995
15380 -4.59693657 16.74432603 5.28087015 -0.5342560000000001 -3.097079 -0.787043
15400 0.6017454 16.974547110000003 4.284694080000001 -1.341275 -7.296086999999999 0.100393
15420 1.45467585 15.99034905 -8.91141381 -0.677732 -2.871888 0.030993
15440 -2.66505327 14.785200360000001 -3.0362832900000005 0.039166 1.414531 0.536845
15460 -4.4914104 12.34857294 -4.73809266 -0.105395 -0.412678 0.727252
15480 -5.02505478 10.60828875 -7.50853476 0.521205 -0.357369 0.47198
15500 -4.104768870000001 10.557541620000002 -7.3429812 0.325641 1.391745 0.392529
15520 -2.6954446499999998 9.81643536 -7.537729320000001 0.351687 1.95544 0.8609379999999999
15540 -1.77994602 6.739283610000001 -3.8694564000000002 -0.170176 1.189166 0.599765
15560 -0.7253906400000001 3.42098244 0.7161103800000002 -0.7931199999999999 0.784119 0.401516
15580 0.67150431 1.32175035 3.1085829900000004 -1.404303 -1.036732 0.20623200000000005
15600 1.68848739 -1.4209981200000001 4.554881100000001 2.220046 -4.149426999999998 -0.54747
15620 3.8446076700000003 -3.45826044 3.4181375400000005 2.891396 1.7449439999999998 -0.646474
15640 1.48581279 -2.30835186 2.34353052 1.443042 0.15775699999999998 -0.209108
15660 0.74155752 0.09774684000000002 1.92095496 -0.810638 -1.408224 0.684077
15680 1.7485147800000003 1.40737203 1.7956616400000003 -1.938104 -2.106047 0.8789899999999999
15700 2.0184075 1.8799393500000001 1.69821891 -2.183561 -2.762754 0.949688
15720 -0.26284914 3.40437411 -0.02245509 -2.2021740000000003 -3.112076 0.943596
15740 -1.40782329 6.411168540000001 -1.47009717 -1.2455 -2.4308240000000003 0.5125029999999999
15760 -3.9095694900000004 15.91850061 1.8453591 -0.965618 0.107366 0.360586
15780 -10.91275191 28.1485197 -0.71641449 -1.157254 1.62296 0.599792
15800 -7.07009643 20.67500664 -8.25728301 -1.213134 1.958915 0.549833
15820 -5.80043718 19.65427614 -15.54368013 -1.310832 1.057075 0.256545
15840 -5.892494220000001 11.808797310000001 -16.5688938 -1.203178 -0.6212439999999999 0.024438
15860 -6.60097242 5.64326136 -6.137538210000001 -1.093069 -1.630009 -0.083527
15880 -2.69350227 2.4983028899999997 0.0464013 -1.197931 -1.987367 -0.13614400000000002
15900 0.46448388 4.48272855 3.9737857500000002 -1.246205 -2.3608 -0.213983
15920 0.22992678000000003 9.95804271 7.312148370000001 -1.310155 -1.847214 -0.18945
15940 -4.78584774 14.31727317 3.3882072300000003 -1.346486 -0.297774 -0.289966
15960 -6.48496917 16.57728135 1.4853615300000003 -1.317164 0.576415 -0.481025
15980 -6.902443530000001 25.4273238 -7.38818568 -1.309032 0.343668 -0.62488
16000 -3.3985371600000005 25.461599940000003 -10.111471109999998 -1.416201 -0.32036 -0.7080989999999999
16020 -1.16801784 7.6591182600000005 6.72670719 -1.154593 -0.044258 -0.717308
16040 1.60735869 10.4436279 4.59858465 -0.594012 1.295943 -0.425621
16060 2.51506818 16.645235220000004 4.88808756 -0.314632 1.022383 -0.189378
16080 1.0021699800000001 14.875020720000002 3.33521361 -0.4254270000000001 -1.675082 -0.312746
16100 -3.3720403500000002 13.45656339 0.15358536 -0.426905 -2.875003 -0.47252
16120 -4.67972316 12.9334059 0.10164141000000002 -0.050415 -1.65904 -0.653046
16140 -5.48040555 10.128834809999999 -3.30512634 0.52936 -0.203484 -0.720296
16160 -2.34592416 7.53713091 -0.88765785 1.092354 -0.341426 -0.545271
16180 -0.17872839 5.508540630000001 1.2361286699999998 1.510685 -1.14128 -0.417411
16200 -0.48603645 3.8992395600000003 1.6810023600000001 2.072892 -2.263146 -0.339407
16220 -1.9868193 3.9481914600000003 2.1445935300000003 2.620626 -2.069558 -0.474698
16240 -2.20386555 5.602402710000001 2.42585604 2.972485 -0.971255 -0.5142399999999999
16260 -1.2145761000000002 6.735840300000001 2.2589487 3.077461 0.17643499999999998 -0.169942
16280 -1.2940567200000002 7.607625570000001 1.0326987 2.921842 1.084047 0.231596
