time Ax Ay Az Gx Gy Gz
20 -1.31142042 21.091735440000004 2.65997169 -0.001656 2.313827 0.787508
40 -0.35491599000000007 10.229279400000001 -1.00949805 0.07104400000000001 2.3847970000000003 0.825312
60 2.7942411600000003 3.82125006 -2.9163854700000003 -0.22610700000000006 2.491324 0.816691
80 0.37632141 5.07130893 -10.153830690000001 -0.35552399999999995 2.749091 0.6701779999999999
100 -6.480319230000001 10.08123669 -9.26723232 -0.253103 2.744382 0.427345
120 -14.85586179 15.306866730000001 -1.7079504300000001 -0.243706 1.76954 0.447888
140 -13.517493300000002 5.776490969999999 -3.1069349100000005 -0.583689 0.600125 0.145773
160 -6.29306595 2.7401978700000003 -1.63190331 -0.736349 0.029642 -0.646115
180 -1.5001844400000002 5.24404341 1.0741655700000001 -1.609851 -0.260973 -1.005425
200 -0.80966835 7.45584525 0.7914021300000001 -2.656186 -0.409981 -1.462264
220 -2.50249176 9.33908076 0.4767561900000001 -3.72594 -1.425481 -2.325149
240 -5.04720576 9.91747836 0.23156505000000002 -4.448914 -0.997608 -2.937498
260 -6.07241943 9.57303945 -0.5634275400000002 -4.401206 0.981543 -3.744072
280 -5.90985792 8.64482706 0.22887711000000002 -3.73687 1.62476 -3.734914
300 -4.488114240000001 9.78589683 2.18470662 -3.629497 0.510537 -3.575708
320 -2.7870504300000003 13.0839894 2.8150481700000003 -3.795498 -1.714675 -4.001305
340 -3.9739329000000003 16.1294058 0.95561172 -4.936876 -1.896541 -4.94908
360 -7.61915232 18.03958938 0.621954 -5.930643 -2.258516 -5.207658
380 -11.759247000000002 20.19569985 0.13127742 -4.6701739999999985 -1.732594 -3.823657
400 -12.40515702 19.36208529 4.19457942 -4.355479 -1.274523 -3.830592
420 -4.17002499 17.338449060000002 5.5733553 -4.10722 -2.5142740000000003 -3.570896
440 -0.76296294 16.93354131 4.39740117 -3.498296 -1.880246 -3.347401
460 -1.04213592 23.307735960000002 4.98598155 -2.915775 -0.7843479999999999 -2.719827
480 -1.74177531 24.8400972 0.3010198500000001 -2.288097 -1.265247 -2.084575
500 0.7258419 22.45660074 -3.4684334100000003 -1.45145 -1.885879 -1.31843
520 1.9002951000000001 19.15341678 -7.32681432 -0.708464 -2.658661 -0.517493
540 0.50504823 14.809156380000001 -7.7567179500000005 0.257658 -1.858203 0.399423
560 -2.36941911 15.043419179999999 -2.70307683 0.949993 0.06439199999999999 0.920951
580 -3.9649567500000003 12.994924410000001 -0.38859372000000003 1.1841780000000002 1.631676 1.1844290000000002
600 -3.5007671700000005 9.27935748 1.13689071 2.384646 2.405526 2.158564
620 -2.06930178 7.0338681 0.6373753200000001 3.189494 2.449051 2.829632
640 2.1278282400000004 3.4902900900000002 -2.22722316 3.348381 1.041973 2.3881650000000003
660 1.0065060000000001 0.95711265 -1.9091339100000002 4.0238 -0.356038 2.161802
680 -0.89244513 1.16113122 -0.56582118 2.734626 1.316411 2.488212
700 0.18531090000000003 0.9910846800000002 -1.57876254 2.489509 0.589762 1.93516
720 0.19489527 -4.0231791 -1.22415066 2.14341 1.718509 1.01583
740 1.7069007600000001 -9.78021684 1.59793128 2.122064 2.725985 0.837065
760 2.20297284 -10.423870560000001 5.505254280000001 2.203996 3.139297 1.301784
780 -0.14849397 -7.82767368 5.297782590000001 2.443564 3.306843 1.818126
800 -6.41610297 -7.04569896 9.15960681 2.470097 3.012947 2.031264
820 -12.134970000000001 -4.96756818 8.29619928 2.196019 2.5420700000000003 2.008589
840 -11.11154175 -0.64395783 9.3878757 1.7157759999999995 2.2678580000000004 2.001313
860 -7.816745340000001 5.34912813 10.87129485 1.066901 1.845853 2.335947
880 -8.6213223 10.355171130000002 1.1017120500000002 0.736967 -0.203395 2.004052
900 -3.0163788000000005 19.08247086 -1.14122673 0.368012 -1.797041 1.789872
920 4.6246302 20.782180890000003 6.599471490000001 0.256657 -1.583857 1.853983
940 -0.10523187 6.31327455 2.40265539 0.200497 -1.426508 1.448533
960 -0.3873969 1.36695483 5.4586960200000005 0.026714 -0.7812520000000001 0.8760610000000001
980 -1.5135064200000001 2.94197976 3.1781947500000003 -0.3849530000000001 0.403521 0.121776
1000 -3.0075498000000005 4.56700626 4.03755075 0.208092 0.345942 -0.378209
1020 -5.61886389 7.00408494 2.11644864 0.255079 1.129573 -0.315859
1040 -6.44723991 10.66547124 1.38132648 0.081852 1.64112 0.046539
1060 -7.3717245 13.62646278 3.0636826200000002 -0.30292 1.2739969999999998 0.5463859999999999
1080 -7.02339102 14.490919980000001 3.1394256300000003 0.058443 3.024587 0.946182
1100 -6.4297290600000006 12.582688590000002 0.07634141999999998 0.096027 3.227326 1.095736
1120 -3.75059844 8.471935620000002 -0.17858124000000003 0.728973 2.870487 1.870802
1140 -2.5953041700000004 4.916673899999999 -0.33335360999999997 0.8951309999999999 2.979164 2.520234
1160 -3.4060123800000004 3.6004662000000005 0.5676164100000001 1.474831 -0.484209 2.058704
1180 -4.66265376 4.55787315 1.31232294 2.571816 -1.662975 1.78373
1200 -4.8240184500000005 5.089114080000001 2.48034078 3.081387 -1.662437 3.070223
1220 -5.586687090000001 5.50090845 2.35549872 2.667045 -1.339236 2.525326
1240 -3.7235032200000004 6.91277346 2.26119519 2.031989 -2.354762 1.558655
1260 -0.48334851000000006 6.675371460000001 -0.62525016 1.238016 -1.75656 0.770404
1280 -0.6800390100000001 6.2730045 0.27393444 -0.921458 -1.578757 0.004132
1300 -2.12213844 8.89091091 1.46081691 -1.738698 0.483865 -1.7443529999999998
1320 -0.85247919 11.72751165 -1.95718329 -3.112638 3.065539 -2.544538
1340 0.24608385000000002 14.567408550000001 -0.17798283 -5.12096 3.25875 -2.501129
1360 -0.12693159 19.05028425 -1.2205602 -2.840927 -1.875034 -1.227737
1380 -9.14523516 23.331083760000002 -2.52360288 -1.792722 -1.566711 -1.983521
1400 -16.288524000000002 25.49094165 -2.46013218 -3.439018 0.268369 -4.18509
1420 -15.885715590000002 16.929646740000003 0.053592030000000006 -4.3011599999999985 1.435169 -5.381538
1440 -4.82087925 18.191075400000003 1.04886558 -4.402316000000001 1.897016 -5.439451999999998
1460 -1.21187835 20.04571476 2.98074888 -4.511684 -1.562558 -5.455011
1480 -4.89481722 12.844193760000001 5.97227895 -4.024067 -1.588503 -5.250746
1500 -10.051600680000002 8.971598160000001 5.87049039 -3.978182 -1.21178 -4.396331
1520 -12.6962982 12.20502321 5.698354320000001 -4.167635 -2.921026 -3.830375
1540 -8.419540410000002 13.240419660000002 6.449937660000001 -3.836288 -3.853599 -3.471147
1560 -4.62268782 11.62258389 8.36146521 -3.363542 -2.740351 -3.091121
1580 3.7026962100000005 12.18376494 6.876702090000001 -2.499621 -1.657442 -2.655981
1600 7.656577470000001 15.039828720000001 -1.2891222900000001 -1.917685 -1.34805 -2.211137
1620 5.83277094 14.7614013 -5.887854090000001 -1.244718 -2.457417 -1.360051
1640 -1.28238282 13.589940150000002 -5.48430012 -0.34397300000000003 -2.844776 -0.377976
1660 -4.086502650000001 12.11056272 -2.3662799100000003 0.184106 -1.164431 0.12775999999999998
1680 -1.41920289 15.402524040000001 -0.12977649 0.350191 1.018088 -0.224253
1700 -4.30849314 12.50544465 -1.89086769 0.7666890000000001 1.373506 0.04312
1720 -11.97389961 6.47299116 1.57143447 1.297283 0.543034 0.8031229999999999
1740 -5.41200042 6.50023353 -0.40012047 1.6577080000000002 1.119756 1.187325
1760 0.88481295 3.7580834700000003 -2.7979787700000003 1.547293 1.595001 1.782012
1780 1.13598819 3.1355310600000004 -1.12326462 2.945992 0.850115 2.231776
1800 0.8937891 3.54567735 -1.17774936 3.777863 -0.074402 2.805997
1820 1.17865188 1.61199882 -2.1490767 3.540724 0.676808 2.431637
1840 0.6041390400000001 -1.3190526 -1.5492736800000002 2.8372490000000004 1.1720469999999998 2.537184
1860 1.0334540700000001 -3.94324722 -2.6467968600000003 2.530293 1.483827 1.825341
1880 4.01061249 -7.561979640000001 0.79769034 2.001046 2.799313 1.251664
1900 3.2840250300000005 -6.87266037 7.241643900000001 1.859233 2.781951 1.453658
1920 -1.35138636 -3.8550847500000005 10.810816200000001 1.917563 2.449671 1.913827
1940 -10.674604350000001 -2.29921875 4.86204201 1.951188 2.588194 2.407403
1960 -11.38592745 -1.6443325800000002 4.97684844 1.915622 2.29644 2.671379
1980 -12.019555350000001 -4.3266024000000005 14.62668057 1.835169 1.396708 2.102607
2000 -13.34788821 0.7168559400000001 16.59434094 1.601848 0.5248229999999999 1.628873
2020 -8.932819230000002 1.6127443799999999 7.144191360000001 1.373966 0.6840890000000001 1.69117
2040 0.20702043 3.06727308 4.81653342 1.078486 1.208124 1.967241
2060 -4.13694567 8.29709199 2.3019165 0.971062 1.209963 2.133131
2080 4.68840501 15.77749167 5.22593415 0.768744 0.435748 1.98209
2100 -3.52741113 12.8699352 6.7424326200000015 0.496244 0.035239 1.677325
2120 -2.1016257300000003 7.15691493 4.4120769300000005 0.24062600000000006 0.288925 1.595098
2140 -2.79993096 7.581138570000001 2.91877911 -0.13613499999999998 0.558316 1.420137
2160 -3.93561504 7.0223511599999995 2.9964645 -0.406956 0.029967 0.84956
2180 -6.223758300000001 8.25862698 1.8453591 -0.402164 0.28473200000000004 0.272427
2200 -6.9787849500000005 10.18123002 1.4052825 -0.363104 1.228926 -0.117343
2220 -5.24659401 9.40987953 0.67464351 0.055163 2.028137 -0.276747
2240 -4.619391660000001 9.31378077 1.2549933 0.125063 1.603252 -0.111208
2260 -4.150267650000001 10.601706240000002 2.0929438800000004 0.263873 0.929462 -0.097624
2280 -2.9304530100000004 12.2830029 2.50728885 0.916654 0.758357 -0.231714
2300 -3.2509359000000004 10.52805276 1.2919671900000003 1.006993 0.5130779999999999 0.554374
2320 -3.98950137 7.717350420000001 0.88690248 1.707547 0.657259 1.984091
2340 -4.9850790300000005 6.31536408 1.04512797 2.073012 0.7226239999999999 2.636039
2360 -5.457803310000001 5.750592570000001 1.5470370000000002 2.755147 -0.228665 2.310874
2380 -4.89722067 5.16561246 1.86407658 3.532181 -0.7877609999999999 2.392862
2400 -3.5360929800000003 4.36776516 1.4198013 4.089544999999998 -2.404551 2.101861
2420 -2.9780609399999998 3.7365309000000004 0.50355711 3.345656 -2.694091 1.628087
2440 -3.87948222 3.27309669 1.58011632 1.777748 -1.582191 1.4512040000000002
2460 -3.6140824800000004 2.9710173600000003 -1.01743434 0.033445 -1.008771 1.289802
2480 -2.57105385 2.55713346 -0.00179523 -1.323996 1.325122 0.368273
2500 -2.6438048100000007 5.034178080000001 3.7510497000000003 -1.875608 2.834559 -0.735647
2520 -3.9944456100000005 8.97548292 -4.508028540000001 -3.275553 3.053984 -1.912205
2540 -6.946451189999999 13.127849910000002 -2.95276095 -3.498514 2.831528 -3.095999
2560 -3.9540284100000003 22.50360045 -4.1553590400000004 -3.064057 2.717762 -3.260529
2580 1.20110697 25.346636550000003 -3.34434672 -2.7838130000000003 2.096335 -2.6125700000000003
2600 0.03891627 20.148700140000003 -4.59589671 -2.193377 -0.800439 -2.519276
2620 -4.81727898 19.3339404 -3.0344880600000006 -1.554253 -2.973827 -3.282214
2640 -8.16222411 17.552346300000004 -1.4052825 -1.836201 -4.234203 -3.531464
2660 -5.9457821399999995 19.90785483 3.23162982 -2.749272 -2.841715 -3.848343
2680 -0.55280331 25.50785409 5.598959399999999 -3.708796 -1.866119 -3.500577
2700 0.9874942200000001 15.04282077 8.95543128 -3.519536 -2.777039 -2.838995
2720 -2.90770362 9.37545624 6.480927449999999 -3.215552 -2.480242 -2.998553
2740 -8.439454710000001 9.17367435 3.9896583300000006 -3.4720949999999995 -1.426865 -3.26341
2760 -11.80115532 9.596397060000001 4.53436839 -3.205192 -1.460304 -2.8587830000000003
2780 -11.61419634 9.37470087 1.9034441100000001 -3.044343 -0.977378 -2.554903
2800 -9.95714019 9.637412670000002 2.11195566 -2.618432 -0.551184 -2.412537
2820 -3.54417642 12.488826509999999 1.65211191 -2.189947 -0.34189200000000003 -2.109642
2840 1.17655254 15.92523027 -0.95695569 -1.687332 -0.085607 -1.635374
2860 2.42870094 15.07499757 -2.60068986 -0.969688 0.038046 -0.946857
2880 -2.5515908100000004 12.59840421 -3.65105637 -0.196859 0.149575 -0.204529
2900 -6.368808960000001 12.518619480000002 -2.28694644 0.671086 0.119914 0.5984649999999999
2920 -4.380792840000001 14.66066241 -1.8995495400000002 1.4553120000000002 -0.21122800000000005 1.210049
2940 -0.24160068 14.10936003 0.49411989 2.120784 -1.146915 1.5256809999999998
2960 1.4852143800000002 9.835751250000001 0.5665765500000001 2.422271 -2.011578 1.711561
2980 -0.29069973 6.98013873 1.78324218 2.435596 0.609819 2.559668
3000 1.6536128400000003 5.4600498 -0.23980545000000003 1.634641 2.307352 2.0519700000000003
3020 1.87365114 4.142037060000002 0.58004568 1.966111 2.6079630000000003 1.714205
3040 1.58220585 3.82140702 1.5349118400000004 2.723817 1.134238 0.904197
3060 1.8378740700000002 4.00207779 0.18561501000000002 2.317957 0.97885 -0.110045
3080 1.6860937500000002 2.48842422 -1.7919240300000001 1.109151 2.629161 0.35475500000000004
3100 0.18396693 -0.16570071 -1.9000008 1.291272 -0.845858 0.75145
3120 -0.7249393800000001 -2.61970164 -0.34233957000000004 2.162086 -1.307028 0.240036
3140 -0.85547124 -4.24442403 2.30730219 2.473804 -0.09587 -0.014644
3160 -1.1856856500000001 -5.32188576 5.07384972 1.735625 0.423825 1.196238
3180 -3.2067810900000002 -3.9742370100000004 5.2021350900000005 2.108193 1.91461 2.885789
3200 -6.12751239 -3.7655685000000005 6.42867939 1.2797120000000002 2.961409 2.630834
3220 -10.825040700000002 -3.7655685000000005 5.638925340000001 1.013258 3.504935 1.206472
3240 -5.8505859000000004 0.13127742 6.71309091 1.293289 3.598844 1.18908
3260 -5.16561246 4.629574440000001 7.072647030000001 1.2232610000000002 4.43115 1.700271
3280 -1.4732363700000002 5.48279919 10.892249009999999 1.249884 5.298478 1.628843
3300 -14.48568144 17.35880481 9.00916065 1.601925 4.648111 1.46122
3320 -27.612775980000006 41.058420840000004 -6.9946575300000005 1.830552 2.7301740000000003 1.373407
3340 -5.3730743400000005 13.542489180000002 1.41096249 1.53126 0.763312 1.191171
3360 6.52972239 0.54666225 9.472751820000001 1.120213 0.8354540000000001 1.088863
3380 2.68721406 -2.9503673100000007 0.34219242000000005 1.215684 1.160143 1.06134
3400 3.8441564100000005 -0.73662309 1.5350589900000002 0.684804 0.586464 0.8628819999999999
3420 3.6152793000000005 10.157274000000001 3.29584608 0.283694 0.787253 0.814958
3440 2.56866021 21.744532080000003 3.1172648400000003 0.7597970000000001 1.862323 0.883136
3460 0.7881157799999999 21.96726813 0.9530709300000001 0.944933 2.668111 0.613136
3480 -1.77081291 10.599312600000001 -0.43693740000000003 0.28967600000000004 2.613877 0.358665
3500 -2.70262557 5.479051770000001 -1.09347165 -0.372419 2.491591 0.61057
3520 -1.72306764 4.721180220000001 -2.1254346 -0.856348 3.092912 0.6373979999999999
3540 -2.84962842 5.467534830000001 -4.34066994 -0.602197 2.785714 0.516721
3560 -3.8862216899999997 6.09113691 -5.96658915 0.653617 0.44385 0.058476
3580 -6.06942738 7.6669074 -6.75814824 1.2938120000000002 -0.8279030000000001 -0.276185
3600 -9.779010210000001 8.764577730000001 -4.08096 0.181877 1.806898 -0.205075
3620 -8.60021118 8.95347909 -2.0417553 -0.7458239999999999 2.869004 -0.206507
3640 -4.916526750000001 8.38091844 -3.5968659300000003 -0.676679 2.374374 -0.180821
3660 -2.7660962700000002 7.92346833 -1.4043799799999999 -0.589327 1.520171 -0.293416
3680 -2.25655506 8.55036657 2.74619178 -0.895332 1.408829 -0.688517
3700 -0.42092748 11.00197386 2.00597823 -1.643185 2.0176990000000004 -1.520256
3720 1.12401018 12.39617106 -1.3861137600000002 -2.431058 1.583691 -2.324233
3740 0.72658746 9.62064738 -2.8466265600000007 -3.614344 2.385987 -2.931731
3760 -0.71027343 7.4184201000000005 0.37991187 -4.321512 3.7959 -2.989752
3780 -3.3606607500000005 7.70582367 2.15461935 -3.870292 3.232698 -1.866382
3800 -5.20677522 9.091044720000001 -1.7893832400000003 -2.544591 1.060316 -1.080945
3820 -6.5487341699999995 10.2349692 -4.738691070000001 -2.658299 1.458444 -1.975283
3840 -6.508012860000001 7.247775150000001 -1.7841447000000001 -2.2862400000000003 0.831858 -2.778389
3860 -5.874679260000001 6.94211517 0.28530423000000005 -1.907824 1.831292 -2.891326
3880 -1.89760716 10.123596270000002 -0.26674371 -2.561569 1.615879 -1.7365959999999998
3900 -1.2871701 10.6662168 -0.7614620100000001 -2.322892 0.336921 -1.520714
3920 -2.40340095 11.46361284 -0.86549706 -1.834258 -0.721943 -1.1506120000000002
3940 -4.385580120000001 14.538370950000003 1.53250839 -1.652057 -0.838327 -0.97507
3960 -5.42755908 18.11517543 1.08210186 -1.250099 -0.7646229999999999 -0.840965
3980 -3.7356283800000005 20.5337034 3.6380385000000004 -0.782217 -0.366898 -0.808297
4000 -0.01915893 15.350275980000001 8.414605980000001 -0.524741 0.13533199999999998 -0.620203
4020 5.07535065 17.3007198 7.803570510000001 -0.143859 0.259319 -0.255574
4040 10.13946885 21.02542965 -1.37922714 0.202086 -0.374513 0.241173
4060 12.89717757 16.54599726 -4.3188230700000005 0.7967390000000001 -0.471388 0.774221
4080 6.077814930000001 12.59061507 -0.2894931 1.758213 -0.5050939999999999 1.176222
4100 -7.36977231 12.66831027 0.59081706 2.692559 -0.5021939999999999 1.2393610000000002
4120 -8.931024 10.393940250000002 -3.0527542800000003 2.077405 3.715646 0.604749
4140 -4.26972402 8.22853971 -4.13081442 0.955208 10.195429 -1.277577
4160 -0.8390100600000001 5.20137972 -2.0574709200000005 -0.533429 5.530887 -1.128174
4180 -0.47331288 2.8725249600000002 -1.21442895 0.99861 -0.605789 0.111369
4200 -2.26254897 1.83443076 -0.99648018 -0.218371 -2.203564 0.332447
4220 -3.5220254399999997 1.7504571599999998 -1.08883152 -0.619204 -0.923082 -0.123851
4240 -2.93599566 2.5911153000000002 -0.9424368900000001 -0.13373800000000002 1.688592 0.34941500000000003
4260 -1.5498819000000004 2.54979558 -1.0822490100000002 1.242956 0.25111500000000003 1.922614
4280 1.01339262 2.09743686 -0.61387056 0.8677450000000001 4.93201 2.495108
4300 2.5557894900000004 1.33103061 0.32122845000000005 0.27186 6.685376 2.232325
4320 2.1457903500000004 0.72973647 1.4900016600000001 0.645516 4.370168 1.999689
4340 -0.83047536 0.24668226000000004 4.54904415 1.0347309999999998 1.6828310000000002 0.776327
4360 -5.25901347 2.7789669900000002 13.4221401 0.123002 4.5776949999999985 -0.955724
4380 -15.5043126 11.165585040000002 19.0213938 -1.00689 1.771543 -0.189833
4400 -9.49116519 21.56445972 7.7109150600000005 -0.864125 0.7924359999999999 0.7802279999999999
4420 -10.67025852 24.873029370000005 3.0874816800000002 -0.230262 2.096636 0.15593800000000002
4440 -8.41415472 24.466326390000003 -1.3973462100000003 0.455347 1.625996 -0.224298
4460 -4.253105879999999 25.65185508 -15.70144455 0.7148479999999999 2.0463150000000003 -0.33305100000000004
4480 -1.2019996800000001 13.64157999 -7.630679070000001 -0.033354 2.759289 -0.02727
4500 3.90179016 0.07095573000000001 2.3812499700000003 -0.309265 2.889324 0.725869
4520 14.979350069999999 -1.57277844 2.86130232 -0.362116 2.797967 1.239432
4540 13.5784134 2.29398021 -4.40683839 -0.622509 1.77124 1.415185
4560 7.159465530000001 8.95722651 -6.89151519 -0.475617 1.131922 1.326232
4580 1.31411817 16.689242880000002 -10.091713770000002 -0.159987 1.560054 1.08006
4600 -8.15414067 24.3396891 -5.79505149 0.119998 2.204255 0.910275
4620 -18.71288892 15.320492819999998 -0.9737209800000001 0.393803 1.402121 0.668593
4640 -14.56980219 2.7650466000000002 -8.9537832 0.567206 0.648088 0.739136
4660 -10.01716758 0.2806641000000001 -5.10812586 -0.020072 0.941248 0.663088
4680 -6.56639217 2.66640705 -4.77537066 -0.377032 0.971425 0.352908
4700 -4.61625246 4.8210264 -2.0989377900000004 -0.490769 0.630552 -0.084353
4720 -2.36717262 9.75011976 0.5177718 -0.936598 0.208877 -0.539853
4740 -0.10028763 12.09799611 0.41194152000000006 -1.548098 0.282558 -1.384909
4760 1.0611477 12.23884809 0.54292464 -2.313238 0.218945 -2.128313
4780 -0.7587740700000001 10.456057170000001 0.14115609 -3.151142 0.882805 -3.047278
4800 -3.31994925 9.72647766 -2.27257479 -3.638639 1.105766 -4.034802
4820 -5.012478360000001 8.26087347 -1.7905800600000001 -4.046241 1.552431 -4.292458
4840 -7.29297963 5.776490969999999 -0.38020617 -3.023901 0.734808 -3.974485
4860 -7.358245560000001 5.8290333300000015 0.04969746 -2.75421 -1.007741 -4.002415
4880 -2.9102444100000002 10.12194819 -1.619631 -3.608384 -1.473377 -4.565396
4900 -1.17176526 13.23263052 -2.78271441 -5.313413 -0.63641 -5.132786
4920 -3.6048022200000003 16.40947149 0.20133063 -5.573674 -0.426217 -4.458689
4940 -6.547537350000001 16.61395113 1.8223056000000002 -4.0602870000000015 -0.91119 -4.104597
4960 -7.196135310000001 14.05172628 0.5921708400000001 -3.5989230000000005 -1.064099 -4.3607559999999985
4980 -7.798783230000001 16.44914313 1.05021936 -3.450168 -1.722654 -4.169798
5000 -6.473589570000001 22.62006477 2.98374093 -3.315612 -1.347302 -3.581817
5020 -1.4311710900000003 16.562154330000002 5.297782590000001 -2.749375 -1.6652630000000002 -2.880974
5040 -0.9006757200000001 17.77089348 3.7073363400000003 -2.159238 -2.245944 -2.301404
5060 -1.09736622 22.904025030000003 0.5793001200000001 -1.511151 -2.322765 -1.768009
5080 0.50714757 24.259001850000004 1.1903257800000004 -1.065936 -1.796596 -1.070161
5100 0.41014629 20.46319893 -0.7276371300000001 -0.361847 -1.63431 -0.174553
5120 0.32227812 17.51747175 -3.4456840200000003 -0.018852 -1.308245 0.037864
5140 -0.71670879 16.91632476 -6.0873894900000005 -0.737834 0.993508 -0.060906
5160 -3.30048621 15.839765550000001 -5.30885808 -0.226258 2.012786 0.607931
5180 -3.21426612 12.441375540000001 0.5438173500000001 1.6970009999999998 1.306086 1.176678
5200 -0.51013962 10.43211096 1.0409391000000001 1.93599 0.863476 2.163815
5220 -0.29024847 7.91733708 -2.20925124 1.537436 0.86092 1.817067
5240 -0.82598238 5.51917467 -3.39569226 3.3879900000000003 0.031255 2.296801
5260 -0.18456534000000002 3.4373062800000005 -1.95014952 2.64911 -0.0761 2.079202
5280 1.5639494400000002 2.4813904499999997 -1.44405162 2.577941 0.797195 1.932307
5300 2.41133724 1.3834258200000003 -1.3178557800000001 2.081264 1.464283 1.774159
5320 1.83967911 -2.9476695600000005 -1.81751832 1.944705 2.106449 1.941162
5340 2.5694057700000004 -4.57672797 0.8867553300000001 1.788921 2.629939 2.232095
5360 2.8615966200000003 -5.53758804 1.27924362 1.739909 2.344975 2.408375
5380 3.8537407800000003 -6.537658680000001 1.69238196 1.696302 2.494848 2.528587
5400 0.34982460000000004 -4.19098896 5.2676953200000005 1.667269 2.361169 2.683448
5420 -6.2923105800000005 -1.3085755200000002 8.445890069999999 1.584666 1.6875330000000002 2.58439
5440 -12.52849815 -2.4644780100000006 5.58339093 1.584124 0.797088 2.287493
5460 -18.66064086 -4.639001850000001 4.324807170000001 1.600075 0.602821 2.104119
5480 -18.75225645 -2.6598147300000003 17.56807173 1.580667 1.024878 2.3352470000000003
5500 -17.118705059999996 8.24545215 15.43649607 1.309372 1.21865 2.596954
5520 -3.9101679000000003 13.02516864 5.02998921 1.002219 0.694728 2.282491
5540 0.07784234999999999 12.688518870000001 5.95686744 0.834461 -0.150429 1.7279950000000002
5560 0.65503332 6.46520202 4.91832198 0.778421 -0.270739 1.493817
5580 -0.11391372000000001 2.8331574300000004 5.63203872 0.628077 -0.462071 1.519718
5600 -0.09236115 3.50480889 6.002670330000001 0.446034 -0.4665 1.187303
5620 -0.7006890600000001 6.2525016 2.9386934100000004 -0.025554 0.277165 0.505804
5640 -3.0850880400000005 8.7314886 2.25506394 -0.847565 0.990739 -0.338339
5660 -4.91487867 11.70969669 2.27826459 -1.162928 0.986591 -1.157726
5680 -6.698268 14.08151925 1.2190690800000001 -0.903681 1.703766 -0.911143
5700 -7.39208025 12.27477231 1.07550954 -1.286492 1.832814 -0.351029
5720 -7.55718255 8.12480877 1.0011203100000001 -0.288617 0.8755059999999999 0.287418
5740 -7.043452470000001 6.820412310000001 1.59418386 -0.126856 0.943547 0.447626
5760 -5.03268696 7.344923580000001 1.0359948600000002 0.388321 2.988725 1.103424
5780 -3.0005062200000006 7.85551446 0.7505434800000002 1.018346 0.8197629999999999 1.903225
5800 -2.43453789 8.05310748 0.30775932000000006 0.991821 0.723544 2.012122
5820 -3.11097663 7.319780550000001 0.53543961 2.106522 -0.779048 1.983377
5840 -3.71601819 6.66698391 1.52458191 3.50464 -2.0698060000000003 2.014025
5860 -4.60831617 7.10497098 1.90329696 4.539968 -1.579963 1.69589
5880 -5.5760530500000005 7.502697810000001 2.0052326700000003 3.532693 -0.60631 1.506009
5900 -6.634208699999999 7.76570391 3.3455435400000004 2.24886 -2.063261 2.264823
5920 -6.32360448 7.63622172 5.97168054 1.008381 -1.071859 1.037115
5940 -4.43707281 4.7006773200000005 3.34583784 -2.219528 0.998845 -0.11078699999999997
5960 -0.15387966000000003 3.5530152299999997 3.91975227 -3.819529 3.404005 -1.59385
5980 3.1451056200000003 3.1575348900000004 -1.23687423 -5.033933 3.109281 -3.025895
6000 2.80950552 2.4007032 -9.47604798 -2.646757 1.709035 -3.112112
6020 -0.60578712 1.52862363 3.4073661600000005 -1.432502 1.613584 -3.4709760000000003
6040 -7.215147090000001 9.330094800000001 -1.23627582 -1.946492 -0.60506 -3.373447
6060 -7.31199141 21.09458034 -4.27840587 -2.898645 -2.273676 -3.514692
6080 -9.915830280000002 31.629823830000003 -5.13462267 -3.4868050000000004 -2.358174 -4.250424
6100 -7.914492180000001 19.40040315 -2.7614561400000004 -3.833679 -0.956267 -4.483243
6120 -6.9991407 15.369886170000001 -4.554881100000001 -4.066856 0.249719 -4.570807
6140 -10.25367687 20.63308851 -2.14938081 -3.115825 -0.113502 -4.073385
6160 -8.375081490000001 26.546997960000002 5.08612203 -2.921653 -0.793954 -4.040178
6180 0.63707121 23.39365194 9.820182780000001 -3.218048 -1.664455 -4.00695
6200 3.1045412700000004 14.91348573 11.73245589 -3.25365 -2.807793 -3.636128
6220 -4.55412573 11.08968507 5.80882473 -3.042965 -3.32116 -3.310328
6240 -7.820482950000001 11.94935499 3.98096667 -2.787097 -3.305129 -3.0126630000000003
6260 -9.561365550000001 9.70551369 -0.21794877000000001 -2.409177 -2.054569 -2.5234490000000003
6280 -9.11050776 7.500451320000001 1.11099231 -2.436145 0.108945 -1.952774
6300 -4.1872415400000005 9.76704201 1.12955283 -2.0392330000000003 1.115219 -1.661803
6320 2.1457903500000004 16.86228147 -2.24682354 -0.879236 0.7965479999999999 -1.563562
6340 3.9501338400000003 19.65802356 -2.85291477 0.175991 -0.6269710000000001 -1.335381
6360 -0.46986957000000007 14.606030520000001 -2.8334615400000005 0.383873 -1.502293 -0.268858
6380 -4.89287484 11.33039304 0.23890293 0.7095560000000001 -1.0383440000000002 0.374823
6400 -4.25415555 10.72310499 2.83045968 2.076306 0.584112 1.043521
6420 -3.5612458200000003 9.30764952 0.78407406 3.637245 0.547478 2.189991
6440 -5.103338580000001 8.14591008 -1.00261143 2.591493 0.4793270000000001 3.354613
6460 -5.517379439999999 6.31880739 -1.40542965 2.504197 0.647219 3.0034110000000003
6480 -2.39636718 5.14734624 -1.3837201200000002 2.428382 2.593166 2.348773
6500 1.39031244 5.13342585 -1.1488589100000002 1.456833 1.895889 2.272377
6520 4.27615938 6.11613279 -1.8797922000000002 1.432311 1.050805 2.373702
6540 4.60247922 3.34733877 -2.1218343300000004 1.396935 0.639216 2.236181
6560 3.6646824600000003 0.21345579 0.02006145 1.580374 1.6671490000000002 2.091935
6580 4.52987541 -2.72627748 3.1781947500000003 1.826634 1.546339 2.252975
6600 0.64306512 -5.30706285 4.17466512 1.903242 1.619097 2.3730580000000003
6620 -9.05272686 -4.557569040000001 0.41104881000000004 1.6748330000000002 2.333642 2.634398
6640 -11.12651181 -5.129080020000001 -0.97163145 1.550386 2.651544 2.629917
6660 -8.905135410000002 -4.430637450000001 5.2377552 1.536552 2.722602 2.454541
6680 -9.78874173 -7.0133652 8.761732830000001 0.040077 4.344989 3.75699
6700 -11.98258146 -7.08192729 6.1053516000000005 0.35680300000000004 1.462652 4.472195
6720 -7.0940524499999995 -10.059232860000002 9.98767872 0.887301 -1.442166 3.167846
6740 2.81325294 7.43025096 19.752778350000003 1.237395 -2.12781 1.968352
6760 -8.00609796 16.103213099999998 4.1574583800000005 1.519918 -1.736727 1.692087
6780 -10.458303660000002 18.20469168 3.4190400600000004 1.945024 -0.719971 0.937452
6800 -3.46335183 8.66219076 1.79536734 1.662004 0.7261340000000001 0.78514
6820 -3.82963761 3.2609715300000004 4.50727317 0.356158 0.240836 1.000967
6840 -5.00484618 1.92125907 5.20183098 0.16924 1.154165 0.533814
6860 -1.40452713 4.61610531 4.42405494 -0.269052 1.619197 0.238532
6880 -1.4573736000000002 6.97129992 2.9819457000000003 -0.56198 1.938714 -0.023501
6900 -2.2870935900000005 10.43345493 2.51252739 -0.567345 1.971486 -0.22227
6920 -3.2913531 13.24834614 2.5801869600000003 -0.366348 1.426027 -0.38681
6940 -4.59664227 12.337497449999999 1.70764632 -0.38039 1.3357370000000002 -0.4391350000000001
6960 -7.826928120000001 8.81127333 -0.53020107 -0.194315 1.336541 -0.535045
6980 -11.05435926 8.446184370000001 0.77374413 0.051706 1.570737 -0.440691
7000 -4.42420209 11.194024230000002 -3.2310314100000004 0.377653 1.019758 -0.399252
7020 -0.23456691000000002 8.10534573 -1.75674537 0.5366310000000001 0.4594430000000001 -0.009659
7040 0.42377238 6.13663569 3.2177094300000006 0.489669 0.251116 0.978385
7060 -0.14400099 7.6908536100000005 2.60982297 0.768696 0.997819 2.080714
7080 -2.62778508 8.22719574 1.7160338700000002 1.39279 -0.447861 1.831621
7100 -6.014942639999999 8.85408417 -1.34659908 2.406706 -1.7703939999999998 1.61714
7120 -4.932242370000001 8.76367521 3.0389810400000004 3.033117 -0.777435 2.10842
7140 -4.63615695 5.7490916400000005 2.71101312 2.637148 -0.6796449999999999 2.239057
7160 -4.49904258 3.3018301800000005 1.1268550800000001 1.777179 -1.578236 2.0600810000000003
7180 -3.4299684000000004 1.69207785 0.03517866 0.671201 -1.012155 1.582681
7200 -1.2487050900000003 1.08404424 0.82373589 -0.246763 0.248119 1.034134
7220 -0.8556183900000001 1.5702376500000002 0.8596601100000001 -1.238298 1.221999 -0.29009
7240 -3.7583875800000004 2.7155061000000003 -1.85659155 -2.852987 1.179726 -1.902579
7260 -5.6655693000000005 4.77013212 -2.3745105 -2.51396 0.445178 -2.585068
7280 -7.176230820000001 8.688834720000001 4.8788073 -1.520375 0.331879 -2.2863580000000003
7300 -3.99040389 12.924419940000002 -1.11518118 -1.081472 -0.761675 -2.521173
7320 -1.4441987699999999 16.15889466 -1.2840309 -1.076184 -2.480968 -2.807352
7340 1.61618769 20.13762465 -0.13397517 -1.751937 -2.6244560000000003 -3.101377
7360 0.27138384000000004 23.527470150000003 -1.2900150000000001 -1.99505 -2.406092 -3.152493
7380 -9.11663901 27.474464790000003 -3.76346916 -2.004844 -2.238809 -3.418763
7400 -12.65707782 24.83844912 -2.4493608000000004 -2.531083 -0.970188 -3.996631
7420 -9.05122593 22.292244000000004 0.7982887500000001 -2.5418380000000003 -0.410236 -3.89167
7440 -2.30895027 22.652839980000003 3.04062912 -2.082017 -1.352405 -3.64156
7460 0.42945237 16.81827381 5.07744018 -2.171154 -1.203125 -3.599645
7480 -3.92394114 9.700432110000001 8.072266410000001 -2.162882 -1.418555 -3.279913
7500 -8.7283494 7.375766220000001 4.9081392 -1.94247 -1.408989 -2.93335
7520 -11.47782753 8.454414960000001 1.7491131900000003 -1.6571049999999998 -1.435835 -2.594832
7540 -11.7361935 7.112014560000001 0.42017211000000004 -1.3734 -1.54172 -2.202814
7560 -11.54354472 5.55464763 0.31210515000000005 -1.118221 -1.33649 -1.799643
7580 -8.06402601 5.01442074 0.9473811300000001 -0.901389 -0.903067 -1.419465
7600 -2.22452541 10.519822170000001 -1.2359815200000002 -0.698395 -0.712428 -1.051891
7620 -0.14235291 16.313676840000003 -2.05596999 -0.388561 -0.8963409999999999 -0.616861
7640 0.00673947 18.23403339 -2.06450469 -0.048662 -1.105652 -0.249955
7660 -0.94827384 14.679222930000002 -3.79924623 0.346262 -1.378157 0.154804
7680 -2.83360869 11.74681773 -3.33401679 0.758084 -1.827001 0.421038
7700 -4.559668379999999 10.911555090000002 -0.80038809 1.064369 -1.999868 0.228983
7720 -3.2394091500000006 10.937159190000001 1.8342836100000002 1.007679 -0.428265 -0.068256
7740 -0.7023371400000001 10.734180480000001 1.73249505 1.2606700000000002 1.14899 -0.18281
7760 -2.17303272 7.642058670000001 0.28156662 1.69819 0.850692 -0.02448
7780 -3.39284736 4.81279581 0.03967164 1.962561 0.528315 0.178606
7800 -2.54934432 3.2741365500000006 0.34712685000000004 1.831596 1.385233 0.980964
7820 -0.34518447 2.8050125400000003 -0.09220419 0.716576 1.449474 1.067097
7840 0.63632565 2.85621093 -0.5213622600000001 1.66842 2.440162 1.311758
7860 0.50504823 3.15782919 -0.8244814500000002 1.061612 0.176546 2.07954
7880 0.36494181 2.7490366800000006 -1.07506809 1.8319999999999999 -1.002371 1.592913
7900 0.68841675 1.7031631500000002 -0.7342196400000001 1.747891 -1.587379 1.442456
7920 -0.07753824000000002 0.26420292 0.49741605 2.400764 1.31614 1.514866
7940 -0.99408654 -0.9083079000000001 1.5193433699999999 1.804234 1.84731 1.59975
7960 -1.84401513 -1.3210047900000002 1.89296703 1.810341 3.2405310000000003 1.634327
7980 -2.59155675 -0.7220944800000001 1.4156026200000003 2.15082 4.656431 1.834648
8000 -3.27654 0.03233376 3.2748919200000004 1.622882 4.041131 1.6522869999999998
8020 -5.466779460000001 0.36568737 6.492444389999999 1.318537 2.0560650000000003 0.433864
8040 -4.892129280000001 1.0645910100000002 8.23827123 1.267926 1.604272 1.0387030000000002
8060 -5.80837347 2.0648088000000007 9.836192700000002 0.679852 2.552426 1.799296
8080 -11.11947804 1.45886472 9.901311480000002 0.468886 2.835634 2.020717
8100 -13.9806234 -0.58109535 7.538622030000001 0.5765819999999999 2.750326 1.94894
8120 -17.57450709 5.22129402 19.82597076 0.924959 2.409044 1.479657
8140 -22.887102780000003 28.16887545 13.953685140000003 0.937469 1.895214 1.028545
8160 -12.167598060000001 20.64537063 0.45445806 0.813285 1.11045 1.050047
8180 -0.14519781 4.34920464 0.6723970199999999 0.784029 0.972219 1.011564
8200 5.259160620000001 -0.6773412600000002 6.4276297200000005 0.6770520000000001 1.410201 0.799816
8220 1.59702876 -3.1976479800000006 0.029783160000000003 0.163641 1.793516 0.758351
8240 1.43372169 -1.3362691500000001 0.12948219000000002 -0.051917 1.521763 0.971906
8260 1.6334042400000002 6.222257370000001 1.61499087 0.294696 0.814146 1.006212
8280 1.93353138 14.502593880000001 -1.08958689 0.337064 0.699136 0.959654
8300 -2.11315248 28.18114776 -0.01287072 0.138673 0.933181 0.944081
8320 -8.01807597 20.30467914 -1.4084217 0.078911 1.417926 0.718716
8340 -7.3717245 6.1411286700000005 -0.1013373 -0.125918 2.043145 0.38854
8360 -4.54290309 1.4738347800000002 1.55675871 -0.331411 2.427035 0.202878
8380 -1.10350728 3.37682763 -0.9864445500000001 -0.349454 2.262835 0.255306
8400 -0.43185582000000006 6.260428080000001 -0.98988786 -0.213149 1.83901 0.364691
8420 -1.40961852 8.12675115 -1.6334042400000002 -0.166195 1.655412 0.416529
8440 -3.4970295600000005 10.15578288 -3.16621674 -0.364593 1.6975189999999998 0.448204
8460 -5.706879209999999 10.48434921 -4.22825715 -0.5566399999999999 2.05775 0.572451
8480 -8.06942151 9.4917636 -2.60443728 -0.19218 1.65315 0.737885
8500 -8.77011057 7.516166940000001 -2.13620598 0.107307 0.628402 0.732745
8520 -6.75111447 7.05648015 -1.13568408 0.059289 0.04735 0.6274
8540 -4.03201791 8.70589431 0.49157910000000005 -0.251312 0.8743920000000001 0.5333720000000001
8560 -2.1746808 10.52117595 0.6147730800000001 -0.5360199999999999 1.611308 0.045466
8580 -1.51035741 10.46832948 -0.27872172 -0.68156 0.257904 -0.500746
8600 -2.79124911 8.78118606 -0.61446897 -1.497464 0.571522 -0.965114
8620 -3.81406914 7.9896367800000005 -0.86130819 -2.361696 1.194728 -1.286007
8640 -3.7181175300000002 8.90348733 -1.6833960000000001 -3.022034 2.17478 -1.511929
8660 -2.4343907400000004 9.08790552 -0.99468495 -3.2729 3.5137440000000004 -1.804885
8680 -1.41710355 8.45292384 -0.17633475 -3.190363 3.486216 -1.918573
8700 -1.6060147200000001 7.91822979 -0.9005285700000001 -2.513157 1.880259 -1.56034
8720 -1.68279759 8.511597450000002 -2.06031582 -2.115241 0.833134 -1.649154
8740 -2.14204293 9.34671294 -2.19099483 -2.014828 0.268552 -2.005583
8760 -2.9900291400000003 8.58240603 -0.64306512 -1.741652 0.86679 -2.130492
8780 -3.5971700400000004 7.821532620000001 -1.66095072 -1.5703790000000002 0.8032630000000001 -1.843999
8800 -3.75090255 8.406365580000001 -3.4943318100000007 -1.448288 -0.021661 -1.58358
8820 -4.62418875 9.604029240000001 -4.02303195 -1.133265 -0.6766989999999999 -1.350872
8840 -5.242552290000001 13.25972574 -2.3297572800000004 -0.767388 -0.866669 -1.047902
8860 -4.32825048 16.21533159 1.6947756 -0.4310270000000001 -0.446468 -0.927519
8880 -3.0740027400000005 16.34151762 4.1156874000000006 -0.126097 0.025284 -0.884333
8900 -2.47465098 17.598453300000003 3.3916505400000005 0.183229 -0.063809 -0.7175520000000001
8920 -1.56619593 15.155537670000001 3.4757712900000004 0.536205 -0.027937 -0.40428
8940 -0.051198389999999996 12.28076622 4.81518945 0.930846 0.158503 0.04796
8960 1.8152718300000001 10.31908995 3.7107796500000005 1.1915950000000002 0.068121 0.578667
8980 3.4185888 10.511591580000001 3.8987883 1.534422 0.043063 0.952835
9000 7.022792610000001 12.6906084 1.5337150200000003 2.189047 -0.085758 1.164807
9020 7.673342760000001 13.137728580000001 -1.59568479 3.041593 -0.342098 1.127294
9040 1.82859381 11.511809370000002 -0.37706697 3.145813 1.98791 0.442442
9060 -5.904923490000001 10.568028510000001 0.7450008300000001 1.714163 3.5250440000000003 -0.431583
9080 -6.88478553 9.2432763 -1.10619522 0.305687 3.078955 -0.607492
9100 -4.34307339 8.02106802 -1.24435926 -0.446146 0.011557 -0.903642
9120 -2.06046297 7.16695056 -0.98809263 -0.378009 -1.455522 -0.914105
9140 -2.1374028 5.672750219999999 -0.79439418 0.439197 -1.362352 0.384032
9160 -2.6250873300000004 4.45518207 -0.23291883000000002 1.191122 -0.990527 1.052174
9180 -2.0239403400000002 3.9948968700000003 0.12364524000000002 1.008213 -0.687301 0.506783
9200 -1.21352643 4.07631987 -0.14564907000000002 -0.288998 1.879909 -1.004283
9220 -0.41882814000000007 4.330644120000001 -0.52271604 -0.46361 1.233106 -0.542134
9240 0.37946061000000003 4.25879568 -0.44157753 1.115999 -0.022617 0.6914859999999999
9260 0.7517402999999999 4.09728384 -0.08951625 1.549078 2.69546 1.773137
9280 0.32572143000000003 3.94833861 0.56088675 0.786924 2.8175380000000003 1.74202
9300 -0.46792719 4.261336470000001 1.5790666500000001 -0.161281 0.906605 1.189847
9320 -2.6743433400000005 5.391791820000001 4.48662312 0.355544 0.456516 0.87784
9340 -7.641009 9.22082121 11.29461597 0.587779 2.244333 0.605843
9360 -19.920872700000004 15.915057299999999 4.99571307 0.34935900000000003 3.849138 0.421592
9380 -16.95210183 16.5253374 4.07751669 0.410447 4.252135 0.287975
9400 -12.1842162 11.29610709 10.0644714 0.086727 2.398984 0.195153
9420 -8.65769778 6.7515559199999995 8.69751657 -0.066829 0.6931930000000001 0.133241
9440 -3.1531890600000008 8.05923873 2.61670959 0.26665500000000003 0.351159 0.130667
9460 0.4742154 12.78925776 -4.98119427 0.7790699999999999 0.340105 0.053076
9480 2.43423378 13.72630896 -11.48202621 0.685919 1.506691 0.106478
9500 1.1518509600000002 23.56429689 0.6427610100000001 0.278681 2.8394 0.180974
9520 -3.38536233 16.28208864 3.4995703500000004 -0.376663 3.244503 0.407681
9540 4.755162060000001 8.87728482 3.0719132100000004 -0.440026 2.083097 0.5262319999999999
9560 9.851162760000001 6.642890550000001 -0.63766962 -0.06466000000000001 1.214061 0.410326
9580 8.94704373 4.90799205 -8.348143230000002 0.028169 0.714123 0.14456
9600 5.14614942 5.83052445 -9.74143791 -0.139235 0.771977 -0.058578
9620 -0.6736036500000001 10.149347520000001 -6.16253409 -0.29091300000000003 1.558111 -0.18349
9640 -6.66308934 17.02964007 -1.6238198700000002 -0.437951 2.108066 -0.39032
9660 -10.94763627 13.38396939 2.2260165300000003 -0.925212 1.88627 -0.445783
9680 -6.76937088 6.8832846000000005 0.74829699 -1.5148700000000002 1.116421 -0.8195879999999999
9700 -0.12663729 6.19127739 -2.99886795 -1.624743 0.884239 -1.534698
9720 2.11090599 5.9879945700000015 -5.7176604 -2.4167080000000003 1.189594 -2.350334
9740 -0.61896195 5.811365520000001 -2.5613223300000003 -3.726656 2.083951 -2.693915
9760 -4.11479469 9.05601321 -2.5863182100000004 -3.866665 3.1278080000000004 -2.544543
9780 -4.981635720000001 10.26879408 -2.7195478200000003 -3.13778 1.332389 -2.004108
9800 -4.99361373 9.43487541 -1.5976271700000002 -2.210188 0.175974 -1.595564
9820 -3.27982635 8.73373509 -0.02470158 -2.612003 0.87331 -1.941095
9840 -0.03128409 9.66240855 0.77463684 -2.600912 1.299627 -2.800415
9860 -0.80457696 9.87452037 0.6825798 -2.333217 2.139554 -2.8882830000000004
9880 -3.7550914200000003 8.7861303 -0.08203122 -2.4024650000000003 1.482714 -2.139102
9900 -5.65898679 8.23722156 -1.94026104 -2.128482 -0.794137 -1.755052
9920 -6.270610860000001 7.99427691 -2.13366519 -1.7009279999999998 -1.608997 -1.080178
9940 -5.77453878 8.876088000000001 -1.5946351200000002 -1.433575 -1.440663 -1.050752
9960 -4.15909665 11.41376823 -1.4804172899999999 -0.7848510000000001 -0.759579 -0.375182
9980 -3.6036054 13.39100316 -0.21240612000000003 -0.463749 -0.471069 -0.076343
10000 -4.31837181 14.368324410000001 1.7847431100000002 0.044344 -0.308043 0.272033
10020 -6.140079 15.646361400000002 3.80508318 0.523224 -0.197267 0.658728
10040 -6.11044299 16.34646186 5.86630152 0.79384 -0.095513 1.084572
10060 -1.9637658 14.940580950000001 7.89817815 0.943628 0.16429000000000002 1.2519280000000002
10080 4.07871351 15.129639270000002 6.81188742 1.403536 0.588226 1.6626580000000002
10100 9.05033322 18.73758069 -0.19025514000000002 2.006679 -0.098528 1.851485
10120 10.107576540000002 16.85615022 -4.476293190000001 1.823138 -0.228535 1.48931
10140 6.00102225 12.66516126 -2.14323975 1.7145990000000002 3.702619 -0.350622
10160 -6.70156416 12.08496843 -0.8810655300000001 0.7602979999999999 4.049985 -0.609834
10180 -10.97442738 11.479779720000002 -0.86235786 -0.198727 1.746818 -0.5676479999999999
10200 -6.09817068 10.53823554 -2.8993160700000002 -0.4541270000000001 2.531091 -0.403794
10220 -2.1953308500000004 8.182883970000002 -2.05672536 -0.40573 3.554075 0.538473
10240 -2.19592926 4.946761169999999 -0.8255311200000001 -0.430909 2.645808 0.723195
10260 -0.0634707 -0.05988024 -0.52076385 -0.507146 0.098931 -0.058149
10280 -3.82365351 1.98217917 0.34458605999999997 -0.304025 1.396281 -0.993086
10300 -1.71708354 2.02528431 -0.80053524 -0.16408399999999998 3.959419 -0.603356
10320 0.2870994600000001 2.18216583 -1.15200792 0.312395 3.992729 0.24275700000000006
10340 1.3509449100000002 2.8449882900000003 -1.23687423 0.8823540000000001 2.463257 1.279532
10360 1.3046907600000002 3.58669296 -0.52510968 0.063473 0.57681 1.417235
10380 1.45018287 3.25782252 0.48454533 -0.8261629999999999 -0.096778 0.940798
10400 -0.44472654 3.90687174 2.0727352800000003 -0.007825 0.620505 0.94239
10420 -2.53273599 5.36484375 4.5075772800000005 -0.182837 1.075919 0.692757
10440 -4.63436172 9.823773240000003 12.41324046 -0.296557 0.747901 0.503307
10460 -12.413534760000001 20.609289450000002 15.566576670000002 -0.238086 0.711439 0.513376
10480 -14.416373790000002 20.40063075 6.955731450000001 -0.086099 2.085754 0.35458
10500 -10.555304940000001 10.727293860000001 4.06569564 -0.038908 2.550312 0.289153
10520 -4.75889967 8.263865520000001 3.8944522800000003 -0.248252 2.1001220000000003 0.36518
10540 1.14811335 10.34438994 -1.21322232 -0.54372 1.7014220000000002 0.426652
10560 4.643946090000002 10.61442981 -10.03438413 -0.913061 1.777641 0.068256
10580 4.951401300000001 15.13487781 -8.2945512 -1.09111 1.950984 -0.501504
10600 -6.23064492 13.790966670000001 3.5206814700000004 -1.1548969999999998 2.001057 -0.979509
10620 -5.86644867 11.678118300000001 2.93929182 -0.940558 1.50707 -0.974174
10640 1.45601982 9.77856876 -3.48535566 -0.708679 1.27657 -0.808821
10660 4.24217754 7.577538300000001 -8.39978307 -0.549664 1.190338 -0.4283810000000001
10680 4.43572884 6.73779249 -9.095537700000001 -0.443782 0.501095 0.014418
10700 -1.5073653599999999 11.68080624 -3.5266655700000005 -0.353354 -0.106016 0.178197
10720 -9.11799279 15.500113920000002 3.3576687000000005 -0.672341 0.030911 0.311458
10740 -12.453951960000001 11.34924786 1.4114137500000001 -0.330579 0.39492 0.36038
10760 -4.96502739 7.67424528 -1.4373121500000001 -0.205913 -0.201504 0.751916
10780 -3.4058652300000003 6.477631290000001 -2.95276095 0.442487 -0.769917 1.675845
10800 -4.32196227 6.87311163 -0.24114942 0.934309 -0.5060600000000001 2.662774
10820 -5.113070100000001 7.115457870000001 1.16098407 1.929745 -0.595214 3.049061
10840 -4.876855110000001 7.662120120000001 0.22992678000000003 2.8892450000000003 -1.282239 2.996823
10860 -5.67110214 8.543479950000002 0.8101196099999999 2.871283 -1.405205 2.595203
10880 -6.077657970000001 9.23564412 1.09796463 1.641905 -1.654912 2.171398
10900 -5.6893683600000005 7.11785151 0.74186163 0.512509 -1.073848 1.69702
10920 -4.862189160000001 5.124744 0.92208114 -1.007088 0.117509 1.055696
10940 -3.95716761 4.86323883 1.04243022 -1.911438 1.12265 -0.169682
10960 -4.42659573 4.357140930000001 0.50535234 -1.622398 2.435905 -1.6926310000000002
10980 -4.268223090000001 3.8910089700000006 1.5242778 -2.972376 3.240345 -2.957184
11000 -3.4973238600000003 5.83007319 0.32407335000000004 -3.767716000000001 2.700481 -3.390404
11020 -2.91279501 9.02472912 -1.51080867 -4.025102 1.009491 -3.600475
11040 -1.6844456700000001 10.41638553 -1.8971559000000002 -1.577315 -2.555673 -3.669607
11060 -1.6584001200000003 11.931088770000002 0.26480133 -1.064455 -4.0755940000000015 -4.170415
11080 -1.50961185 13.227843240000002 -2.8548669600000003 -2.543471 -3.156911 -4.855971
11100 -2.48348979 15.01482303 -0.6141746700000001 -3.965883 -1.912534 -4.98821
11120 -2.16629325 18.19211526 -7.58742678 -3.939614 -0.444258 -5.092457
11140 -1.43252487 18.97678773 -6.521638950000001 -3.191139 -0.294393 -4.591766000000002
11160 -2.18979801 24.063361020000002 -5.7014935200000005 -3.187247 -0.837648 -4.337874
11180 -4.28948136 25.29394704 -3.9520860300000002 -3.466391 -0.904243 -4.491427
11200 -3.6287582400000002 23.8540941 3.4735248000000003 -3.200798 -1.68038 -4.301638
11220 -3.39478974 24.339384990000003 6.190080570000001 -2.972811 -1.578327 -3.647493
11240 -4.5782289 16.39391283 6.54558516 -2.494516 -2.459566 -2.933723
11260 -6.35967585 10.21461345 6.93312921 -2.296811 -1.989933 -2.534497
11280 -11.939319359999999 8.350536870000001 2.75756157 -2.138689 -0.899898 -2.203641
11300 -14.917076190000001 10.057290479999999 -0.14400099 -1.545106 -0.519648 -1.906221
11320 -10.849889430000001 6.88493268 -1.9908610200000003 -0.933278 -0.377981 -1.634005
11340 -6.41341503 6.44455197 -0.5929164 -0.214449 -0.7878029999999999 -1.269536
11360 -1.8453591 10.05473988 4.05387459 0.162638 -0.812655 -0.444339
11380 1.1731092300000001 14.34317157 0.64007307 0.26503000000000004 -0.043918 0.096979
11400 1.54747845 17.80217757 -1.91317563 0.695789 1.632937 -0.303812
11420 -1.3760879400000001 20.18253483 -0.98105886 1.118867 2.117826 -0.185042
11440 -2.5315391700000003 17.70278265 2.06689833 0.97329 0.40218 0.344909
11460 -1.86871671 16.08630066 1.43626248 0.63923 -1.057119 0.3359
11480 -3.03134886 12.200530230000002 -0.27841761000000004 -0.405586 -1.610704 0.086825
11500 -5.006337300000001 10.73552445 0.83540979 2.086663 0.5498460000000001 1.0788879999999998
11520 -6.05416302 10.16611281 1.46395611 2.340252 1.335608 1.228135
11540 -3.19615686 7.50973158 -0.31569561 2.1106700000000003 0.504101 2.106744
11560 -0.5730119100000002 5.372780040000001 -2.18695311 1.73839 1.71785 2.595038
11580 1.7757571500000002 5.15183922 -1.0876347 2.045625 1.104886 2.702656
11600 4.61101392 3.7770952500000003 -2.13815817 1.825142 1.192026 2.946695
11620 5.844896100000001 0.9515699999999999 -2.4780942900000005 1.7483349999999998 0.987636 2.977399
11640 7.587269820000001 -2.95335936 -1.26592164 1.720114 1.098382 2.480337
11660 3.53445471 -3.9844099800000006 0.06825798 1.794086 2.029569 2.382452
11680 -1.1901786300000001 -4.5867636 0.68452218 1.811978 2.482961 1.938684
11700 -1.32639048 -5.09540229 1.4900016600000001 1.979804 2.1963060000000003 1.817378
11720 0.25521696000000005 -5.78891043 4.83674202 1.967229 2.515806 1.848927
11740 -2.7006831900000003 -4.913681850000001 5.62455369 1.967958 2.369192 2.015763
11760 -10.335256829999999 -2.77657335 1.57203288 1.803115 1.678786 1.919356
11780 -12.52625166 -0.11047041 1.8163215000000001 1.445125 0.788593 1.868858
11800 -10.870392330000001 -2.5815309300000004 7.28759394 1.1498700000000002 0.7369220000000001 1.992912
11820 -16.75405755 3.71168217 16.95778182 1.116699 1.101826 2.142832
11840 -21.85021521 3.5447748300000006 17.91040149 0.8636729999999999 1.455755 2.2976400000000003
11860 -1.2458601900000001 -1.2223554300000001 9.46676772 0.702788 1.1989 2.467761
11880 -6.5330185499999995 -1.49658417 8.46923787 0.568833 1.157347 2.319464
11900 -9.60971904 3.2058785700000003 11.04777675 0.336036 1.229894 1.962027
11920 -6.336171090000001 4.986727110000001 7.04869101 0.229053 1.041144 1.837608
11940 -6.083799030000001 6.3999459 2.8759682700000004 0.086297 1.199805 1.711425
11960 -1.41590673 7.4344398300000005 3.69955701 0.027486 1.593197 1.4199540000000002
11980 -0.8562168 7.445221020000001 4.67088435 0.030049 1.542534 1.034409
12000 -4.386325680000001 8.20742859 4.23858708 0.00745 1.253737 0.5485800000000001
12020 -4.623286230000001 9.3070413 2.160162 -0.036481 0.998972 0.095673
12040 -4.47539067 9.18505395 0.7674559200000002 -0.17391099999999998 0.6050409999999999 -0.106676
12060 -6.47344242 8.85079782 0.6719555700000001 -0.521217 0.461445 -0.12600899999999998
12080 -7.10123337 8.328228930000002 0.5376861000000001 -0.540157 1.031287 -0.08948400000000001
12100 -6.946304040000001 7.568415 1.10095668 -0.53132 0.546866 -0.166782
12120 -6.631363800000001 6.8156250300000005 1.26621594 -0.796158 0.040512 -0.382695
12140 -5.09016375 6.75470493 2.2478732100000003 -0.389965 0.590236 -0.478839
12160 -2.9602459800000003 7.18266618 1.88981802 0.265984 -0.089754 -0.16253299999999998
12180 -1.3512392100000001 8.24111613 1.13553693 -0.081885 0.775054 0.719485
12200 -1.3687500600000002 9.509578560000001 1.49509305 0.490709 1.19315 1.692894
12220 -2.4424741800000005 10.60634637 1.0238697 0.5117229999999999 1.201386 2.012429
12240 -4.09114278 10.5011145 0.74485368 1.194437 0.152046 1.698075
12260 -5.512582350000001 9.10646604 -0.63707121 1.80902 -0.63888 2.0868740000000003
12280 -6.52283577 8.448136560000002 -1.26592164 2.403638 -1.107029 2.493278
12300 -6.533911260000001 8.14741101 -1.6109491500000002 2.464768 -1.404991 2.361628
12320 -5.88605886 7.30062162 -1.2495978 1.485747 -1.220036 1.979606
12340 -5.011281540000001 5.95910412 0.29788065 0.509634 -0.514617 1.7091009999999998
12360 -4.63840344 4.76908245 1.82949633 -0.261091 0.875547 1.051389
12380 -4.45742856 4.5713422800000005 2.98464345 -0.287161 1.7060689999999998 -0.15801600000000002
12400 -3.13493265 4.66923627 2.3084990100000002 -1.857259 0.375933 -1.823023
12420 -2.19293721 5.596261650000001 1.1076961500000004 -1.643269 0.591745 -2.696678
12440 -2.9564985600000004 6.04412739 -1.3983958800000003 -1.252321 1.075574 -2.551426
12460 -2.11510467 6.27166053 -0.46209024000000004 -1.938512 0.586659 -2.7671
12480 -3.24899352 7.66420965 3.5212798800000003 -2.834664 -1.265022 -2.731463
12500 -2.17812411 9.1649925 -4.553978580000001 -1.793638 -2.505452 -2.722602
12520 -0.47017368 9.413322840000001 -3.56528754 -1.949446 -2.64745 -3.572745
12540 0.06541308000000001 12.537180000000001 1.0343467800000004 -2.868754 -2.271017 -4.470545
12560 2.52210195 20.782033740000003 -4.15521189 -3.399156 -0.166654 -5.186246
12580 -2.21180184 29.171634030000003 -3.21366771 -3.621361 -0.01548 -4.970075
12600 -5.4784533600000005 21.116142720000003 -5.126843340000001 -3.227596 -2.332589 -4.2133949999999984
12620 -6.930284310000001 21.480329160000004 -2.92805937 -3.263849 -1.533835 -4.131351
12640 -4.821919110000001 22.54372335 -0.60968169 -2.946869 -0.834899 -4.168488
12660 -3.4031772900000004 22.99383558 2.29008564 -2.746938 -1.213558 -3.688043
12680 -4.01929434 16.71050115 3.90583188 -2.818655 -1.5325540000000002 -3.24055
12700 -6.05280924 9.40000086 7.1772706799999995 -2.607988 -1.411677 -2.749988
12720 -10.03617936 7.66466091 2.28903597 -2.245886 -1.043324 -2.473398
12740 -12.6271377 10.32118929 1.51559595 -1.964123 -1.138421 -2.113453
12760 -15.904727370000002 10.037376179999999 3.19360626 -1.88344 -0.8854780000000001 -1.769246
12780 -11.952945450000001 7.981553340000001 1.63489536 -1.620288 -1.447557 -1.295602
12800 -5.35585779 7.8838065 0.21435831 -1.008697 -1.7505529999999998 -1.178778
12820 -0.6195603599999999 10.994184720000002 1.4126105700000002 -0.098367 -1.528536 -1.012471
12840 4.049832870000001 17.14848822 0.6854247 0.314715 -0.703493 -0.7019270000000001
12860 5.486840910000001 18.63190737 -3.02161734 -0.2262 0.856562 -0.090272
12880 1.9549368000000003 16.747023780000003 -5.02070895 -0.427984 1.953668 -0.149703
12900 -3.9224402100000004 14.822331210000002 -3.80868345 0.532302 1.826273 -0.292383
12920 -5.37053355 12.83715018 -0.63991611 0.764163 0.420601 -0.349851
12940 -1.17461016 12.046346459999999 1.97619507 -0.240586 -0.85375 -0.739796
12960 1.5519714300000003 11.358233819999999 3.65180193 1.7073189999999998 -0.374348 0.759093
12980 -3.2019938100000003 8.634948390000002 2.7928873800000003 2.356336 -0.095968 1.44159
13000 -4.5608652 6.633453330000001 1.24151436 2.362111 -0.965916 2.139226
13020 -2.04534576 3.9420504 -0.47751156 2.401535 0.673559 2.367068
13040 -0.60234381 2.7069714000000005 -0.85128237 2.404391 0.37744 2.623841
13060 -0.10912644 3.5031608100000002 -1.01877831 2.664778 1.821979 2.392004
13080 0.43604469000000007 3.4497257400000003 -2.4170270400000002 2.371411 1.7319939999999998 2.771426
13100 0.44352972000000007 2.5608710699999997 -2.65817646 2.122973 1.924921 2.692531
13120 1.4229405000000002 0.53109378 -1.61663895 2.243502 0.958011 1.966085
13140 2.6915500800000003 -1.3527401400000003 -0.41538483 2.2197880000000003 -0.067459 2.421228
13160 0.24384717000000003 -2.80022526 0.7488954 1.7763970000000002 1.213493 2.416489
13180 -1.03015791 -2.53063665 1.85764122 1.634511 1.280729 2.24236
13200 0.5513023800000001 -1.6039153800000001 3.5780111100000003 1.702533 1.3098610000000002 2.09111
13220 0.42930522000000004 -2.04953463 5.236107120000001 1.679546 1.877792 2.076335
13240 -4.9337433 -2.44920384 6.23737458 1.6673759999999995 2.645286 2.22909
13260 -11.524385790000002 -2.23081362 6.2785471500000005 1.4399309999999998 2.755292 2.621535
13280 -16.673831370000002 -3.9175057800000004 9.41123331 0.951516 2.525777 2.100329
13300 -25.99269372 2.7137108700000003 13.17515373 0.282756 1.440432 2.636501
13320 -24.755073930000002 -2.0881566 14.598094230000001 0.4179520000000001 -0.217998 2.468655
13340 -4.8759624 -4.69199547 8.23377825 0.555562 -0.29085900000000003 1.92278
13360 -5.46393456 -2.7704421 9.938579670000001 0.625783 -0.457853 1.798502
13380 -6.27675192 3.3346152 5.716757879999999 1.303123 -0.33523600000000003 1.716551
13400 -2.41373088 4.86548532 6.396649740000001 0.492763 -0.892207 1.046102
13420 -3.1211594100000006 4.998106710000001 5.557492530000001 0.32106 -0.577713 0.8693110000000001
13440 -15.232477500000002 9.71899263 4.843922940000001 0.389225 0.166227 0.450091
13460 0.5897772000000001 6.627616379999999 4.841235 0.104662 0.598981 0.101445
13480 -2.00088684 8.68239936 4.330791270000001 -0.383295 0.975597 -0.151342
13500 -9.49445154 10.750945770000001 3.4995703500000004 -0.777209 0.815376 -0.5010600000000001
13520 -2.6165624400000005 5.022504179999999 3.4172448300000005 -0.8522770000000001 1.508862 -0.434107
13540 0.9563572800000001 4.61101392 3.17220084 -1.687098 2.362961 -0.180387
13560 -0.18172044 4.778362710000001 2.31163821 -1.223549 2.036413 0.09353
13580 -2.35654839 5.285961540000001 3.08179188 -1.112394 1.573825 0.06178400000000001
13600 -4.956639840000001 7.162006320000001 1.74956445 0.27913000000000004 0.004201 0.571307
13620 -4.75097319 9.867633750000001 0.95261967 0.828614 -0.925181 1.54094
13640 -3.7501471800000004 11.43337842 0.51298452 1.518587 -0.578778 1.960854
13660 -6.988663620000001 12.91693491 -1.3403108700000002 1.842338 -1.607256 1.536076
13680 -5.735622510000001 11.54579121 1.0370445300000004 2.770368 -3.015909 1.35422
13700 -5.62545621 8.382566520000001 0.90442314 2.717377 -1.819768 2.238942
13720 -4.32914319 6.475679100000002 0.73601487 2.460407 -0.985854 3.042586
13740 -3.45931011 5.238353610000001 1.9390642200000001 1.977081 -0.092439 2.750713
13760 -3.5941779900000004 7.608979350000001 -0.24548544000000003 1.153361 0.721362 2.151053
13780 -4.13634726 6.33452301 1.13928435 0.405994 0.652057 1.483624
13800 -4.1155402500000005 6.4494864 1.8013514400000001 -0.124003 0.6751199999999999 0.971419
13820 -3.16591263 5.03657172 3.4777136700000004 -0.604582 0.414184 0.575291
13840 -2.6761385700000004 5.672750219999999 5.68487538 -1.256364 -0.000666 -0.34206
13860 -1.3995927 6.591093750000001 1.67786316 -1.7222830000000002 0.885235 -1.432832
13880 -2.76205455 6.79736862 -0.12244842 -1.565773 2.40267 -2.220962
13900 -3.1609782 6.1691166000000015 -0.13921371000000002 -1.224603 2.8644990000000004 -2.657142
13920 -1.9922049900000003 9.78215922 2.1761719200000007 -0.906765 1.372302 -2.463935
13940 -1.44898605 10.82877831 2.64364785 -0.055304999999999986 -0.845709 -1.844122
13960 -3.1403183400000003 9.14373423 -10.70409321 0.184596 -1.2292610000000002 -1.240546
13980 0.18427104 8.461752839999999 -0.27093258000000003 -0.315802 -0.207298 -1.164166
14000 1.1728149300000001 7.17308181 -4.517760060000001 -0.692786 -0.01545 -1.1285889999999998
14020 -3.6994098600000003 9.878709240000001 -2.10042891 -0.453399 0.108108 -1.332174
14040 -7.72169625 21.28199058 -2.36657421 -0.414786 0.01585 -1.4706549999999998
14060 -3.8395162800000002 32.14251405 -1.5492736800000002 -0.725163 -0.102779 -1.372258
14080 1.4468867100000002 23.958727560000003 0.06481466999999999 -0.669059 0.265753 -1.141602
14100 0.87762222 22.11231879 2.22586938 -0.474974 0.539691 -1.083982
14120 -0.29862621000000006 22.674696660000002 4.3981565400000004 -0.599997 -0.136754 -1.2431530000000002
14140 -0.14474655 20.41080372 5.267999430000001 -0.564181 -1.149157 -1.442431
14160 -1.51095582 14.441369670000002 3.86465931 -0.430938 -1.7627669999999998 -1.555014
14180 -3.91002075 7.55569143 3.2660629200000004 -0.53405 -1.6527900000000002 -1.52917
14200 -6.822060390000001 5.80268367 2.9178864 -0.613099 -1.094734 -1.423615
14220 -8.73957204 6.017934690000001 3.35033082 -0.610452 -0.306178 -1.222713
14240 -7.98634062 6.133790790000001 1.0910780100000002 -0.591806 0.395426 -0.8699
14260 -5.843100870000001 6.732701100000001 -1.8067469400000002 -0.451119 0.733271 -0.497609
14280 -2.56387293 7.092845820000001 -1.3837201200000002 -0.092261 0.382561 -0.217984
14300 0.997677 9.38847411 -0.24339591000000002 0.16693 -0.339441 0.02617
14320 4.0516281 10.770850260000001 0.22752333 0.340824 -0.661319 0.182689
14340 4.43737692 10.25217594 -0.65144286 0.5107430000000001 -0.922444 0.33483
14360 4.27032243 10.66233204 -0.09116433 0.8622709999999999 -1.274065 0.582359
14380 4.37570145 10.77489198 1.39629654 1.155934 -1.175002 0.8620209999999999
14400 1.69821891 9.195678180000002 1.62801855 1.295533 -0.5624819999999999 1.276681
14420 -1.6613921699999998 8.54452962 1.61005644 1.30699 -0.45667 1.4454049999999998
14440 -3.69955701 9.23234796 1.4250398400000002 1.014285 0.485745 1.521201
14460 -3.5483751 9.78515127 0.16600482 0.8544649999999999 2.249006 1.336227
14480 -1.27564335 9.57648276 -1.16997003 0.420032 0.917926 0.519845
14500 0.55923867 8.783432549999999 -0.12080034 -0.167979 -0.756229 -0.415743
14520 0.40730139000000004 7.81120269 -0.036826740000000004 0.301952 -1.705625 -0.763757
14540 -0.8514295199999999 7.527997800000001 -0.26105391000000006 0.75332 -1.140768 -0.68762
14560 -1.8390708900000001 6.796770210000001 -0.04730382 1.106774 1.543981 0.272808
14580 -2.04400179 6.06763215 0.0634707 1.391468 2.771487 1.545476
14600 -1.5329596500000002 5.766455340000001 -0.31090833 0.929727 0.616189 1.47451
14620 0.25312743 5.33700297 0.15268283999999996 1.521695 -0.985672 0.617574
14640 2.11300533 4.8738630600000015 0.8559225 2.342922 -0.241091 0.71636
14660 1.8021068100000002 4.7304604800000005 1.07715762 1.519165 1.039112 2.0260830000000003
14680 0.23291883000000002 4.946466870000001 1.06398279 -1.096746 -0.414184 1.961603
14700 -1.0054563300000001 4.59858465 0.26794053 0.709597 -2.032657 1.275541
14720 -0.99707859 3.77365194 -0.13861530000000005 2.294903 -2.994534 -0.379648
14740 -0.37991187 4.10506317 0.34802937000000006 1.970108 1.192518 -1.558053
14760 -0.7845155100000001 4.8955725900000004 1.0671318 0.419162 7.402436 -1.119645
14780 -1.56259566 5.196298140000001 2.9800033200000002 -1.871457 8.077645 -0.688925
14800 -3.52592001 6.58989693 6.869511360000001 0.07369400000000001 2.618234 -0.010318
14820 -8.8555851 9.804015900000001 8.179440660000001 1.029489 1.861915 0.219518
14840 -14.00412816 12.70976733 0.8572664700000001 -0.043789 1.499388 -0.630342
14860 -13.13339256 15.5740617 -1.03449393 -0.5674680000000001 -0.024778 -0.7698470000000001
