time Ax Ay Az Gx Gy Gz
20 -0.41493357000000003 3.7830793500000004 -0.04565574000000001 -1.20675 0.7229180000000001 -0.450531
40 -0.26420292 3.6372831300000006 -0.18007236000000001 -1.80038 1.918514 -0.823678
60 0.32048288999999996 3.1672664100000003 -0.17693316 -2.113229 2.871395 -1.481905
80 0.023946210000000002 2.15117604 -0.84528846 -1.971979 2.909367 -1.775796
100 -0.7258419 2.1911419800000003 -1.9712508300000002 -1.328198 2.39221 -1.6766330000000005
120 -0.18351567000000002 2.51941401 -3.64791717 -0.7717970000000001 1.12045 -1.405129
140 -0.20058507 3.1630677300000003 -0.77553936 -0.802409 -0.198385 -1.372675
160 -2.19623337 2.18096901 -5.038376760000001 -1.12964 -0.450449 -1.456891
180 -4.01480136 7.302868110000001 -3.76183089 -0.999289 -0.483513 -1.293568
200 8.20519191 21.40384059 -11.202254820000002 -0.7298640000000001 -0.547383 -1.006389
220 1.4974866900000001 35.00920206000001 -3.65779584 -0.701518 -0.834145 -0.714199
240 -1.58415804 5.73906582 -3.3436011600000004 -0.748174 -1.199446 -0.42991
260 -3.1572307800000003 3.50331777 -0.42691158 -0.600949 -1.142559 -0.13198800000000002
280 -3.412899 6.80694318 -0.7703008200000001 0.08705800000000001 0.222019 0.08044
300 -2.03831199 13.304930220000001 0.38979054 -0.247589 -2.159705 -0.486071
320 -0.03831786 16.002621360000003 -0.09999333 0.139212 -1.98641 -0.202649
340 2.07213687 13.539791430000001 0.5300441100000001 0.503993 3.093544 0.631944
360 4.213287090000001 12.373715970000003 0.18142614 -0.8513299999999999 1.460708 1.215296
380 5.06337264 10.87892703 0.47077209 -1.485366 -0.346779 0.8948530000000001
400 4.383039330000002 9.9489096 0.4784042700000001 -1.024664 -0.6129600000000001 0.195522
420 3.7196184600000004 9.69039648 -0.6267510900000001 -0.43457 -0.141084 -0.305162
440 2.93509314 9.40090338 -1.2612815099999999 -0.502272 0.219239 -0.311437
460 1.66049946 9.572441040000001 -1.53745263 -0.575344 0.262418 -0.389983
480 0.14639463000000003 10.45261386 -0.7511418900000002 -0.882633 -0.40369 -0.5782149999999999
500 0.034276140000000004 11.206600650000002 -4.133649510000001 -0.978172 -0.398685 -0.681438
520 1.58505075 9.56361204 -4.8153366 -0.961411 -0.22088 -0.6719350000000001
540 1.52951634 6.808895370000001 2.2091040900000003 -0.955286 -0.011178 -0.6379779999999999
560 2.1025282499999998 4.05955458 2.07992601 -0.657183 0.392313 -0.568046
580 0.8704413 6.93312921 -2.17063908 -0.452882 -0.504991 -0.393486
600 -1.3305793499999998 8.348584680000002 0.0691605 -0.118935 -0.383064 -0.271668
620 -2.76460515 8.74421217 -1.67846157 0.196766 -0.230403 -0.09447
640 -1.7462682900000002 8.99030583 -1.27879236 0.52874 -0.338455 -0.001214
660 0.45116190000000006 9.154809720000001 0.027095220000000003 0.725539 -0.7903600000000001 0.151359
680 1.4256382500000002 9.51721074 0.5063922000000001 1.043803 -1.322406 0.260018
700 2.55204207 9.974356740000003 -0.37646856 1.591367 -0.650566 0.405055
720 1.22385636 10.217007090000001 -0.6441147900000002 2.090011 1.355674 0.424127
740 -1.1741589000000001 11.1287583 0.87089256 2.160763 2.326112 0.369967
760 -1.32818571 13.226195160000001 -0.33081282000000006 1.849575 2.604421 0.5714670000000001
780 0.48708612000000007 14.29213014 0.26090676 1.386257 2.517819 0.7851899999999999
800 2.7271800000000006 14.79777678 -0.48828294 0.996487 1.691598 0.748275
820 1.99296036 13.76881569 -3.25109286 0.920227 0.888446 0.5319229999999999
840 1.53790389 12.243488220000001 -2.3466697200000004 0.976261 -0.197284 0.270923
860 0.84319893 11.86957026 -2.56416723 0.5346350000000001 -0.7218399999999999 -0.034865
880 0.25416729000000005 12.722490900000002 -4.08710106 0.031689 -0.180764 -0.110642
900 0.042065280000000004 12.59391123 -6.13529172 0.404587 0.96187 0.200283
920 0.4776587100000001 12.59974818 -5.3561619 0.983792 1.053124 0.320648
940 -0.03307932 12.03063084 -1.48865769 0.8224040000000001 1.021597 0.35267600000000005
960 -1.51918641 12.23735697 0.26195643 0.5340630000000001 0.947017 0.339007
980 -2.72313828 12.01297284 1.65810582 0.469098 0.664166 0.267345
1000 -3.8628640800000005 11.001218490000001 2.08126998 0.377341 0.177589 0.017363
1020 -4.07662398 9.44371422 1.5039220500000001 0.159437 -0.026659 -0.13131199999999998
1040 -4.604421600000001 8.686136970000002 0.96414642 0.04091 -0.108036 -0.190788
1060 -4.01045553 8.63538984 0.9190890899999999 -0.052893 -0.133099 -0.235208
1080 -1.26891369 8.30981556 0.76221738 -0.21228 -0.054516 -0.301583
1100 0.5905227600000001 8.8413606 -1.12221495 -0.432382 0.015877000000000002 -0.398283
1120 0.9199916100000001 8.99374914 -2.47136463 -0.7110850000000001 0.224474 -0.373791
1140 0.5192727300000001 8.720570069999999 -1.8785953800000001 -1.075544 0.441495 -0.250565
1160 -0.6053456700000002 7.59910068 0.05988024 -1.269516 0.15503499999999998 -0.107343
1180 -1.7651329199999999 6.55711191 0.8521750800000001 -1.217834 0.388806 0.261255
1200 -2.25116937 5.91509646 -0.24294465 -0.989639 0.545888 0.208169
1220 -1.6386427800000003 5.699992590000001 -0.9580053600000001 -1.013573 1.1139290000000002 0.166681
1240 -1.1728149300000001 5.154380010000001 -1.2862773900000002 -0.607903 2.118141 0.16716
1260 -0.7499450700000001 4.94601561 -1.0975133700000002 0.007626999999999998 1.551819 0.33135
1280 -0.714168 5.110970760000001 -0.7921575000000001 0.282241 0.8067449999999999 0.204968
1300 -1.2555917100000002 4.770583380000001 -0.37871505 0.445583 1.230348 -0.108491
1320 -2.0517811200000002 4.80351555 -0.33724818 1.2254969999999998 1.576727 0.239412
1340 -2.09354229 5.25243096 -0.6191091000000001 0.459975 1.391194 0.413764
1360 -0.82897443 6.80694318 -0.6785380799999999 -0.365579 1.850161 0.106171
1380 1.78833357 9.01021032 -2.105971560000001 -0.13389600000000002 2.070711 -0.901963
1400 5.04226152 12.33150354 -4.03770771 0.0479 1.318098 -1.991452
1420 6.674773050000001 14.422063590000002 -7.628589540000001 -0.390321 0.31658800000000004 -2.106461
1440 6.65007147 12.70303767 -5.97751749 -0.621428 -0.360743 -1.6863279999999998
1460 5.82977889 11.00630988 -4.3325865 -0.653053 -1.614588 -1.123057
1480 4.1255660700000005 10.15143705 -6.4815258600000005 -1.161499 -2.4552560000000003 -0.6416270000000001
1500 1.69447149 11.88273528 -6.1869315600000006 -2.081012 -2.601426 -0.586974
1520 0.10298538000000002 14.96677365 -2.1369515400000005 -3.222397 -2.069977 -0.099973
1540 -1.34390133 17.54545968 0.08352234000000001 -2.816226 0.09509 0.239785
1560 -3.04032501 11.250157050000002 -0.04715667 -1.017951 1.949698 0.554412
1580 -4.27570812 6.07511718 0.60654249 -0.256121 2.476339 0.59431
1600 -4.5214976700000005 6.750211950000001 2.63302362 0.102719 1.874048 0.386081
1620 -4.81099077 9.756564930000001 2.7241879500000006 0.272876 1.101839 0.209866
1640 -3.77963604 8.4217869 2.07842508 0.198529 0.887122 0.157279
1660 -2.7713348100000004 9.2284632 3.12879159 -0.144323 1.372634 0.25147
1680 -1.75300776 11.01933756 2.36537739 -0.459484 2.265213 0.288717
1700 -0.7213489200000001 11.58545304 2.17976238 -0.476474 3.246336 0.302296
1720 0.89813493 10.70797797 1.04916969 -0.5055890000000001 3.67448 0.085763
1740 1.1148770700000001 8.908725870000001 -1.49509305 -0.698647 2.984698 -0.142233
1760 0.34188831000000003 9.11903265 -0.7789826700000001 -1.063815 1.370452 -0.269833
1780 -0.23261472000000002 10.24319979 0.54202212 -1.381208 -0.277062 -0.377829
1800 -1.00261143 9.627828300000001 -0.7878116700000001 -1.428106 -1.245119 -0.406827
1820 -0.8797215600000001 9.64863531 -0.7619132700000001 -1.316799 -1.371344 -0.372773
1840 -0.7782273000000001 9.55942317 0.22603221 -1.324762 -0.836168 -0.20153
1860 -0.54142371 9.823773240000003 0.95830947 -1.107408 0.5299050000000001 0.044997
1880 -0.51896862 9.54205947 1.55795553 -0.754801 1.675775 0.363253
1900 -0.82373589 9.28474317 2.1948894 -0.485215 1.754113 0.51886
1920 -1.1762582400000001 9.36976644 2.9410870500000006 -0.055813 1.40741 0.535122
1940 -0.7749409500000002 8.95079115 2.96278677 0.4614 1.028972 0.685566
1960 -0.40490775 8.506506060000001 2.14713432 0.903802 0.96558 0.703693
1980 -0.7438040100000001 9.075181950000001 0.91504737 1.850037 0.903854 0.6676529999999999
2000 -0.9541206 9.67004073 -0.19578798 2.470985 0.857152 0.619707
2020 -0.55744344 10.155635730000002 -0.13831119 2.766474 1.366106 0.425634
2040 -0.2945844900000001 10.453516380000002 0.40416219000000003 2.770229 2.290287 0.275993
2060 -0.03922038 10.292750100000001 0.13876245 2.925647 3.107986 -0.016662
2080 -0.23232042000000003 10.75783239 0.36434340000000004 3.031241 4.0576 -0.487159
2100 -0.47810997000000005 11.52364023 0.85786488 2.54296 4.103004 -0.7619560000000001
2120 -0.47974824000000005 11.903993550000001 -0.24384717000000003 1.3802290000000002 2.396782 -0.374786
2140 -0.34203546 12.21280254 -1.59733287 0.832522 2.0632740000000003 -0.147448
2160 0.56492847 13.245805350000001 -1.02147606 1.2797120000000002 1.486913 -0.522805
2180 0.6277909500000002 12.764703330000001 -1.99804194 1.706048 0.986495 -0.6911689999999999
2200 -0.12603888 12.707079390000002 -2.4659691300000004 1.160933 2.113734 -0.529779
2220 -1.42353891 12.983397660000001 -2.19369258 0.639994 2.606414 -0.209309
2240 -2.97505908 12.184510500000002 -0.35341506000000006 0.5668880000000001 1.621995 -0.119896
2260 -4.341425310000001 11.04957198 0.50983551 0.484834 0.4664180000000001 -0.110443
2280 -5.053788270000001 11.44369854 1.9434100500000002 0.273999 0.049697000000000005 -0.144496
2300 -5.12563671 12.978914490000001 3.9784258800000005 -0.048182 0.239583 -0.198265
2320 -5.84609292 12.61397268 4.31133804 -0.375939 0.541629 -0.323787
2340 -7.3229197500000005 10.64017125 1.68489693 -0.7720090000000001 0.810994 -0.4753810000000001
2360 -7.42755321 9.677525760000002 0.29114118 -1.215554 1.116123 -0.472461
2380 -6.46550613 10.35756477 2.6072821800000003 -1.660438 1.49104 -0.338248
2400 -2.85321888 9.38593332 0.90082287 -1.839867 1.560457 -0.226359
2420 -2.10986613 8.231080500000001 0.53020107 -1.324589 1.437796 -0.101894
2440 -1.4925424500000002 7.03342665 1.21442895 -0.810076 1.05568 0.171382
2460 -1.49778099 7.01006904 0.8177517900000001 -0.328205 0.546849 0.459547
2480 -2.183509800000001 7.412288850000001 0.26719497000000003 -0.522019 0.056816999999999986 0.362681
2500 -1.99669797 7.00812666 -0.16076628 -0.368163 0.453189 0.473275
2520 -1.85793552 6.79347405 -0.28291059 -0.253329 1.259539 0.655709
2540 -2.36493594 6.714591840000001 -0.24040386000000002 -0.196742 0.893552 0.755918
2560 -2.4544423799999997 6.12196974 -0.12439080000000001 -0.069719 0.047874 0.608338
2580 -2.03800788 4.77506655 0.20582361000000002 -0.052012 -0.593308 0.298431
2600 -1.52592588 4.856352210000001 0.14909238 -0.141397 0.575673 -0.249553
2620 -0.49711194 5.7094298100000005 -0.06242103000000001 0.167167 2.881185 -0.8464200000000001
2640 -0.13321980000000003 7.638016950000001 -1.5844523400000003 0.433191 3.758556 -1.238791
2660 0.45535077 9.98394111 -3.58174872 -2.824794 -1.918257 -0.8227129999999999
2680 0.98839674 13.69936089 -8.009394120000001 -2.3882060000000003 -0.11725 0.22275
2700 2.29038975 14.355600840000001 -11.05181847 -0.918171 2.832061 0.123485
2720 3.62515797 11.43891126 -8.3785248 -0.050852 3.820379 -0.296875
2740 2.4556392 10.170752940000002 -3.5672299200000004 0.637322 3.679025 -0.442507
2760 0.35506314 10.101592440000001 -2.2818550500000003 0.71428 2.197425 -0.292656
2780 -1.17535572 10.116866609999999 -4.51910403 0.173441 -0.182337 0.15954200000000002
2800 -2.79259308 9.09164313 -5.503753350000001 -1.281427 -0.830099 0.373468
2820 -2.60937171 6.79108041 -4.22227305 -2.282178 -1.156603 0.042157
2840 -1.57232718 4.87805193 1.9369746900000002 -2.78361 0.83047 0.126907
2860 -2.8801571400000006 9.38249001 6.377186700000001 -2.5916490000000003 3.2880480000000003 0.229784
2880 -6.953641920000001 21.333188970000002 4.86728055 -1.583369 3.839297 0.295941
2900 -11.75984541 23.179450590000002 -12.529243710000001 -0.686433 4.148786 0.443883
2920 -5.79414897 7.62529338 6.05940156 -0.948812 4.730024 0.771386
2940 -3.06337851 3.00186 4.53855726 -1.391777 4.508051999999998 1.785524
2960 -2.9157870600000004 5.088221370000001 2.73271284 -1.719877 3.023717 1.3728
2980 -2.82208194 7.3468757700000005 2.6020436399999998 -0.226321 0.366597 0.16031900000000002
3000 -2.80561095 11.52364023 3.9411576900000003 0.14369500000000002 0.312823 -0.564487
3020 -1.62157338 13.855938300000002 4.2490641600000005 -0.422337 0.7577699999999999 0.009966
3040 -0.4047606000000001 12.58807428 3.2967486000000004 -0.749216 0.769257 0.350567
3060 0.15777423000000002 8.86366854 0.8415508500000001 -0.626855 0.806624 0.224255
3080 -1.4103640800000001 7.2631964700000005 1.01728719 -0.441904 0.173119 -0.019332
3100 0.31988447999999997 9.16154919 1.13314329 -0.464097 0.022722 -0.217983
3120 2.19458529 12.684320190000001 0.91923624 -0.504037 0.380847 -0.23154
3140 3.61947798 13.86326637 1.03853565 -0.631228 0.406546 -0.154481
3160 5.48040555 11.76433839 -0.3924882900000001 -0.756046 0.576747 0.014276
3180 4.45144446 8.71607709 -1.63295298 -0.464496 0.7351439999999999 0.11011300000000003
3200 -0.76161897 10.08018702 -1.3591755 0.155648 0.819184 0.134633
3220 -6.19995924 9.13146192 -2.20671045 0.743015 0.726522 0.15381
3240 -2.69499339 7.68726315 0.22947552000000002 1.183467 0.250787 0.193816
3260 1.94879574 9.01335933 1.40588091 1.676163 -0.038531 0.190151
3280 2.3312484 10.13287653 1.86212439 2.203639 0.075673 0.21078
3300 0.9458802000000001 9.942327090000001 1.38027681 2.66207 0.6453399999999999 0.143818
3320 -0.45565488000000004 10.44273519 0.8176046400000001 2.9704 1.18187 -0.030973
3340 -0.10597743000000001 9.23848902 -0.042065280000000004 3.005808 1.054605 -0.203614
3360 1.10140794 9.593552160000002 -0.33410898 2.830655 0.585026 -0.6357970000000001
3380 0.5613282000000002 10.209365100000001 -0.09834525 2.765593 0.450412 -1.01423
3400 -0.47646189000000005 10.46339505 1.1829879 2.620532 1.65369 -0.767889
3420 -2.04924033 13.253437530000001 0.8408052900000001 2.275531 4.057896 -0.173039
3440 -1.40782329 15.02350488 -0.5686660799999999 2.192704 4.750088 -0.042045
3460 -0.52436412 13.800403890000002 -0.8388531 2.507458 3.271691 -0.099909
3480 -0.30596409 12.65408577 -1.5967344600000002 2.586145 0.768305 -0.170927
3500 0.26465418 13.01888043 -1.49538735 2.814594 -0.065663 0.393622
3520 0.07559586 14.797923930000001 -0.93630564 2.905618 -0.150339 0.7105600000000001
3540 -0.9608502600000001 15.532604640000002 -0.20567646 2.9780580000000003 -0.379756 0.7434069999999999
3560 -2.65113288 15.2703441 0.9630967500000001 3.20268 -1.381174 0.563593
3580 -4.65831774 13.557606390000002 0.9166954500000001 3.127441 -1.801458 0.503785
3600 -6.56999244 13.23862443 0.16600482 2.541937 -1.313399 0.7041689999999999
3620 -8.053853040000002 14.169387420000001 -0.38290392 1.7794419999999995 -0.838528 0.626663
3640 -8.514442350000001 12.998514870000001 -0.5944173300000001 0.934933 -0.781068 0.575825
3660 -7.26304932 11.42604054 -0.12094749 0.134477 -0.990638 0.664506
3680 -3.999537 11.49250329 -0.17887554 -0.6638569999999999 -0.923413 0.7955760000000001
3700 -1.0578515400000001 11.27994021 0.9472339800000001 -1.475515 -0.447387 0.7380220000000001
3720 1.17834777 10.972485 1.64672622 -2.296716 -0.540816 0.572172
3740 2.7881001000000003 9.385334910000001 1.08105219 -2.485045 -1.042513 0.191213
3760 2.71819404 9.50269194 -0.16091343000000002 -3.264426 0.5219050000000001 0.451888
3780 1.2603789900000002 9.17786322 -1.4238430200000003 -2.847529 1.050076 -0.389772
3800 -0.37032750000000003 7.33011048 -1.69986699 -3.211576 1.228207 -0.397885
3820 -1.2549933 5.57530749 -0.14594337000000002 -2.723962 2.216987 -0.605117
3840 -0.88316487 4.94991018 0.99902097 -2.56644 2.636042 -0.575712
3860 -2.05223238 2.66251248 0.84184515 -2.644638 2.53736 -0.604974
3880 -2.40654996 0.38484630000000003 -0.11630736000000001 -2.519942 2.434845 -0.91696
3900 -1.2868758 0.37077876000000004 -1.0096550100000001 -2.30742 1.803216 -1.120833
3920 -0.2282787 1.85868108 -2.02348908 -1.314994 0.093574 -1.213191
3940 0.6303415499999999 1.9928034 -4.33887471 -0.927307 -0.934977 -1.142936
3960 0.7370645400000001 2.6348188500000003 -12.99671964 -0.775935 -1.002349 -0.943103
3980 4.63032 7.12907415 -2.9680253100000002 -0.496723 -1.291973 -0.685476
4000 -8.507408580000002 3.89175453 0.29429019 -0.64022 -1.207071 -0.4814890000000001
4020 -4.53317157 9.07802685 -6.108196500000001 -0.659613 -0.893224 -0.362385
4040 -11.5710912 15.885264330000002 -2.45938662 -0.6020270000000001 -0.343004 -0.280435
4060 -5.206922370000001 14.00472657 -3.8875656600000004 -0.520307 -0.7117319999999999 -0.315711
4080 -1.1255111100000001 13.47213186 -0.90576711 -0.555503 -0.974511 -0.105181
4100 -1.29121182 12.66860457 -1.96496262 -1.131642 0.679972 0.36617
4120 -2.11525182 10.96005573 -0.58198806 -1.2593379999999998 2.116982 1.020393
4140 -2.88240363 10.359958409999999 0.9348047100000001 -1.287227 1.679921 0.8530479999999999
4160 -2.7976844700000005 12.691059659999999 1.0524658500000001 -1.393169 1.145366 0.6254609999999999
4180 -0.50804028 16.14617109 0.17378415000000003 -1.223517 0.8847370000000001 0.121711
4200 3.7729063800000002 14.7844548 -2.91399183 -1.222877 0.362341 -0.308108
4220 3.84190992 11.784988440000001 -0.9196875 -1.322087 -0.518672 -0.480724
4240 1.3558793400000002 10.210866030000002 -0.48843009000000004 -1.438913 -1.322658 -0.453805
4260 -0.28800198 9.349852140000001 -0.56851893 -1.245325 -1.0376 -0.512638
4280 -2.02828617 8.95019274 -0.3586536 -0.914884 -0.395308 -0.515426
4300 -1.49359212 8.876686410000001 -0.55429443 -0.8745940000000001 -0.45498 -0.280059
4320 -1.08404424 8.80229718 -1.7649759600000003 -0.426221 -1.213517 -0.38705
4340 0.40744854 8.66368188 -1.44284499 0.265261 -1.349372 -0.312612
4360 -0.30701375999999997 6.189776460000001 1.31725737 1.119998 -0.904565 -0.135228
4380 -1.01953368 4.574785590000001 -0.47091924000000007 1.829881 -0.969161 -0.047933
4400 -1.7178290999999999 7.53308919 -1.7229204900000001 2.3183990000000003 -1.597797 -0.174038
4420 -3.3136610400000004 7.526202570000001 -1.04467671 3.059657 -1.351458 -0.348638
4440 -3.1880734200000003 7.530538590000001 0.016461180000000002 3.877694 2.082541 -0.412486
4460 -2.14129737 7.34851404 0.07978473 3.437565 3.990372 -0.278068
4480 0.44577621000000006 9.77422293 0.14354973000000004 3.057482 4.052036 0.081326
4500 1.8503033400000002 11.13234876 -1.46634975 3.001287 3.258397 0.398144
4520 1.33672041 11.33338509 -2.26643373 2.380944 0.575813 0.19215
4540 0.15837263999999998 12.215049030000001 -1.7143857900000001 1.56273 0.377253 0.206985
4560 -1.45497015 14.83489782 -1.27594746 1.808002 1.5336379999999998 0.918652
4580 -2.37690414 17.58618099 -3.16487277 2.643737 1.45053 0.997236
4600 -0.49906413000000005 17.39233539 -3.96046377 2.685776 0.072226 1.186234
4620 -0.34533162 15.101043120000002 -4.2332013900000005 3.224161 -1.285412 1.105209
4640 -1.69776765 13.96071891 -4.69588023 3.4719330000000004 -1.988213 0.8204879999999999
4660 -2.44561338 14.424153120000001 -5.5917686699999996 2.8078380000000003 -1.368106 0.834283
4680 -2.15671869 15.840658260000001 -7.491171060000001 2.271925 -0.814088 0.747576
4700 -1.85344254 16.32953961 -4.0576122 1.920359 -0.959894 0.48573
4720 -4.363125030000001 14.80301532 0.35071731 1.390622 -1.47197 0.332066
4740 -7.48803186 15.373633589999999 2.3872340700000003 0.66133 -1.735121 0.438405
4760 -8.451422910000002 13.600721340000002 2.2628432700000003 -0.303797 -1.36536 0.714268
4780 -7.28250255 9.39251583 4.643347680000001 -1.385948 -1.073409 0.836658
4800 -2.46252582 9.12203451 6.0574493700000005 -2.054622 -0.999981 0.370421
4820 3.04572051 9.68321556 0.5786919 -1.90567 0.121021 0.15851700000000002
4840 3.95283159 11.111090490000002 -3.8264886000000002 -3.890781 -0.093179 0.566874
4860 1.4094713700000001 10.28316573 -3.72605382 -3.409131 1.7368439999999998 -0.085859
4880 -0.66775689 9.51870186 -0.93525597 -3.3550949999999995 1.6482580000000002 -0.090709
4900 -1.3835729700000001 6.85035243 1.17146115 -2.500883 1.52401 -0.129449
4920 -1.8675198900000003 4.36267377 2.02888458 -2.27712 1.69995 -0.365256
4940 -2.4408261 2.5080344100000005 1.3395653100000002 -2.589287 1.749055 -0.6527149999999999
4960 -2.5536901500000004 1.9203565500000002 0.52510968 -2.465881 1.35574 -0.968611
4980 -1.39435416 1.17834777 -0.15792137999999997 -1.808669 0.587639 -1.262138
5000 0.22063671 1.34719749 -1.06967259 -0.968345 -0.8642989999999999 -1.199929
5020 0.8948387700000001 1.5786153900000002 -2.7614561400000004 -0.992692 -1.766412 -0.956456
5040 2.2384458 3.1169705400000005 -6.364767240000001 -0.866701 -1.624588 -0.8350489999999999
5060 2.1125540700000003 4.31163234 -9.68142033 -0.863034 -0.915543 -0.465259
5080 -2.0646518400000002 3.1262508 -0.3239262 -0.818112 -0.896392 -0.232097
5100 -8.863962840000001 4.07691828 1.2726513 -0.60977 -0.800188 0.037359
5120 -4.03546122 14.158606230000002 -9.67408245 -0.31287600000000004 0.155636 -0.021613
5140 -6.68764377 19.94258223 -0.23440995 -0.419933 -0.680064 -0.064019
5160 -3.19780494 15.387249870000002 -4.505929200000001 -0.5027659999999999 -1.127912 0.115438
5180 -1.30005063 11.13115194 -1.9203565500000002 -0.7756930000000001 0.00805 0.257354
5200 -1.738332 10.21311252 -1.48865769 -0.915911 2.359612 1.052391
5220 -3.25437921 10.27718163 -0.71850402 -1.278745 2.188907 0.8994559999999999
5240 -3.63204459 11.737390320000001 -0.13861530000000005 -1.229639 0.423907 0.550616
5260 -2.7680484599999997 14.53313241 0.06002739000000001 -1.10333 -0.278435 -0.009486
5280 0.05254236000000001 15.75474228 -2.20955535 -1.03467 -0.28481 -0.339079
5300 2.9274609600000003 13.20763464 -1.4485347899999998 -1.0336809999999998 -0.6359670000000001 -0.435831
5320 2.8421433900000004 10.87952544 -0.14505066000000003 -1.281328 -0.671296 -0.443924
5340 0.48244599000000005 9.41018364 -0.7396151400000001 -1.138241 -0.465957 -0.503009
5360 -1.2088863 8.923695930000001 -1.4516838 -0.968445 -0.710324 -0.5453060000000001
5380 -2.24428275 8.438100930000001 0.5752584000000001 -1.051427 -0.815818 -0.465634
5400 -1.68998832 8.78074461 -2.3951703600000003 -0.806212 -0.93247 -0.5438890000000001
5420 -0.6125265900000001 8.83028511 -1.9134699300000002 -0.211526 -0.84598 -0.311246
5440 1.09003815 7.554337650000001 -0.8198413200000001 0.607355 -0.630694 0.018937
5460 -1.1937690900000002 4.70785824 1.91002662 1.221777 -1.043313 0.108148
5480 -1.2982455900000003 5.614527870000001 -1.6271160300000003 1.747367 -1.752954 -0.038959
5500 -2.12094162 7.79893038 -1.75300776 2.359137 -2.217172 -0.363104
5520 -3.1424176800000003 7.36991946 -1.49509305 3.320184 -1.437168 -0.718449
5540 -3.0837342600000004 7.438932810000001 0.10088604 3.918309 1.694247 -0.580483
5560 -0.8994789 9.13894695 -0.73227726 3.142679 3.797915 -0.378157
5580 1.46275929 11.045079 -0.8598072600000001 2.569043 4.149289 -0.105945
5600 1.9911553200000003 11.46106224 -1.0340524800000002 2.324965 3.483524 0.363221
5620 0.7667103599999999 11.666287440000001 -1.8959590800000001 1.7347 1.457561 0.294396
5640 -1.09093086 13.27065408 -1.30813407 1.330748 1.494551 0.7177479999999999
5660 -2.44291563 16.719330150000005 -1.96496262 1.843449 1.930543 1.264495
5680 -1.15170381 18.41530257 -3.1394256300000003 2.658326 1.245505 1.107627
5700 0.43349409 15.50281167 -3.63653757 2.629438 0.103376 1.1708459999999998
5720 -0.68587596 12.66396444 -3.9218418000000006 3.13578 -1.343309 1.008526
5740 -2.6758344600000004 12.557241450000001 -4.44979638 3.086546 -1.51516 0.8706010000000001
5760 -3.59642448 13.573626120000002 -4.78465092 2.658331 -1.101511 0.894854
5780 -3.1665110400000005 14.212041300000001 -4.747078620000002 2.220996 -0.915407 0.821058
5800 -2.5182171899999997 14.890589190000002 -4.67717256 1.7878040000000002 -0.844016 0.659844
5820 -3.5401347000000003 14.09109381 -1.05754743 1.317201 -1.290111 0.471258
5840 -6.69886641 14.173576290000002 1.5486752700000002 0.691679 -1.372048 0.4584470000000001
5860 -8.025561000000001 11.78335017 2.6446975200000002 -0.219261 -0.891379 0.6576350000000001
5880 -8.00774604 10.52221581 1.1593359900000002 -1.161131 -0.543218 0.721113
5900 -3.8959532100000005 9.00721827 4.264926930000001 -1.76125 -0.5206029999999999 0.38147
5920 0.66896352 9.20555685 4.373759070000001 -2.168288 -0.776555 0.007214
5940 3.19076136 10.87892703 -0.58648104 -3.471171 -0.319171 0.508137
5960 3.0367345500000003 9.96552774 -2.9464727400000004 -3.402501 1.514322 -0.121847
5980 0.26061246000000005 9.329653350000001 -2.63527011 -3.34059 1.7611310000000002 -0.357808
6000 -1.16727228 7.67140038 -0.5924651400000001 -2.769231 1.207203 -0.324265
6020 -1.3771376100000001 5.96898279 1.2322341 -2.801517 2.42975 -0.464926
6040 -1.7065966500000003 4.748726700000001 0.82763046 -2.947538 2.743162 -0.659696
6060 -1.84027752 4.1294606400000005 -0.02798793 -2.779482 1.914757 -0.8999469999999999
6080 -1.9583801100000002 3.34269864 -0.49038228 -2.011131 1.025587 -1.116699
6100 -1.23493185 2.1630069 -0.40789980000000003 -1.076681 -0.258934 -1.17796
6120 0.34114275 2.3640334200000006 -1.0806009300000001 -0.5347729999999999 -1.413646 -1.126762
6140 0.8373619800000001 2.35699965 -3.45496428 -0.323131 -1.788342 -1.114121
6160 1.7501628599999999 2.84992272 -6.82999668 -0.05835 -1.769883 -0.898651
6180 1.77231384 3.26425788 -11.971957230000001 -0.245466 -1.72705 -0.526135
6200 -2.97146862 3.86316819 2.30161239 -0.669454 -1.290001 -0.230554
6220 -2.8238771700000003 5.9345595 -0.5436702 -0.318838 0.148731 0.111882
6240 -5.902824150000001 16.696727910000003 -8.02106802 -0.421258 0.361071 -0.15295599999999998
6260 -8.85797874 18.401529330000002 -4.00941567 -0.448024 -0.979374 -0.047808
6280 -4.797227340000001 14.11100811 -4.87536399 -0.543808 -1.005248 0.111789
6300 -1.20080286 10.885666500000001 0.43349409 -0.7630600000000001 2.206661 1.073951
6320 -1.50916059 11.40538068 -1.27040481 -1.406688 2.908569 1.12624
6340 -2.6262841500000005 11.54533995 -0.8300241 -1.2970700000000002 1.348815 0.812811
6360 -2.56596246 11.540405520000002 0.8991846000000001 -0.818209 0.045475 0.259146
6380 -1.34360703 12.776975640000002 0.33260805000000004 -1.0186879999999998 -0.106746 -0.393675
6400 1.17356049 14.04304443 -2.20297284 -0.903676 -0.198689 -0.676901
6420 3.0550007700000004 12.89657916 -2.34502164 -1.252154 -0.247946 -0.5777909999999999
6440 1.4917968900000003 11.13833286 -0.95845662 -1.28782 -0.780637 -0.53356
6460 0.47960109000000006 8.932672080000001 -0.7650622800000001 -1.088678 -1.132739 -0.565901
6480 -0.84184515 8.49618594 -0.22663062000000003 -1.11394 -1.14709 -0.418645
6500 -2.52779175 8.219406600000001 1.77425622 -0.830886 -1.106401 -0.449835
6520 -0.8177517900000001 8.43615855 -1.8959590800000001 -0.236764 -0.557081 -0.34170300000000003
6540 -0.35251254000000004 8.5083111 -3.24360783 0.453148 -0.016677 0.048052
6560 1.5721800300000002 7.600140540000001 -0.7021899899999999 1.066371 -0.216257 0.142322
6580 -0.12529332 4.58661645 3.25109286 1.408075 -0.76868 -0.00093
6600 -1.24840098 6.983425080000001 -1.7024077800000001 1.71402 -1.0596219999999998 -0.235565
6620 -2.73196728 8.001310680000001 -2.72403099 2.169239 -1.439225 -0.538479
6640 -4.00896441 7.519011840000001 -1.0238697 2.667839 -0.8266379999999999 -0.717379
6660 -3.9195953100000014 6.911282340000001 -0.11975067000000002 2.578428 2.201824 -0.344802
6680 -0.05478885000000001 8.59901436 -0.27781920000000004 2.479582 3.955686 -0.097776
6700 2.6198487900000003 10.86350571 -0.4601478600000001 2.1714450000000003 3.2657 0.357087
6720 2.36941911 12.22103313 -1.27085607 1.690508 1.851789 0.313879
6740 0.05433759 12.413534760000001 -2.3992120800000003 1.973028 0.724166 -0.056580999999999985
6760 -1.87275843 13.98362526 -2.05013304 2.043385 1.097235 0.092984
6780 -3.00380238 17.577950400000002 -2.74648608 2.141923 1.586466 0.738251
6800 -1.64103642 18.388207350000002 -3.3998811300000003 2.629775 0.8914559999999999 0.694479
6820 -0.28575549 14.937441750000001 -3.20932188 2.68746 0.317645 0.817395
6840 -1.8615259800000001 12.104431470000002 -2.5864751700000004 2.963738 -0.423609 0.799978
6860 -4.34726226 11.63695554 -2.8476762300000003 3.046081 -0.773746 0.6439739999999999
6880 -5.02384815 12.49930359 -3.1603797900000004 2.624912 -0.29896 0.824158
6900 -3.9880102500000003 12.8585556 -3.5251646400000003 2.251198 -0.189709 0.9998
6920 -2.3137375500000004 12.725482950000002 -2.9912259600000004 2.000419 -0.315152 0.8860459999999999
6940 -1.3030426800000001 13.392651240000001 -0.00987867 1.577141 -0.695287 0.678478
6960 -2.9900291400000003 13.655058930000001 2.43169299 0.911287 -1.088723 0.544008
6980 -5.732630459999999 12.278362770000001 1.08389709 0.110471 -1.124827 0.410274
7000 -6.64528419 9.76404996 -0.56297628 -0.946524 -0.854693 0.372634
7020 -6.241122 9.186397920000001 -2.4804879300000002 -2.007683 -0.495437 0.162868
7040 -2.4587882100000003 9.11799279 -0.29069973 -2.313447 0.437137 0.047374
7060 1.85554188 9.250162920000001 1.59433101 -3.1242080000000003 -0.833593 0.181139
7080 3.3313190400000003 11.01080286 0.37482048 -2.930653 1.080375 0.096717
7100 -0.01721655 8.55201465 -2.00238777 -2.730785 0.728809 -0.336202
7120 -2.6693991 7.290438840000001 -2.42136306 -2.503788 0.730981 -0.276935
7140 -3.09885147 5.996078010000001 -1.52982045 -2.395516 1.3875 -0.447936
7160 -2.02274352 5.843248020000001 -0.12693159 -2.902266 2.03309 -0.283524
7180 -0.48858705 5.964195510000001 -0.006582510000000001 -3.0520400000000003 2.199605 -0.5027010000000001
7200 -0.39278259 5.105879370000001 -0.26913735 -2.611696 1.578308 -0.8235680000000001
7220 -1.34270451 3.4117021800000007 -0.44561925 -1.741413 0.4285100000000001 -0.953816
7240 -0.76790718 2.8024717500000005 -1.16906751 -0.943693 -1.272443 -0.919359
7260 0.6786852300000001 2.6548803000000003 -1.8467128800000001 -0.622282 -1.993405 -0.988829
7280 0.75518361 2.51702037 -3.1853756700000004 -0.250803 -1.809901 -0.847601
7300 0.38574882000000005 2.3173280099999998 -5.25991599 -0.317351 -1.615864 -0.563099
7320 1.3298337900000001 2.45040066 -9.95969079 -0.450967 -2.129996 -0.5462819999999999
7340 -3.6507620700000003 5.314400730000001 -0.8360082000000001 -0.611929 -1.878917 -0.325538
7360 -2.13290982 10.49033331 -3.0473587800000006 -0.290093 -0.388182 -0.175649
7380 -4.712047110000001 21.026479320000004 -8.136933930000001 -0.264398 0.124056 -0.157966
7400 -5.3290666799999995 16.43552685 -3.05813997 -0.2982 -0.880703 0.188121
7420 -2.9079979200000006 10.550213549999999 -3.84490197 -0.599685 -0.974532 0.470282
7440 -0.8840575800000001 8.08963011 -0.3125466 -1.086105 1.846506 1.376599
7460 -0.9143018100000001 10.0875249 -1.9751454 -1.6656990000000005 2.364765 1.478709
7480 -2.75756157 11.58321636 -0.40176855 -1.510904 0.09559 0.8471059999999999
7500 -3.12175782 12.603789900000002 -0.49112784 -0.787682 -0.835414 -0.056774
7520 -1.7910215100000002 15.0736536 -0.8376562800000001 -0.995767 -0.003447 -0.405398
7540 1.1723636700000002 14.899565340000002 -3.3914935800000006 -1.302371 0.120222 -0.430131
7560 2.4011544600000003 11.940967440000001 -1.8655677000000002 -1.478558 -0.491173 -0.295982
7580 -0.20731473 9.901605779999999 -0.24533829000000001 -1.426203 -0.838124 -0.423358
7600 -2.1927900600000005 8.649467190000001 -0.6117810300000001 -1.29004 -0.663996 -0.396993
7620 -1.8841282200000002 7.592959620000001 -1.4994290700000001 -0.946453 -0.695915 -0.438349
7640 -1.5296733000000002 7.678287 0.30416886 -0.4717520000000001 -0.624412 -0.349667
7660 -0.25851312000000004 8.546177700000001 1.43970579 0.017738999999999998 -0.7131930000000001 -0.15065
7680 -0.14729715000000002 8.65215513 -1.87844823 0.536738 -0.581932 -0.125828
7700 1.8935654400000002 8.216865810000002 -2.0131591500000003 1.133267 -0.5679649999999999 -0.13983900000000002
7720 2.04684669 7.528596210000001 1.49703543 1.760592 -0.6030399999999999 -0.170664
7740 -1.0415375100000002 4.47703875 1.57008069 2.571712 -0.946076 -0.336542
7760 -3.2070852 9.00886635 -1.96630659 3.35077 -0.11718599999999997 -0.505214
7780 -6.48885393 9.48727062 -3.0356848800000003 3.397064 1.922465 -0.457298
7800 -5.051394629999999 8.22719574 -0.55608966 2.917035 3.080143 -0.504864
7820 -1.6973163900000001 7.54177104 0.37616445 2.414339 3.231429 -0.073803
7840 1.3108220099999999 9.43563078 -0.5661252900000001 2.114232 3.635265 0.161797
7860 2.00193651 10.99523439 -0.56627244 1.82292 1.807825 0.005075
7880 -0.03202965 10.661733630000002 -1.35618345 1.3164209999999998 1.086877 0.648736
7900 -1.4741388900000003 12.1497831 -1.24750827 1.955558 1.935426 1.012103
7920 -1.5525698400000003 14.550496110000001 -2.10626586 2.689725 1.636036 0.920407
7940 -0.37391796 15.589178910000003 -2.59260642 3.154669 0.15255 0.673455
7960 -0.68721993 14.96183922 -3.24719829 3.568707 -1.215901 0.474071
7980 -1.8375797700000003 14.58566496 -3.6595910700000003 3.447422 -0.969132 0.406677
8000 -3.0876288300000003 14.749874550000001 -3.5703789300000004 3.082974 -0.525155 0.516794
8020 -3.59282421 15.048804870000001 -3.835474560000001 2.832712 -0.376399 0.562926
8040 -3.4784690400000002 15.3770769 -4.31373168 2.760972 -0.818711 0.414509
8060 -3.306470310000001 15.06751254 -2.5884175500000004 2.412369 -1.244734 0.162655
8080 -4.4101247400000005 15.17049792 -0.21031659 1.751758 -1.192867 0.019106
8100 -7.183264590000001 15.18173037 1.41964434 0.68134 -0.66022 0.145542
8120 -7.64804277 13.24505979 1.4341631400000003 -0.375111 -0.127425 0.488925
8140 -7.06770279 10.38151098 1.8263473200000002 -1.067516 -0.095199 0.755376
8160 -5.391791820000001 10.10010132 3.5046617400000004 -1.533027 -0.622054 0.7784369999999999
8180 -0.35251254000000004 8.48151018 3.5630410500000003 -2.236017 -0.8922110000000001 0.483316
8200 1.64747178 10.10503575 0.50055525 -2.2927470000000003 0.27204 0.024229
8220 2.01466008 9.69713595 -3.2858202600000004 -2.778744 -0.372489 0.45429
8240 0.6460571700000001 9.20031831 -3.6786028500000003 -2.193709 0.422305 0.455222
8260 -1.08045378 6.9190616700000005 -2.01930021 -1.90356 -0.43179 -0.391962
8280 -1.34525511 5.53159413 0.29578131 -2.300321 0.529578 -0.17057
8300 -1.31845419 5.0008044599999995 0.786762 -3.3648260000000003 1.554808 -0.155819
8320 -1.7330934600000003 4.475989080000001 0.16091343000000002 -4.159077 3.180657 -0.32582
8340 -1.15215507 3.5810031600000003 0.06511878 -4.350752 4.523055 -0.7294619999999999
8360 -0.5116405499999999 2.13800121 -0.19414971 -3.975487 3.88607 -1.0667870000000002
8380 -0.8069706000000001 0.37886220000000004 -1.08748755 -3.273855 3.111319 -0.802384
8400 -0.09504909 0.91504737 -2.6556258600000002 -2.888336 2.84645 -0.43402
8420 0.7235954100000002 2.3264611200000003 -4.3875225 -2.116652 1.367795 -0.5570579999999999
8440 0.24803604 2.7931914900000003 -5.70223908 -1.507106 0.162081 -1.129163
8460 0.9586037700000001 2.98838106 -6.066886590000001 -0.683311 -0.308324 -1.155921
8480 2.6084790000000004 3.3386569200000005 -8.280326700000002 -0.14184000000000002 -0.937384 -0.955848
8500 2.0926495800000002 4.77522351 -10.627604640000001 -0.079192 -1.473457 -0.950451
8520 -5.12025102 6.4018882800000005 -1.49329782 -0.194439 -1.720182 -0.955212
8540 -4.65352065 16.625330730000005 -13.65879654 -0.529566 -1.15054 -0.5950880000000001
8560 -7.6293351000000005 24.23610531 -4.693339440000001 -0.576304 -0.567813 -0.293854
8580 -5.136722010000001 6.1153872300000005 -0.7575772500000001 -0.438926 -0.181356 -0.087223
8600 -6.10310511 1.07387127 -1.0873404 -0.588206 0.448195 0.048728
8620 -4.79871846 4.88524266 1.25648442 -0.934417 1.64317 0.414383
8640 -4.891825170000001 11.48980554 1.88727723 -1.3555 2.738501 0.721959
8660 -4.973405130000001 17.1270828 -0.23591088000000002 -1.773814 1.838453 0.790693
8680 -3.3012317700000002 14.997616290000002 0.65309094 -1.557713 1.257017 0.5525979999999999
8700 -1.60271856 13.061092860000002 2.2748212800000003 -1.382401 1.266154 0.247231
8720 0.5029587000000001 14.19512886 1.64792304 -1.444562 1.435661 0.003025
8740 3.49927605 12.704234490000001 -1.37848158 -1.202153 1.889864 -0.305648
8760 3.04331706 11.74891707 -2.32107543 -0.848784 1.438024 -0.570724
8780 -0.54816318 10.85048784 -1.9098794700000001 -0.735858 0.456492 -0.565473
8800 -2.0258827200000002 9.58651839 -1.4602086900000002 -0.99242 -0.20587 -0.402979
8820 -1.94145786 8.65260639 -0.92717253 -1.394423 -0.217967 -0.22631
8840 -0.99124164 8.001614790000001 0.1272357 -1.585501 -0.033845 -0.018509
8860 -0.01032993 7.285945860000001 0.86819481 -1.574528 0.130953 0.317846
8880 1.24750827 6.86082951 0.6619199400000001 -1.181081 0.33309 0.575641
8900 1.84805685 6.97998177 1.1154754800000002 -0.226477 0.268956 0.33563200000000004
8920 1.77051861 8.00265465 2.13815817 0.488565 0.259248 0.27868200000000004
8940 0.26375166 8.31550536 2.83899438 0.7469859999999999 0.202544 0.6480279999999999
8960 -0.72689157 8.067469319999999 -0.31689243 1.2902360000000002 0.093895 0.973496
8980 -2.34307926 9.2284632 -0.6665600700000001 1.933548 0.547656 0.960317
9000 -3.19091832 9.23968584 0.14938668000000002 2.382046 1.517903 0.8927719999999999
9020 -3.9917478600000003 8.60979555 -0.18860706000000002 2.4147830000000003 1.885439 0.860483
9040 -3.9252851100000004 8.736579990000001 0.18486945000000002 2.314601 2.030068 0.743162
9060 -2.81669625 9.10990935 0.50983551 2.223243 2.3127470000000003 0.4612189999999999
9080 -0.6819813900000001 9.70507224 0.033530580000000004 2.143096 2.141978 0.079523
9100 0.70428933 10.388093490000001 0.5051953800000001 1.740091 1.70331 -0.425863
9120 1.76752656 10.653944489999999 0.55549125 1.254941 0.7243649999999999 -0.282719
9140 2.7328698 11.10615606 0.046107 1.185407 1.516792 0.077907
9160 3.0455635500000007 11.501930699999999 -0.40835106000000004 1.262181 3.182452 -0.146949
9180 1.47653253 12.0424617 -1.5513730200000002 1.413095 2.9511700000000003 -0.248148
9200 -0.7274899800000001 12.36728061 -2.95605711 1.335124 1.888672 -0.342403
9220 -1.86542055 12.98174958 -2.8966281300000003 1.309708 0.408422 -0.441096
9240 -0.8903457900000001 12.634926840000002 -1.2445162200000002 1.331492 -0.386572 -0.385446
9260 -0.3583593 12.007734300000001 -1.0523088900000002 1.286338 -0.018772 -0.416143
9280 -2.47854555 11.072919780000001 -2.0022406200000002 0.8246700000000001 0.064791 -0.400247
9300 -3.2879097900000005 11.550127230000001 -1.62037656 0.17316199999999998 0.28276 -0.26514
9320 -4.604872860000001 12.085115580000002 0.17423541000000003 -0.366227 0.740102 -0.148785
9340 -5.992487550000001 13.18862286 0.5619266099999999 -0.932298 1.142356 -0.08595599999999999
9360 -6.149212110000001 13.601162790000002 2.4120828 -1.555156 1.445918 -0.068263
9380 -6.90499413 14.005472130000001 3.1136743800000004 -2.193095 1.739854 -0.028231
9400 -8.69556438 13.11033906 2.59365609 -2.522352 1.925979 0.065371
9420 -10.009231289999999 10.924877069999999 0.37676286000000003 -2.161124 1.95202 0.432125
9440 -9.262739340000001 8.17106292 -0.00104967 -1.667747 1.846019 0.937771
9460 -6.584952690000001 7.806121110000001 1.3455494099999998 -1.160053 2.143002 0.555309
9480 -4.02677937 7.6631599800000005 1.28238282 -0.164012 1.709777 0.937767
9500 -3.4073661600000005 7.28684838 1.6735173300000001 0.940795 1.038459 1.093759
9520 -2.29188087 7.484882850000001 1.4310239400000002 1.564937 0.723932 -0.17693499999999998
9540 -1.02177036 7.691010570000001 0.59905746 1.233528 1.794598 0.093911
9560 -0.8165549700000001 7.741002330000001 -0.0577809 -0.271639 3.368367 -0.288224
9580 -1.9296368099999999 6.43451634 0.01257642 -1.450472 2.691477 -0.753858
9600 -2.2656881700000002 5.27427783 1.02312414 -1.167048 0.959477 -0.501832
9620 -2.25416142 4.43557188 1.43551692 -0.912551 -0.215938 -0.618189
9640 -1.98442566 4.388425020000001 1.35109206 -0.8792840000000001 -1.010245 -0.744057
9660 -2.00552697 4.708162350000001 1.23268536 -0.8907379999999999 -1.514665 -0.598212
9680 -1.8059915700000002 5.117258970000001 0.76850559 -1.231215 -1.607819 -0.184933
9700 -1.4379105600000002 6.15235131 -0.26255484 -2.404514 -1.899297 -0.068841
9720 -1.3690541699999998 8.534798100000001 -2.09489607 -2.518027 -0.094216 0.169471
9740 -0.5049010799999999 12.728926260000001 -7.37636463 -1.039767 2.849595 0.372577
9760 2.8243284300000004 15.7502493 -11.62706706 -0.6304569999999999 3.753499 0.412734
9780 4.75501491 15.272590590000002 -11.455225290000001 -0.673879 3.522746 0.347565
9800 2.06689833 13.08757986 -12.89373426 -0.558267 2.987211 0.438789
9820 -3.9345653700000005 17.41957776 -8.103697649999999 -0.530698 2.903253 0.631369
9840 -6.58570806 15.553853100000001 2.74260132 -0.7020770000000001 3.05709 0.936555
9860 -5.4091555200000005 5.638621230000001 7.0048305 -0.7107939999999999 3.45886 0.903933
9880 -5.36618772 3.7124277300000004 8.65545129 -0.636887 3.828827 0.494846
9900 -8.324638470000002 8.44962768 6.846163560000001 -0.69562 3.599697 0.03753
9920 -7.16709771 10.984757309999999 5.098845600000001 -0.763085 2.5327740000000003 -0.024599
9940 -4.41387216 11.286375570000002 3.6582471000000005 -0.921094 0.940251 -0.170008
9960 -2.9759616 10.571020560000001 2.6577252000000002 -0.955961 -0.231188 -0.230708
9980 -2.22871428 9.874814670000001 2.6331707700000004 -0.7588239999999999 -0.511019 -0.219358
10000 -1.7970154200000001 10.268342819999999 1.63086345 -0.776007 -0.270321 -0.190945
10020 -0.77135049 10.06237206 -1.4471908199999999 -1.075213 0.204343 -0.085752
10040 -0.10328949000000001 9.863287920000001 -0.03922038 -1.139803 0.870036 -0.003735
10060 0.74739447 9.95969079 1.85614029 -1.044081 1.119726 0.07566200000000001
10080 -0.13277835000000002 9.891128700000001 0.49816161000000003 -0.826227 1.026956 0.175579
10100 -0.52974981 10.49048046 0.44262720000000005 0.058187 1.197857 0.35993
10120 -0.45475236 10.16341506 0.6286934700000001 1.392734 1.006478 0.442137
10140 -0.47450970000000003 9.6537267 0.74844414 2.61848 0.782606 0.486237
10160 -0.16121754000000002 9.43907409 0.8107180199999999 3.76563 1.329283 0.509572
10180 0.32827203 9.502240680000002 1.17999585 3.817138 1.962462 0.363843
10200 0.73227726 9.055571760000001 1.46665386 3.47421 3.5028410000000005 -0.135113
10220 0.5402268900000001 9.170525340000001 1.08030663 3.126337 4.678818 -0.610136
10240 0.13905675 9.32006898 0.16435674 1.955589 4.576561 -0.397061
10260 0.040711500000000005 9.70177608 -0.7258419 1.832867 4.57824 0.088121
10280 0.01946304 9.39446802 -0.5855785200000001 2.56928 1.394103 -0.54252
10300 -0.02439747 9.38847411 0.4858893000000001 2.211717 0.869275 -0.321087
10320 -0.08891784 10.130188590000001 0.59426037 3.13762 2.1003830000000003 -0.237148
10340 -0.32497587 10.594368359999999 -0.09176274 3.928706 0.415052 -0.373673
10360 -0.42990363000000004 10.77519609 -0.16630893 3.78739 -0.400477 -0.369342
10380 -0.27722079 10.74435345 -0.91639134 3.603032 -0.418635 -0.197555
10400 0.13682007 11.33173701 -2.2956282900000002 3.571501 -0.521861 0.069413
10420 0.59141547 11.80504989 -4.237684560000001 3.448176 -0.28232 0.212454
10440 0.6767428500000001 13.415999039999999 -5.19000993 3.264873 -0.445959 0.002012
10460 -0.44996508 14.97920292 -4.7343550500000005 3.089836 -1.240946 -0.30584
10480 -2.5408194300000004 16.384328460000003 -2.55009969 2.591295 -1.386965 -0.387115
10500 -5.461246620000001 14.57938656 -1.9276944300000003 1.901922 -1.016657 -0.220421
10520 -7.66196316 13.57287075 -0.18935262 1.200449 -0.907639 -0.235075
10540 -8.81052777 14.820231870000002 2.72927934 0.614002 -0.49692 -0.140353
10560 -10.687622220000002 15.28441164 2.69754399 0.011745 0.004212 0.002213
10580 -9.6306732 11.748024359999999 2.9029163400000004 -0.442082 0.392589 0.241032
10600 -4.27061673 12.32133057 2.19757734 -0.748894 0.538462 0.523917
10620 -1.53355806 11.768831370000001 0.6191091000000001 -1.026787 0.660996 0.757896
10640 1.23747264 12.45021435 -1.2796850700000002 -1.371393 0.718424 0.814167
10660 0.2633004 11.49983136 -3.6769547700000005 -2.065891 0.559605 0.640741
10680 -2.2150980000000002 11.15435259 -3.25019034 -2.342241 0.806368 0.177022
10700 -2.4920146800000005 9.19747341 -2.9277650700000004 -2.46387 1.066623 0.200408
10720 -2.65921632 7.994571210000001 -1.10080953 -2.585019 1.6962080000000002 -0.228533
10740 -1.8369813600000002 7.53338349 -0.89693811 -2.917794 1.333524 -0.616021
10760 -1.3651596 7.35166305 -2.3234690700000002 -3.5587760000000004 3.2365 -0.425316
10780 0.13950801 7.02563751 -3.75538572 -4.2938220000000005 4.542408 -0.557106
10800 0.38874087000000007 4.5232929 -4.31597817 -4.768316 5.4604599999999985 -0.890609
10820 -0.40581027000000003 2.37586428 -3.6110904300000004 -4.295922 5.624967 -1.147098
10840 -1.32818571 1.5525698400000003 -3.598072560000001 -3.010374 4.071201 -0.7814770000000001
10860 -0.9860031 1.34166465 -3.32368686 -2.11422 2.634346 -0.543709
10880 -1.9154123100000002 0.43499502 -3.5004728700000003 -1.52043 1.458725 -0.902318
10900 -2.42106876 1.19496591 -4.39216263 -1.172693 0.994968 -1.11294
10920 -2.06660403 2.35909899 -5.6297922300000005 -0.702263 0.126651 -1.490964
10940 -1.5777226800000002 2.84078961 -6.0016206599999995 -0.309542 -0.904416 -1.59479
10960 -0.79933842 2.9223695700000003 -6.23064492 -0.066363 -1.820535 -1.543848
10980 -0.80502822 2.60623251 -8.59183344 -0.005502 -1.768605 -1.263615
11000 -2.5000981200000005 1.6301080800000003 -10.86366267 -0.088338 -1.265062 -0.842891
11020 -5.18521284 5.913752489999999 -9.63561744 -0.06239500000000001 -1.530835 -0.46956
11040 -8.490496140000001 11.761640640000001 -7.124885280000001 -0.4460270000000001 -0.737704 -0.012852
11060 -8.85333861 18.87275268 -9.75836016 -1.185605 2.532527 0.934918
11080 -4.20969663 9.736650630000002 -0.9078664500000001 -1.62766 2.904028 1.387485
11100 -4.12362369 6.324801300000001 1.29615606 -1.727407 2.116749 0.951962
11120 -3.9790242900000004 7.72603227 1.05021936 -1.161021 1.44294 0.068021
11140 -1.96885719 12.863646990000001 1.93262886 -0.8499190000000001 1.030868 -0.248676
11160 -0.36583452 19.07797788 -2.8657953000000003 -1.136065 0.4558680000000001 -0.062999
11180 1.96481547 18.02716011 -1.84117023 -1.375583 -0.296873 -0.223941
11200 1.77994602 11.75475402 0.14893542 -1.281664 -0.4458180000000001 -0.619404
11220 2.5768908000000006 9.549240390000001 -1.6310106 -1.137685 -0.531245 -0.6930649999999999
11240 1.5399934199999998 9.48427857 -0.72509634 -1.180575 -0.7400869999999999 -0.377971
11260 0.80861868 10.578799889999999 -0.8243343 -1.191631 -1.020281 -0.095679
11280 0.27482715 11.662402680000001 -1.5759274500000002 -0.836744 -1.540471 -0.053009
11300 0.77463684 11.50043958 -1.95118938 -0.149611 -1.755959 -0.040456
11320 1.1407754700000001 10.86125922 -0.8406483299999999 0.462197 -0.983449 -0.084174
11340 0.9630967500000001 10.420584210000001 -0.8963397000000001 0.841567 -0.203638 -0.154094
11360 1.13553693 9.68860125 -1.5780169800000001 1.344112 0.197616 -0.234419
11380 1.6534656900000002 8.818159950000002 0.06271533 1.846105 -0.002991 -0.319318
11400 -1.38986118 5.0581341 0.08067743999999999 2.344978 -0.466536 -0.447699
11420 -2.91069567 6.924604320000001 -2.40849234 2.925043 1.003181 -0.326958
11440 -3.87948222 8.66623248 -2.6568226800000003 2.944179 3.263072 -0.187647
11460 -1.2271525200000002 8.24126328 -1.0717719300000002 2.675436 3.120027 0.119376
11480 -0.06392196 6.57837018 0.49891698 2.628135 2.087952 0.116095
11500 1.14197229 6.93732789 0.29728224000000003 2.595626 1.707777 -0.153905
11520 0.68812245 8.92549116 -0.36927783000000003 1.986873 1.544033 0.296047
11540 2.13096744 10.320738030000001 -0.93016458 1.8789240000000005 1.108599 0.855599
11560 3.0523030200000005 10.70469162 -1.58969088 2.689239 0.687394 0.791296
11580 1.8762017400000002 11.86717662 -1.4106681900000002 3.108357 0.957187 0.625099
11600 -1.65166065 13.567789170000001 -0.9410929200000001 3.08248 0.4798 0.683214
11620 -3.56483628 15.88901175 -2.030228550000001 3.517662 -0.8358450000000001 0.5800489999999999
11640 -4.13605296 16.475335830000002 -3.7335388500000004 3.574631 -0.973487 0.585965
11660 -2.7671459400000002 14.329996740000002 -4.38603138 3.176377 -0.867445 0.520022
11680 -1.9091339100000002 12.80826954 -4.25160495 2.839121 -0.776304 0.397908
11700 -2.1475855800000003 12.59061507 -3.65600061 2.35811 -0.996244 0.139525
11720 -2.4718060800000003 13.98406671 -3.4599085200000004 1.61952 -1.1531 0.045905
11740 -1.7312982300000002 14.73939747 -4.42315242 0.717065 -1.051175 0.114246
11760 -0.32287653 14.23808685 -3.2856633000000004 -0.476107 -0.592318 0.418313
11780 -1.7564510700000002 14.14498995 -0.26989272000000003 -1.808724 -0.467861 0.553055
11800 -4.4942553 14.380292610000001 -0.8824193100000001 -2.813516 -0.46524 0.502236
11820 -5.007386970000001 13.198050270000001 -1.63429695 -2.826528 -0.005233 0.295389
11840 -5.79505149 12.39871185 0.6950090700000001 -3.213576 0.000672 0.486026
11860 -3.8922057899999998 10.29574215 4.01585103 -2.560976 0.380583 -0.24697600000000006
11880 -1.53535329 9.96538059 3.5076537900000004 -2.218331 0.39228 -0.27237100000000003
11900 -0.71281422 10.34618517 0.9954305100000002 -2.159987 0.456391 -0.37139
11920 0.16525926000000002 10.021356449999999 -2.93015871 -2.280982 0.834873 -0.609866
11940 -0.8521750800000001 9.84202965 -3.92767875 -2.798922 1.393988 -0.654792
11960 -1.32249591 9.80385894 -1.09811178 -2.943828 1.836881 -0.7300800000000001
11980 -0.61387056 7.838749170000001 1.28762136 -2.488271 1.827759 -0.974713
12000 0.0170694 4.76369676 1.03225725 -1.747811 1.10502 -1.2292610000000002
12020 -1.0720662300000001 2.95874505 0.8327218500000001 -1.4119 -0.479495 -0.875576
12040 -1.7052526800000003 1.5849035999999999 0.88750089 -1.453392 -0.512981 -0.458148
12060 -0.52974981 0.87238368 0.19250163000000003 -0.8620270000000001 -0.30479 -0.553629
12080 -0.11884815000000001 -0.07424208000000002 -0.95830947 -0.5188560000000001 -1.309582 -0.525375
12100 0.35386632 0.043114950000000006 -2.5990417800000003 -0.507931 -1.414322 -0.449321
12120 0.9575541000000001 1.3837201200000002 -5.555991600000001 -0.6052890000000001 -0.976249 -0.425993
12140 1.0060547400000002 1.09511973 -7.668408330000001 -0.483391 -0.98693 -0.258485
12160 1.74297213 3.7266522300000005 -8.199502110000001 -0.07424 -1.469354 -0.383196
12180 -8.70948477 7.79429025 -2.38289805 0.055023 -1.659353 -0.134222
12200 -2.3316996600000004 21.125422980000003 -13.764479670000002 -0.675333 0.18188 0.655211
12220 -3.53205126 22.166656380000003 -3.63369267 -1.278764 2.379028 1.572192
12240 -3.95238033 9.82766781 -5.45824476 -1.977223 2.282035 1.392249
12260 -4.09907907 4.72701717 -2.08456614 -1.279951 -0.264333 0.612035
12280 -2.736009 4.840332480000001 -0.006141059999999999 -0.938529 -0.798235 -0.165766
12300 -1.76722245 7.916140260000001 -0.47526507 -1.21363 0.152974 -0.439167
12320 -1.7408826 12.46892202 -2.306850930000001 -1.3679059999999998 0.571814 -0.352119
12340 -3.2876154900000003 14.503045140000001 -0.07844076 -1.575442 -0.179999 -0.506429
12360 -1.70914725 16.34660901 -1.1337417 -1.474099 -1.22183 -0.5962529999999999
12380 2.06375913 14.66994267 -2.8978249500000004 -1.5047469999999998 -1.2277209999999998 -0.428749
12400 3.66782166 10.46323809 -1.2283493400000003 -1.165874 -1.050161 -0.637049
12420 1.4245885800000002 9.700432110000001 -2.00073969 -0.618816 -0.878393 -0.643062
12440 0.00299205 9.57678687 -1.84775274 -0.28132 -1.135681 -0.264361
12460 -1.46545704 8.892558990000001 -1.35692901 0.164634 -1.366193 -0.015259
12480 -2.17408239 9.96986376 -1.71168804 0.762791 -1.113005 0.08580299999999999
12500 -0.6475581 9.92810259 -2.2540142700000003 1.462358 -1.032003 0.001923
12520 0.6255444600000001 9.31932342 -2.51791308 2.072095 -1.377292 -0.22518
12540 1.4335647300000003 7.8055227 -0.80173206 2.683697 -1.888343 -0.558879
12560 -0.8916995700000001 4.68570726 1.70345745 3.514621 -0.240172 -0.527413
12580 -1.77261795 7.2471767400000004 -1.26187992 3.226514 3.029383 -0.333858
12600 -4.211943120000002 8.610845220000002 -3.5401347000000003 2.6331290000000003 4.008127 -0.0252
12620 -4.4333352 7.594303590000001 -1.9059849 2.530298 4.22138 0.280389
12640 -2.689902 6.28558092 -0.18695898 2.06102 2.303602 0.225089
12660 -1.1461709699999998 7.79234787 -0.1938456 1.420803 1.15946 0.522253
12680 0.9689337 9.85850064 0.50280174 1.609624 1.903612 1.275715
12700 2.5108793100000004 11.255542740000001 -0.04550859 3.056922 1.35292 1.072886
12720 2.1037250700000003 11.900550240000003 -1.15949295 3.074887 0.608097 0.840025
12740 -0.9398961000000001 13.478125770000002 -3.37383558 3.216805 -0.757234 0.895109
12760 -1.8669214800000002 17.54141796 -3.06038646 3.592245 -1.477773 0.6732600000000001
12780 -0.53034822 17.67494187 -2.1791639700000003 3.184313 -1.30174 0.694754
12800 0.07439904 14.34616362 -2.7994797000000005 2.790331 -1.0386799999999998 0.785668
12820 -1.7925224400000002 13.08174291 -3.4269763500000003 2.345231 -0.902681 0.727906
12840 -3.3229413000000005 12.772492470000001 -3.53355219 1.7922509999999998 -1.1801 0.520368
12860 -4.02842745 13.104198000000002 -3.46424454 1.175728 -1.524676 0.378703
12880 -3.3082655400000003 13.51883727 -3.18013713 0.212854 -1.315027 0.46678
12900 -2.8180402200000003 13.53844746 -4.3439661 -1.1757 -0.801616 0.617725
12920 -2.42106876 13.767471720000001 -2.9785023900000005 -2.433476 -0.625398 0.530733
12940 -5.220548460000001 13.31645697 -0.60130395 -2.639276 0.01052 0.189854
12960 -7.413338520000001 12.02269455 0.68781834 -3.73757 -0.361459 0.392031
12980 -7.722137700000001 10.61577378 1.6205335200000002 -3.409128 1.815469 0.231302
13000 -5.15887299 9.71404839 3.8544863400000002 -2.757591 1.130685 -0.379633
13020 0.23261472000000002 9.74293884 4.3610355 -2.632217 1.08109 -0.074251
13040 1.96302024 10.8307305 0.08487612 -2.642702 1.31969 -0.591649
13060 2.19847986 10.90362861 -1.94625495 -2.940098 1.910659 -0.535732
13080 0.7434999 9.67767291 -2.5008534900000003 -3.22228 2.310844 -0.7337
13100 -0.50564664 8.68867776 -2.09354229 -2.588582 1.567189 -0.99324
13120 -0.6786852300000001 7.679483820000001 0.04730382 -1.456974 0.539396 -1.224368
13140 -0.42017211000000004 6.107146830000001 0.7568218800000002 -0.638075 -1.099173 -1.091567
13160 -1.3507879500000002 4.60173366 0.66416643 -0.596404 -1.865932 -0.921514
13180 -1.84476069 3.0108361500000003 0.23875578 -0.368251 -1.573079 -0.828428
13200 -1.3642668900000001 1.2910646700000001 -0.13397517 -0.248062 -1.574778 -0.508188
13220 -0.6117810300000001 0.6723970199999999 -0.20372427 -0.630795 -1.598554 -0.358076
13240 -0.5851370700000001 0.89498592 -1.58401089 -0.771098 -1.273991 -0.1501
13260 -0.41509053000000007 1.5780169800000001 -3.459751560000001 -0.283611 0.234459 -0.04501
13280 -0.96459768 2.36029581 -11.01709107 -0.275226 -0.615241 -0.149617
13300 -0.02320065 4.36896198 -3.0123370800000004 -0.030153 -1.531581 -0.04525
13320 -6.035896800000001 6.355634129999999 2.0787291900000002 -0.37486 0.481487 0.328982
13340 -3.68683344 19.00298043 -11.681561610000001 -0.7830520000000001 2.581513 1.388457
13360 -5.585333310000001 24.04090593 -4.20176034 -1.634955 2.711105 1.154809
13380 -1.58595327 11.02038723 -5.45001417 -1.369649 0.186616 0.60549
13400 -2.79169056 7.349416560000001 -1.63115775 -0.970138 -1.333251 -0.076639
13420 -1.40588091 7.71600645 -0.42466509 -0.943419 -1.200894 -0.431272
13440 -1.58789565 11.19237615 -1.3051322100000002 -1.127206 0.004247 -0.35077800000000003
13460 -2.9910788100000003 13.315113 -0.28006569000000003 -1.249949 0.497777 -0.32129
13480 -1.6082514 13.49458695 0.52181352 -1.250399 -0.217521 -0.46245
13500 0.3586536 14.49451044 -1.75135968 -1.261791 -0.8555719999999999 -0.464916
13520 2.97371511 12.64779756 -2.4465159 -1.166959 -1.323694 -0.430539
13540 2.02977729 10.12778514 -0.51343578 -0.544027 -1.004708 -0.554783
13560 0.45864693000000006 8.590038210000001 -0.48634056000000003 -0.073517 -0.612699 -0.16103
13580 -0.53603802 7.86868929 -1.0497681 0.302213 -0.553253 0.097892
13600 -1.8815874300000002 8.287517430000001 -0.7951495500000001 0.759732 -0.8318120000000001 0.09824
13620 -1.9995428700000002 8.07959448 -0.35611281 1.306653 -1.082336 -0.063193
13640 -1.15799202 9.08535492 -3.74850891 1.941537 -1.3083360000000002 -0.306297
13660 0.8677435499999999 9.02188422 -2.0510355600000003 2.481861 -1.741505 -0.607479
13680 1.34854146 7.59475485 1.56844242 2.919844 -0.737133 -0.675141
13700 -0.86909733 3.74461434 -0.21869433000000002 2.812742 2.150676 -0.543925
13720 -1.33836849 8.20249416 -0.6391705499999999 2.473383 3.371493 -0.253031
13740 -4.62658239 8.5894398 -1.7724609900000001 2.3190150000000003 3.3396510000000004 0.117673
13760 -5.0034924 7.55957619 -0.430659 2.048837 3.4824269999999995 0.07821499999999999
13780 -2.91368772 7.801480980000001 -0.55489284 1.814717 1.609959 0.209302
13800 -0.39847239000000007 9.62977068 -0.8152011900000001 1.423729 1.16674 0.8299120000000001
13820 1.20140127 11.03130576 -0.61462593 2.459192 1.397192 1.175476
13840 2.0574709200000005 11.97734292 0.43769277 3.08677 1.050408 0.7743800000000001
13860 1.31172453 11.69892531 0.8930435400000001 3.245557 -0.033152999999999995 0.6807380000000001
13880 -1.8708062400000003 13.043277900000001 -1.60121763 3.623805 -1.339508 0.43509
13900 -2.72987775 17.542771740000003 -2.8479803400000003 3.5342 -1.179082 0.354142
13920 -0.71087184 17.37047871 -2.38558599 3.081073 -0.745521 0.481812
13940 -0.42601887000000005 14.30036073 -2.2716722700000003 2.697928 -0.505691 0.511943
13960 -2.3125407300000003 12.335250960000002 -2.9133934200000002 2.251548 -0.641386 0.4673390000000001
13980 -3.3395594400000004 12.056077980000001 -3.00035907 1.7288439999999998 -1.186767 0.37786
14000 -3.70254906 12.69764217 -2.64978891 0.938613 -1.280167 0.4440310000000001
14020 -3.2930011800000005 13.535906670000001 -2.9568026700000005 -0.223795 -0.771816 0.598698
14040 -2.76130899 13.464803790000001 -2.5773420600000003 -1.60094 -0.397727 0.682603
14060 -2.7146035800000003 13.621077090000002 -1.0867419900000002 -2.311758 -0.143199 0.518147
14080 -5.4518094 12.876076260000001 -0.07275096 -2.969427 -0.653686 0.34436
14100 -6.6171393 11.61120429 -1.09003815 -3.664217 1.2671 0.6564439999999999
14120 -6.44484627 10.29110202 -0.2718351 -3.459088 1.50175 -0.125431
14140 -5.644762290000001 9.549093240000001 1.78833357 -2.821214 1.145265 0.02476
14160 -0.6135762600000001 9.704022570000001 3.86316819 -2.231261 0.8237129999999999 -0.526183
14180 1.7053998300000002 10.930125420000001 0.76475817 -2.274564 1.06075 -0.625065
14200 1.4994290700000001 11.13968664 -0.95965344 -2.741409 1.277098 -0.511099
14220 0.45849978 9.68111622 -3.62321559 -2.744361 1.451117 -0.8691969999999999
14240 -1.72366605 9.106613190000001 -2.9111469300000006 -2.472788 1.330801 -1.119246
14260 -1.62996093 7.57200546 -0.28965006000000004 -1.903174 0.8621059999999999 -1.086893
14280 -1.29420387 7.150783680000001 0.11630736000000001 -1.279562 -0.412011 -0.817054
14300 -1.75435173 5.8303773 -0.0142245 -1.253661 -1.33967 -0.622336
14320 -2.14369101 4.0658427900000005 0.35671122 -0.902455 -1.057533 -0.6202439999999999
14340 -1.3983958800000003 1.9118218500000002 0.37916631 -0.553092 -0.585101 -0.253078
14360 0.02185668 0.00928026 0.09086022 -0.501093 -1.046849 -0.177347
14380 1.06682769 -0.66775689 -1.4000341500000002 -0.164287 -0.497871 -0.027215
14400 0.99452799 -0.2371077 -4.5056348999999996 -0.303286 -0.616491 -0.079309
14420 0.38620008 0.45790137000000003 -8.31325887 -0.239672 -0.938552 -0.31346
14440 -0.20192904000000003 1.19302353 -5.60958363 -0.115743 -0.6757029999999999 -0.086469
14460 -6.48077049 4.31014122 1.8088364700000001 -0.33371300000000004 1.280492 0.281243
14480 -1.42114527 14.549446440000002 -8.042022180000002 -0.936951 2.002611 1.103976
14500 -7.236405360000001 25.66862037 -5.13372015 -1.551411 1.908254 0.990847
14520 -3.0103947 17.24743188 -7.81000587 -1.275542 0.051848000000000005 0.6597310000000001
14540 -2.85561252 9.96942231 -2.34202959 -0.905303 -0.674077 -0.074894
14560 -1.6414876800000002 7.34537484 -1.7295030000000002 -0.8329540000000001 0.254279 -0.528505
14580 -1.8366772500000002 8.89689501 -0.8072747100000001 -1.056188 0.4668100000000001 -0.736503
14600 -3.28342662 11.02651848 0.30237363000000006 -1.203107 -0.405172 -0.728934
14620 -3.5560072799999998 11.96925948 1.1047041 -1.643348 -1.585556 -0.333118
14640 -1.8818817300000001 12.917239020000002 0.5405211900000001 -1.58514 -1.7400240000000002 -0.38272
14660 0.68332536 14.136749550000001 -1.3810321799999998 -0.872216 -1.096459 -0.502479
14680 4.05746505 12.613374270000001 -2.11090599 -0.436037 -0.8424309999999999 -0.20492800000000005
14700 3.2226438600000002 10.756184310000002 -1.34166465 -0.109526 -0.869943 -0.0017870000000000004
14720 0.2314179 9.07982208 -1.6437341699999999 0.468332 -0.740848 -0.01928
14740 -1.4976338400000002 8.322843240000001 -1.96915149 1.15851 -0.944923 -0.19899999999999998
14760 -3.1590260100000003 8.116421220000001 0.6405145200000001 1.789268 -1.220541 -0.28504
14780 -2.36717262 8.77085613 -3.22055433 2.423742 -1.212534 -0.439784
14800 -0.31778514 8.90243766 -1.7449243200000002 2.839515 -0.304352 -0.409201
14820 1.17296208 7.558085070000001 0.32153256 2.994724 1.147533 -0.256153
14840 -0.4326013800000001 5.550311610000001 2.11375089 2.934569 2.063757 0.040286
14860 0.14505066000000003 6.593487389999999 -2.0850174000000004 2.542795 2.399975 -0.050475
14880 -1.3079771100000002 9.22486293 -1.21876497 2.258093 3.258068 0.059667999999999985
14900 -3.3242852700000003 9.30644289 -2.08666548 2.130291 2.93108 0.157471
14920 -4.43093175 8.244402480000002 -0.04984461 1.638464 1.697381 0.344691
14940 -2.47510224 9.397607220000001 1.15813917 1.392962 1.922217 1.073352
14960 0.63079281 10.95212925 1.02013209 2.580303 2.051686 1.233167
14980 2.3324452200000003 11.654319240000001 1.1216165400000002 3.000142 0.404697 0.887834
15000 -0.10044459 10.33510968 0.045204480000000005 3.179484 -0.484627 0.687264
15020 -3.21261804 13.08099735 -2.5658153100000005 3.528581 -1.367005 0.467575
15040 -1.8585339300000001 16.6525731 -2.8758211200000003 3.1050560000000003 -1.153307 0.673714
15060 -0.41179437 15.99259554 -3.4645486500000002 2.67726 -0.80602 0.776035
15080 -0.6222581100000001 13.48320735 -3.6342910800000006 2.1929380000000003 -0.901909 0.667021
15100 -1.49538735 12.207416850000001 -3.73863024 1.638024 -1.254366 0.578138
15120 -2.7735813000000005 12.3726663 -3.7449086400000007 0.8625520000000001 -1.411637 0.619925
15140 -2.4709133700000003 13.10285403 -3.51753246 -0.170624 -1.161326 0.723483
15160 -2.3620910400000006 13.57317486 -3.20977314 -1.303002 -0.782381 0.712951
15180 -2.7530784 12.89912976 -1.84042467 -1.742835 -0.262595 0.578889
15200 -4.06270359 12.96963423 -0.42377238 -2.630917 -1.428794 0.21419
15220 -6.83343999 12.796585830000001 -0.5674692600000001 -3.290532 0.587222 0.390733
15240 -6.85514952 13.45701465 -0.77972823 -3.155989 1.011885 -0.16221
15260 -7.2970213500000005 11.41316982 0.43020774 -2.809774 1.033448 -0.260232
15280 -5.59970496 9.51525855 2.45340252 -2.680785 1.271414 -0.474349
15300 -1.42114527 9.61974486 4.15086606 -2.979023 2.102157 -0.705028
15320 3.06038646 11.25853479 1.6712708400000003 -3.244622 2.828528 -0.704609
15340 2.88105966 12.034221300000002 -3.8757446100000004 -3.064551 2.880637 -0.8380139999999999
15360 0.10492776000000001 10.810973160000001 -3.93052365 -2.400535 1.94439 -0.913361
15380 -1.16577135 9.43293303 -1.6164918 -1.714982 0.90862 -0.8944270000000001
15400 0.033383430000000006 8.57851146 0.9515699999999999 -1.124756 -0.367891 -0.795733
15420 -0.50190903 7.1232372 0.62584857 -0.800636 -0.916467 -0.8205399999999999
15440 -1.98876168 4.9915242 -0.02604555 -0.390038 -1.053839 -0.922181
15460 -1.8034507800000001 3.2343275700000005 -0.10717425000000001 -0.09629 -1.674795 -0.66937
15480 -0.58737375 0.71341263 0.46478799 -0.223826 -2.008864 -0.399572
15500 0.74799288 -0.64904922 0.12065319 -0.583114 -1.771848 -0.21972
15520 0.95456205 -0.20283156000000002 -1.7351927999999999 -0.495257 -1.469435 0.001628
15540 1.73474154 0.31928607000000003 -4.30220493 -0.119184 0.099471 0.2693
15560 0.35027586000000005 0.78481962 -9.832307940000002 -0.34383800000000003 -0.471954 0.306919
15580 0.39772683000000003 5.893249590000001 0.20747169000000001 -0.261324 -1.260867 0.387555
15600 -5.250930030000001 4.76518788 2.2676305500000007 -0.656885 0.037797 0.440812
15620 -6.2903682000000005 16.94925693 -12.2132538 -0.773858 2.612948 1.511326
15640 -8.83043226 22.51602972 -4.11838515 -1.258196 1.942088 1.066559
15660 -4.25654919 13.217817420000001 -6.329588580000001 -0.589461 0.054725 0.411351
15680 -3.23012889 9.16798455 -1.3482471600000001 -0.418109 -0.536159 -0.088759
15700 -2.5930576800000003 9.47529261 -0.63467757 -0.679624 -0.806982 -0.333794
15720 -1.86108453 11.86388046 -0.7394581800000001 -0.969003 -0.463716 -0.41103
15740 -1.76737941 12.486580020000002 -0.18486945000000002 -1.056647 -0.372416 -0.5228550000000001
15760 -1.16861625 12.34138221 0.72060336 -1.207283 -0.584167 -0.452065
15780 0.10807677000000002 13.462557299999999 -0.33440328 -1.4090200000000002 -1.086249 -0.45924
15800 2.8599485400000004 13.72061916 -2.20745601 -1.241188 -0.629462 -0.55052
15820 3.32383401 11.315570130000001 -1.40647932 -0.750959 0.250672 -0.496949
15840 1.3739886 9.481433670000001 -0.9605559600000001 -0.532542 -0.200949 -0.167968
15860 -0.16106058000000004 8.739729 -1.21232961 -0.333847 -1.2088219999999998 -0.043512
15880 -0.51896862 7.798037669999999 -1.0343467800000004 -0.124042 -1.540806 -0.05444
15900 -0.81445563 8.0947215 -0.56687085 0.245876 -1.2454889999999998 -0.167602
15920 -1.78683264 7.704332550000001 0.79723908 0.860302 -0.8691530000000001 -0.240704
15940 -0.37632141 9.913436640000002 -3.1240043100000006 1.3470879999999998 -0.772977 -0.205381
15960 0.19923129 10.80258561 -2.4457605300000003 1.831705 -1.050189 -0.298849
15980 1.14661242 9.24088266 -0.03023442 2.232576 -0.172694 -0.306787
16000 -1.16981307 6.2980003799999995 2.6065268100000005 2.137163 1.7923939999999998 -0.137988
16020 -1.8309972600000002 7.1555709599999995 -3.0735612900000002 1.997789 2.929233 0.201413
16040 -3.49478307 8.23767282 -2.21524515 1.920644 3.020453 0.366331
16060 -3.70914138 7.051241610000001 -0.18157329000000003 1.602993 2.6856880000000003 0.442522
16080 -2.79453546 7.265590110000001 0.73601487 1.596465 1.741632 0.237519
16100 -0.37601730000000005 8.83313001 1.0990143 1.241051 -0.075056 0.111314
16120 0.76850559 10.46832948 0.53064252 0.921237 -0.734507 -0.13256099999999998
16140 1.0891356300000001 11.50597242 1.01264706 0.753563 -0.937792 -0.299046
16160 -1.0270187100000001 11.559407490000002 0.42736284 0.547323 -1.044532 -0.333465
16180 -3.1620278699999997 12.7452501 -0.7637085 0.496913 -0.240681 -0.182091
16200 -1.79910495 14.393918700000002 -0.66911067 0.525984 0.680079 -0.031381
16220 0.65279664 15.05210103 -0.27258066000000003 0.55032 0.627825 -0.038621
16240 0.37496763 12.95301609 -1.25873091 0.389519 0.381545 -0.115273
16260 -0.795591 10.944487259999999 -1.69776765 0.126803 0.304771 -0.135169
16280 -1.93128489 11.64143871 -2.22751746 -0.059361 0.412001 -0.149425
16300 -3.08313585 12.60529083 -2.7795654000000005 -0.179409 0.512608 -0.163212
16320 -3.2168069100000003 13.183531470000002 -3.4712783100000006 -0.178699 0.195156 -0.163868
16340 -1.93862277 12.37342167 -4.336628220000001 -0.236606 0.126128 -0.167389
16360 -1.5386494500000003 11.646382950000001 -4.45323969 -0.5323359999999999 0.454716 -0.032075
16380 -1.8492536700000002 11.68680015 -1.86647022 -0.968954 0.679763 0.011589
16400 -2.6776296900000003 11.558210670000001 1.26741276 -1.3315 0.772443 0.059144
16420 -3.79371339 10.857374459999999 2.5741930500000003 -1.489177 0.626879 0.100958
16440 -4.40653428 10.73507319 2.5815309300000004 -1.563738 0.615576 0.061996
16460 -4.1216813100000005 9.28773522 2.27332035 -1.411302 1.1579469999999998 0.159574
16480 -4.86264042 8.23213017 1.8681183 -0.924673 1.21897 0.194941
16500 -4.537664550000001 7.397465940000001 2.04355053 -0.037962 0.902165 0.329728
16520 -3.15004986 7.13086938 1.92229893 1.463177 1.782368 0.022891
16540 -1.94700051 7.319329290000001 0.22588506000000003 1.6897529999999998 3.229769 0.436021
16560 -1.46440737 7.67035071 -1.18643121 -0.123427 1.783618 0.28634
16580 -1.4835663000000001 7.967780100000001 -1.07536239 -1.91632 -0.495367 -0.4656770000000001
16600 -2.21045787 7.41169044 -0.14414814 -1.289377 0.329147 -0.740092
16620 -2.73017205 6.50052783 1.21397769 -0.5928979999999999 0.385967 -0.634887
16640 -3.7163223000000003 6.128856360000001 1.37848158 -0.61311 -0.383763 -0.467399
16660 -4.03785486 6.12092007 0.68707278 -1.337032 -1.232247 -0.24170100000000005
16680 -3.4260738300000004 6.16478058 0.13756563000000002 -1.928421 -1.2919200000000002 0.008482
16700 -2.65069143 6.360568560000001 -0.30821058 -1.509172 0.642158 0.293079
16720 -2.16195723 6.86802024 -0.37108287 -0.531443 1.914063 0.5194
16740 -1.7455227299999998 6.75679446 -0.46927115999999996 -0.375635 1.655844 0.489841
16760 -1.8308403 6.00775191 -0.66461769 -0.769623 1.00464 0.378965
16780 -1.76692815 6.210436320000001 -1.16997003 -0.820233 0.600267 0.31503600000000004
16800 -1.1618865900000004 7.58143287 -2.81863863 -0.6505850000000001 0.782072 0.257236
16820 -0.21854718 9.25614702 -5.46228648 -0.561154 1.4019549999999998 0.20686
16840 0.10448631000000001 11.0940309 -8.91006984 -0.611472 1.608761 0.214789
16860 1.69896447 12.372823260000002 -9.38413809 -0.6054970000000001 1.562736 0.26402800000000004
16880 3.47307354 15.7707522 -9.58532157 -0.587279 1.623222 0.306807
16900 1.15918884 19.754122320000004 -6.090087240000001 -0.540896 1.700967 0.27178
16920 -1.8365301 14.408133390000001 1.8914661000000002 -0.480787 1.743522 0.233689
16940 -4.6645961400000004 3.9998313 7.4121318899999995 -0.462114 1.7810709999999998 0.151518
16960 -6.24561498 3.27893364 1.9507479300000001 -0.50931 1.58048 0.006168
16980 -8.160134580000001 7.23894615 1.8131823 -0.591338 1.007089 -0.120789
17000 -6.2924675400000005 10.05713352 5.37158322 -0.774701 0.335503 -0.112663
17020 -3.64596498 11.323349460000001 3.9062733300000003 -1.094965 -0.22355300000000006 -0.154777
17040 -1.7235189000000002 11.18818728 2.51611785 -1.215106 -0.434855 -0.222643
17060 -0.29099403 10.623562920000001 0.22543380000000002 -1.127364 -0.365965 -0.210368
17080 1.3115773800000001 9.911641410000001 -1.0343467800000004 -0.899084 -0.117453 0.04835
17100 1.2448105200000001 9.25420464 0.43843833 -0.8955989999999999 0.193554 0.058658
17120 0.34188831000000003 9.891727110000001 0.6918600600000001 -0.978236 0.414095 0.388947
17140 -0.69200721 10.49497344 -0.09490194 -0.14501 0.617976 0.362459
17160 -1.839375 9.87002739 -0.11106882000000001 2.004449 0.528309 -0.12234
17180 -1.48491027 9.28848078 0.48828294 3.645921 0.4955560000000001 -0.28068000000000004
17200 -0.77867856 9.06485202 0.73137474 3.735479 1.287543 0.052216
17220 -0.74081196 9.27591417 0.9383951700000001 3.322659 2.980682 0.30567300000000003
17240 -0.60384474 10.01207619 0.5215192200000001 2.953392 3.93409 0.096773
17260 -0.5011536600000001 10.331519220000002 0.50714757 2.396743 3.966813 -0.41029
17280 -0.69754986 9.796678020000002 0.54262053 1.242813 3.718806 -0.525922
17300 -0.60698394 9.10331703 0.5252568299999999 0.966545 2.724187 -0.107835
17320 -0.37751823000000007 8.864718210000001 0.40325967 1.242298 1.197432 -0.5590149999999999
17340 -0.43753581 9.35195148 0.5397756300000001 1.315567 0.480909 -0.7242270000000001
17360 -0.50595075 9.59504328 0.5688132300000002 1.426467 0.963013 -0.703774
17380 -0.73272852 9.62887797 0.58453866 1.525115 0.922902 -0.6154390000000001
17400 -1.11338595 9.43802442 0.69664734 1.429698 0.253653 -0.468902
17420 -1.54613448 9.31348647 0.86565402 0.825533 0.263966 -0.393019
17440 -1.21383054 9.85400766 0.41389371 0.44905 0.312072 -0.375414
17460 0.15777423000000002 10.618471529999999 -0.30311919 0.34566 0.293421 -0.416705
17480 1.36456119 11.535166980000001 -0.237402 0.0045060000000000005 0.528141 -0.4770720000000001
17500 2.3216738400000003 12.87652752 -0.7450008300000001 -0.50784 1.094894 -0.572176
17520 0.87313905 12.176731170000002 -2.6339261400000002 -1.048189 1.6869740000000002 -0.5831189999999999
17540 -1.16232804 12.845086470000002 -4.69738116 -1.566409 2.083615 -0.490038
17560 -3.37113783 12.260106360000002 -6.87311163 -2.022242 2.162409 -0.352318
17580 -3.9748354200000002 12.6965925 -4.10910489 -2.374028 2.480066 -0.098809
17600 -3.28027761 13.800256740000002 -0.36554022 -2.094691 3.364539 0.117789
17620 -4.14712845 13.88227815 1.9552311 -1.487931 3.35909 0.421137
17640 -5.43115935 12.871730430000001 4.316419620000001 -1.094099 1.960108 0.414998
17660 -7.765998210000001 12.89088936 5.85028179 -1.208605 1.136122 0.380003
17680 -9.30031164 11.523188970000001 3.60974646 -1.033752 0.921196 0.42957
17700 -8.634791430000002 9.2777094 1.9249966800000002 -0.608313 0.96618 0.5328970000000001
17720 -4.124222100000002 9.63337095 0.50026095 -0.207012 0.210875 0.457619
17740 -2.47211019 8.478066870000001 0.03412899 0.123651 -0.532932 -0.033705
17760 -1.06249167 7.98184764 0.71341263 0.344501 -0.916717 -0.4194350000000001
17780 -1.22474907 7.318279620000001 0.91205532 1.160632 1.122083 -0.027514
17800 -1.93621932 7.11485946 0.58213521 1.333199 2.952942 0.442431
17820 -2.92551858 6.91262631 1.08748755 -0.455462 3.362682 0.492437
17840 -3.28431933 6.68809503 0.13741848 -1.913365 3.207792 -0.267439
17860 -3.5435780100000005 6.95648682 -1.12192065 -1.6767150000000002 3.973245 -0.8842
17880 -3.3082655400000003 7.088509800000001 -0.6737508 -1.24734 3.4407330000000003 -1.287511
17900 -3.42263052 6.47448228 -0.17169462000000002 -0.596201 1.428199 -0.996236
17920 -2.96204121 5.9896426499999995 -0.22318731000000003 -0.642604 -0.357858 -0.5263909999999999
17940 -2.3845461300000004 5.94534069 -0.4167288 -1.039252 -1.309569 -0.34420700000000004
17960 -1.95223905 6.190973280000001 -1.2040990200000001 -1.516972 -1.36074 -0.453233
17980 -1.30723155 7.0720388100000005 -2.32301781 -2.574068 0.025262 0.176404
18000 -0.33395202000000007 8.60455701 -3.73069395 -1.393952 2.267619 0.496899
18020 0.24638796000000002 10.26849978 -6.20489367 -0.4107520000000001 2.55322 0.416875
18040 1.13912739 11.008703520000001 -8.82011214 -0.441695 2.018797 0.357523
18060 3.9050765100000002 10.841354729999999 -7.63727139 -0.709283 1.640175 0.1692
18080 5.11351155 10.249036740000003 -4.5334756800000005 -0.665587 1.182799 -0.041416
18100 3.83592582 10.75154418 -3.8673570600000002 -0.534844 0.743827 -0.135012
18120 1.57277844 10.813965210000001 -6.58181349 -0.6674869999999999 0.52764 -0.036317
18140 -0.8126604000000001 10.44153837 -8.47717416 -0.8658370000000001 0.656792 0.072159
18160 -4.48931106 12.75766956 -5.37682176 -0.915621 1.322318 0.183122
18180 -7.898776560000001 19.288892880000002 -4.75994934 -0.983774 2.117033 0.237175
18200 -7.486678080000001 17.41178862 -0.029341710000000003 -0.8673860000000001 2.600315 0.22455
18220 -7.920633240000001 3.4347556800000003 3.41559675 -0.7660170000000001 2.664588 0.047851
18240 -8.135433 1.73279916 2.71565325 -0.6793020000000001 2.384557 -0.061212
18260 -6.59019123 6.71084442 2.6785322099999997 -0.5566 1.689509 -0.045577
18280 -4.82296878 8.32942575 4.591550880000001 -0.62003 0.910847 -0.00443
18300 -3.28462344 10.208923650000001 3.46424454 -0.883914 0.273996 -0.08771
18320 -1.73144538 11.94127155 4.45414221 -1.101189 -0.119395 -0.089792
18340 0.6753988800000001 11.44909404 4.1436851400000005 -1.16468 -0.144064 0.007004000000000001
18360 1.63190331 10.72534167 2.6900589600000004 -1.1326459999999998 0.168846 0.315543
18380 1.77201954 10.037974590000001 -1.2495978 -0.924706 0.644313 0.5791689999999999
18400 -0.92372922 10.636129530000002 -2.30610537 0.279357 0.757389 0.561797
18420 -1.3763920500000002 11.21287905 0.28546119000000003 2.375926 0.352459 0.373999
18440 -1.31127327 10.24993926 -0.47510811000000003 3.741284 0.50748 0.11735
18460 -1.30648599 8.88222906 0.82598238 3.782298 1.729381 -0.191577
18480 -1.05216174 8.30981556 2.16958941 3.2997970000000003 2.43701 -0.377452
18500 -0.7619132700000001 8.31266046 2.65937328 2.795716 4.0778550000000005 -0.286936
18520 -0.18516375000000002 9.85250673 2.02379319 2.169304 5.087415 -0.196465
18540 -0.10733121 10.64212344 1.3883602500000003 1.530426 3.218111 0.026863
18560 -0.29503575000000004 10.091713770000002 0.9577110600000001 1.725685 1.235197 -0.299313
18580 -0.6655202100000001 9.889186320000002 0.61747083 2.091301 0.97592 -0.246221
18600 -0.74110626 9.720935010000002 0.19564083 2.593748 2.086682 -0.06894600000000001
18620 -0.5830377300000001 9.11364696 0.12933504 2.985712 1.410159 -0.124093
18640 -0.20776599 9.09658737 -0.23351724 3.082481 0.407327 -0.106109
18660 0.30790647 9.195678180000002 -0.13981212 3.088325 -0.415142 -0.092196
18680 0.6240533400000001 9.54280503 -0.06406911000000001 2.828434 0.028474 0.017584
18700 0.82253907 9.5236461 -0.06945480000000001 2.460103 0.648934 0.219315
18720 1.16652672 10.087377750000002 -0.39158577000000006 2.393641 0.721032 0.3619
18740 1.6727717700000002 10.900038150000002 -0.7717919400000001 2.408966 -0.14826099999999998 0.355643
18760 2.01944736 12.287201580000001 -0.7837699500000002 2.4733650000000003 -0.903249 0.226737
18780 1.06907418 12.724590240000001 -1.66423707 2.429357 -1.353089 0.072114
18800 -0.5553441 13.04657406 -3.74775354 2.2060720000000003 -1.520225 -0.028576
18820 -2.39247261 14.75630991 -5.62424958 1.654798 -1.193478 -0.010413
18840 -5.139115649999999 16.70645943 -5.95297287 1.048161 -0.568403 0.043301
18860 -5.8249916100000005 14.06759886 -3.31425945 0.463208 -0.0034630000000000004 0.197656
18880 -5.9374044 10.80887382 -0.8610138900000001 -0.032461000000000004 0.37318 0.47679
18900 -6.143375160000001 10.261760310000001 0.92552445 -0.372634 0.4658640000000001 0.770193
18920 -7.4980576800000005 12.4389819 4.93882488 -0.651958 0.409828 0.906114
18940 -7.797282300000001 13.49429265 6.1170255000000004 -1.025911 0.240882 0.855649
18960 -6.03724077 11.30509305 3.3980859000000003 -1.6535689999999998 0.065473 0.510726
18980 -2.26358883 11.940074730000001 0.5912683200000002 -1.660218 0.8785200000000001 0.19024
19000 -0.04161402 12.42536562 -1.41920289 -2.089445 -0.394963 0.415336
19020 -0.40550616000000006 12.79703709 -1.52982045 -2.023743 1.09425 0.103035
19040 -2.0420496000000004 12.45245103 -3.3356648700000004 -2.009007 1.324992 -0.336197
19060 -2.4737582700000003 11.755803690000002 -2.69798544 -2.580543 1.335747 -0.398956
19080 -2.7098163000000004 10.398276270000002 -1.71618102 -3.271078 2.440705 -0.665841
19100 -3.6181242 9.15690906 -1.6110963 -3.866861 4.324664 -0.819832
19120 -2.3553515700000003 8.29679769 -1.4415010200000002 -4.290451999999998 4.516975 -0.8593559999999999
19140 -1.8648221400000002 8.06672376 -2.8193841900000005 -3.147905 3.3346949999999995 -0.8284959999999999
19160 -0.23636214000000003 8.54812008 -2.8692288 -2.041868 2.746277 -0.6256
19180 1.4084217 8.673266250000001 -3.38177187 -2.198394 1.935863 -0.5551520000000001
19200 0.30821058 6.868471500000001 -3.2355243900000006 -1.775141 1.190578 -0.757408
19220 -0.5860297800000001 4.966675470000001 -2.5307838000000005 -0.79707 0.638514 -1.0094459999999998
19240 -1.2283493400000003 2.8518651000000004 -2.3197216500000004 -0.322347 0.235877 -1.1637110000000002
19260 -1.78353648 1.2084350400000001 -2.78555931 -0.14013399999999998 -0.3589 -1.233247
19280 -1.67023098 1.2445162200000002 -3.8345720400000003 -0.227052 -1.468418 -1.282639
19300 -1.7311510800000003 1.83683421 -4.62074544 -0.318751 -2.05446 -1.1682290000000002
19320 -1.2325382100000002 2.9653373700000003 -5.04990351 -0.214937 -1.973784 -0.920848
19340 -0.32677110000000004 3.6169273800000004 -5.324132250000001 -0.16637000000000002 -1.274364 -0.580642
19360 0.22467843 3.4922422800000006 -6.31552104 0.203309 1.09424 -0.226445
19380 0.4047606000000001 2.85590682 -7.820639910000001 -0.523482 0.564362 0.245584
19400 -3.57097734 1.8631740600000002 -12.95002404 -0.972965 1.026002 0.540955
19420 -1.4693418 9.688002840000001 -7.0067826900000005 -1.218465 3.4799800000000003 1.123618
19440 -3.01159152 11.459119860000001 -6.93836775 -1.746355 2.7153400000000003 1.257643
19460 -4.81099077 15.83616528 -8.60829462 -0.8860180000000001 0.545864 0.6564770000000001
19480 -7.46692074 9.53591841 -4.1125482 0.129373 -0.001261 -0.063188
19500 -5.21859627 6.09458022 -1.5320669400000002 -0.173066 1.237824 -0.375605
19520 -3.11023107 7.015611689999999 3.31111044 -0.613735 1.134385 -0.233272
19540 -2.1862075500000007 11.809690020000001 2.9900291400000003 -0.648363 0.087296 -0.222558
19560 -1.13239773 17.90291646 -2.9069580600000005 -0.73806 -0.591287 -0.410322
19580 1.85209857 19.39891203 -0.8020361700000002 -0.916497 -0.545391 -0.544087
19600 1.1570895 13.67795547 1.73010141 -0.837274 -0.250573 -0.5471159999999999
19620 0.94214259 12.079729890000003 -0.38410074000000005 -0.946695 -0.511625 -0.437519
19640 0.97536906 11.11513221 -1.81273104 -0.852607 -0.61458 -0.346999
19660 -0.28560834 10.04875578 -0.79499259 -0.453217 -0.96979 -0.308503
19680 -1.15949295 9.99860706 -0.4596966 -0.156859 -1.446142 -0.255616
19700 -0.37855809 10.986405390000002 -1.2500490600000003 0.052438 -1.266332 -0.115515
19720 0.8672922900000001 11.41525935 -1.66079376 0.462149 -0.927259 -0.016947999999999998
19740 1.4861070900000002 10.242454230000002 -1.46769372 0.938912 -1.095614 -0.153339
19760 1.30184586 8.77909653 -1.37728476 1.412916 -1.683504 -0.333009
19780 0.29742939 8.193812310000002 0.76461102 2.305987 -1.613429 -0.515936
19800 1.28252997 8.25608619 -0.39173292000000004 3.046575 1.400226 -0.6225149999999999
19820 2.07349065 9.11739438 -1.58370678 2.999089 4.307869 -0.44177
19840 1.53011475 7.64026344 1.2319398000000001 2.612475 4.4057330000000015 0.460188
19860 -1.46694816 4.33109538 -0.6303415499999999 1.96979 2.531549 0.575604
19880 -3.2768343 9.85146687 -4.13485614 1.436732 0.8772200000000001 0.493884
19900 -4.44905082 8.797951350000002 -3.6169273800000004 1.627845 0.404753 0.4659140000000001
19920 -1.84311261 7.500598470000001 -1.00021779 1.893546 0.867311 0.444745
19940 0.9157929300000001 8.09936163 0.1651023 2.38863 0.99943 0.808025
19960 1.64462688 9.624836250000001 -0.21360294000000002 2.896664 0.025335 0.742319
19980 1.18104552 10.13003163 -0.90636552 3.036143 -0.760217 0.732549
20000 0.62046288 10.399924350000001 -1.15619679 3.317036 -1.7864790000000002 0.58948
20020 0.3441348 10.916793629999999 -1.1512525500000002 3.080164 -1.838727 0.540891
20040 -0.31105548 12.111916500000001 -0.19295289 2.594776 -0.970486 0.68487
20060 -1.4591688299999999 14.40020691 -1.21232961 2.227569 -0.59401 0.628412
20080 -0.57046131 15.094313460000002 -1.7780036399999999 1.924184 -0.564765 0.504478
20100 -0.35326791 14.79822804 -2.62778508 1.60497 -0.86082 0.491946
20120 -0.74769858 14.236291620000001 -3.24136134 1.258238 -1.0823120000000002 0.504763
20140 -0.76011804 12.553641180000001 -3.19061421 0.7110810000000001 -0.976293 0.573444
20160 -2.06914482 11.32050456 -3.54792384 -0.03088 -0.6495810000000001 0.765464
20180 -2.9416854600000004 12.107119410000001 -4.37479893 -0.745424 -0.386911 0.965235
20200 -2.13096744 13.57032996 -6.514752330000001 -1.622564 -0.761614 0.858107
20220 -0.26629245 14.1946776 -6.935228550000001 -2.529213 -0.922846 0.406532
20240 -0.5177718 13.75968258 -2.04250086 -2.368991 0.371489 -0.004205
20260 -4.03126254 13.333820670000001 1.8047947500000001 -3.2144 -0.293959 0.374234
20280 -5.89608468 12.19693977 -0.61506738 -2.488746 0.8498549999999999 -0.180843
20300 -8.28092511 10.95107958 -2.27257479 -2.285795 0.427196 -0.4203020000000001
20320 -6.8850798300000005 9.93005478 0.31210515000000005 -2.202893 1.264384 -0.462456
20340 -3.4060123800000004 8.8180128 0.44248005 -2.612331 1.915033 -0.581518
20360 0.02245509 9.09434088 -0.09145863 -2.963572 2.42712 -0.732042
20380 3.4859540700000005 11.32125993 -1.09841589 -2.915813 2.22514 -0.878864
20400 3.4230817800000004 12.36159081 -4.00312746 -2.285874 1.6930919999999998 -1.039357
20420 0.37242684 9.36811836 -3.5971700400000004 -1.511986 0.7766069999999999 -1.090461
20440 -1.7053998300000002 7.066957230000001 -0.9874942200000001 -1.039717 -0.261412 -0.857232
20460 -1.4079704400000002 6.01508979 0.29219085 -0.781586 -0.913488 -0.7830229999999999
20480 -1.75764789 5.658535530000001 -0.6259957199999999 -0.501286 -1.105593 -0.670792
20500 -2.3782579200000002 4.68974898 -1.56813831 -0.390193 -1.4260620000000002 -0.545691
20520 -1.95747759 3.3858135899999997 -1.4668010100000002 -0.410223 -1.7523490000000002 -0.450341
20540 -0.52271604 2.95979472 -1.44748512 -0.5627939999999999 -1.5523559999999998 -0.24870100000000006
20560 0.10867518 2.73256569 -2.00358459 -0.560445 -0.468263 -0.161412
20580 0.29668383 2.32586271 -2.59485291 -0.4976890000000001 -0.556605 0.03142
20600 0.21135645000000003 1.97694063 -3.1877693100000006 -0.497211 -1.313191 0.357132
20620 0.36838512000000007 2.60623251 -4.59140373 -0.639798 0.011336 0.6492680000000001
20640 0.6191091000000001 3.2418126 -6.658753320000001 -0.992177 3.052033 1.386393
20660 0.10253412 3.19719672 -6.06029427 -1.233522 2.779989 1.162866
20680 -2.16000504 2.9981125800000004 -7.0025840100000005 -0.6331289999999999 0.5503239999999999 0.653965
20700 -6.515802000000001 8.71428186 -4.15849824 -0.51783 -0.404696 0.154998
20720 -5.297929740000001 20.49223653 -9.852212430000002 -1.127372 0.31592600000000004 -0.239016
20740 -6.72282243 21.02019111 -5.75852886 -1.225725 0.187709 -0.323928
20760 -2.2781174400000004 9.82556847 -3.02341257 -1.391644 -0.526045 -0.441676
20780 -2.1016257300000003 6.5476845 -0.08622009 -1.309646 -1.292183 -0.461486
20800 -1.48700961 8.224497990000001 0.46897686000000005 -1.20033 -1.012126 -0.5283800000000001
20820 -1.25573886 11.677667040000001 -0.35401347000000005 -1.166922 -0.497575 -0.5629890000000001
20840 -0.58318488 14.523852150000002 -0.8821152000000001 -0.8562709999999999 -0.309738 -0.652927
20860 0.28441152000000003 14.777273880000001 -1.35198477 -0.401241 -0.367917 -0.35164
20880 1.7092944 14.311887480000001 -1.7815941 0.128151 -0.537936 0.147931
20900 2.74693734 12.391383780000002 -2.08081872 0.545604 -0.513545 0.3463
20920 1.03195314 9.88289811 -1.6790599800000001 0.997415 -1.087377 0.13334200000000002
20940 0.0896634 8.821152 -1.30034493 1.582406 -1.972707 -0.35175100000000004
20960 -0.17169462000000002 8.491241700000002 -0.83346741 2.133875 -2.708827 -0.825519
20980 -0.38319822000000003 8.518189770000001 -0.7201521000000001 2.880827 -1.836414 -0.928242
21000 -0.82598238 8.67565989 -0.46238454000000007 3.19034 2.000751 -0.674623
21020 -0.89273943 9.32800527 -2.16988371 2.521175 4.037007 -0.489627
21040 0.5480062200000001 10.074654180000001 -2.91279501 2.125926 4.313903 0.137508
21060 1.9369746900000002 8.908127460000001 -1.0285098300000002 1.357276 2.813456 0.40539
21080 -0.9454387500000001 5.6109276 1.8196176600000002 1.006177 1.714877 0.513304
21100 -2.5709067000000005 7.402557330000001 -2.7009873000000004 1.793122 1.308915 0.918836
21120 -3.6215675100000007 8.89375581 -2.81070234 2.53579 1.219545 1.045916
21140 -3.2615699400000002 7.992030420000001 -1.2855220200000002 2.80428 0.559621 0.942883
21160 -2.05417476 7.3527127199999995 0.27901602 2.9139310000000003 -0.270351 0.878483
21180 -0.11197134000000002 7.94532501 0.54292464 3.103617 -0.910773 0.7620560000000001
21200 1.25619012 9.640855980000001 -0.39577464 3.10876 -1.134834 0.579713
21220 1.63460106 11.29251663 -1.58535486 2.662051 -0.513592 0.653776
21240 1.1094913800000001 11.61959184 -2.40938505 2.2956830000000004 -0.328193 0.6947770000000001
21260 -0.73302282 13.034596050000001 -2.8015692299999997 2.08757 -0.642541 0.6317689999999999
21280 -1.35333855 16.77741516 -3.3055776 1.772458 -1.272865 0.558805
21300 -0.0073378800000000015 17.565825240000002 -2.99721987 1.206815 -1.419612 0.451424
21320 0.79005816 13.824801359999999 -2.38379076 0.363243 -1.3654540000000002 0.426235
21340 -0.54097245 11.94290982 -1.95388713 -0.703588 -1.098678 0.437669
21360 -3.3567661800000006 11.64967911 -2.44845828 -1.884123 -0.907495 0.271081
21380 -4.45713426 12.57624342 -2.9178864 -2.255618 0.197452 -0.00319
21400 -3.8782854000000007 13.37229549 -3.5500133700000003 -3.135112 -0.338494 0.25413600000000003
21420 -2.7232854300000007 13.96805679 -5.11785738 -3.558275 1.408022 0.488224
21440 -1.7142386400000003 14.055924960000002 -3.61049202 -2.99081 1.6548439999999998 -0.188586
21460 -3.80419047 13.763881260000002 -0.70099317 -2.380497 1.206307 -0.170929
21480 -5.87168721 12.2830029 0.80532252 -2.306059 1.160099 -0.401086
21500 -6.3002468700000005 9.56944899 1.5967344600000002 -2.642489 1.813137 -0.38184
21520 -4.02812334 9.68126337 2.66789817 -3.051596 2.35904 -0.680227
21540 -0.10313253 9.90879651 0.8587674 -2.569928 1.305736 -0.8944979999999999
21560 1.5471841500000003 10.600205310000002 -1.48131981 -1.612716 0.317365 -0.976276
21580 1.11099231 11.38158162 -1.6284600000000002 -0.8913270000000001 -0.411447 -1.027987
21600 0.6245046000000001 10.01761884 -1.03255155 -0.763552 -1.3018610000000002 -0.911654
21620 -0.48634056000000003 8.53675029 -1.42623666 -0.656834 -1.346659 -0.723912
21640 -1.0886843700000002 6.650669880000001 -0.88481295 -0.487474 -0.958213 -0.509583
21660 -1.41396435 5.965098030000001 -0.56777337 -0.4583350000000001 -0.977007 -0.364077
21680 -1.6064561700000002 5.272933860000001 -0.57225654 -0.584539 -1.20273 -0.283484
21700 -1.16263215 4.89467007 -0.9824028300000001 -0.327615 -0.846348 -0.118708
21720 -0.94932351 4.26238614 -0.92882061 -0.3555 -0.007455 0.041323
21740 -0.50654916 2.8551612600000005 -0.4568517 -0.463758 -0.754147 0.118436
21760 -0.25461855 1.66693482 -1.07086941 -0.344386 -1.298636 0.314384
21780 0.76730877 1.81302534 -2.45414808 -0.702399 0.994976 0.6059100000000001
21800 1.11817323 2.5210620900000005 -4.830002550000001 -1.4223 3.037463 1.406908
21820 0.35566155000000005 1.7760612600000003 -8.004008429999999 -1.293585 1.61526 0.7783100000000001
21840 -1.6395453 2.42391366 -1.09961271 -0.551847 -0.542289 0.22757600000000006
21860 -6.856189379999999 5.8568741100000015 -1.36066662 -0.880861 -0.281895 -0.136115
21880 -1.4388032700000002 17.90996004 -10.37746926 -1.16691 -0.096615 -0.401133
21900 -4.93238952 23.09472162 -4.6445445 -1.340116 -0.365838 -0.590005
21920 -3.58638885 14.821124580000001 -6.117780870000001 -1.543826 -0.937687 -0.464645
21940 -1.9916065800000002 7.79399595 -1.21726404 -1.681088 -1.322762 -0.218351
21960 -1.13388885 7.883060940000001 0.33231375 -1.439326 -1.297561 -0.336335
21980 -1.49988033 10.61802027 -0.22768029 -0.727074 -1.059788 -0.4748060000000001
22000 -2.1874043700000003 12.777279750000002 -1.6542112500000001 -0.247077 -0.787808 -0.175905
22020 -1.30214016 13.146410430000001 -0.16675038 0.06451799999999999 -0.50024 0.100436
22040 0.09340101 13.413752550000002 -0.9190890899999999 0.5766 -0.8255370000000001 0.020041
22060 2.15072478 12.42805356 -2.26254897 1.114726 -0.910856 -0.155553
22080 2.38079871 10.784172240000002 -1.24855794 1.6634380000000002 -1.0599459999999998 -0.376924
22100 0.7459033500000001 9.29237535 -0.94183848 2.29089 -1.528749 -0.633654
22120 -0.26839179 8.375081490000001 -1.21068153 2.676909 -1.472016 -0.7699
22140 -0.39098736000000006 8.43929775 -1.17760221 2.755213 0.398934 -0.6531779999999999
22160 -0.7339253400000001 8.96500584 -0.047902230000000004 2.701568 2.703432 -0.417224
22180 -0.36704115 9.2836935 -1.9441556100000001 2.522802 2.901929 -0.085441
22200 0.29010132000000005 9.78215922 -2.02872762 2.021217 2.692509 -0.02672
22220 0.90756234 8.672962140000001 -1.10530251 1.736696 2.498792 0.178776
22240 -0.7349750100000001 6.97609701 2.9621883600000003 1.7244720000000002 2.131509 0.39601
22260 -2.6232921 5.879025090000001 -2.22722316 1.647069 2.380808 1.255069
22280 -2.66505327 8.332123500000002 -2.40564744 2.698037 1.576501 1.149141
22300 -3.11097663 8.48540475 -1.70211348 3.087993 0.874526 0.801319
22320 -2.30999994 8.61264045 1.0699767 3.192228 -0.0032450000000000005 0.707032
22340 -1.0523088900000002 8.581650660000001 0.37826379000000004 3.4775080000000003 -1.113234 0.453006
22360 1.5792138 10.03617936 0.04027005 3.027625 -0.655243 0.5956229999999999
22380 2.4629770800000004 11.85190245 -0.17035065000000002 2.580175 -0.421815 0.6840649999999999
22400 0.8993317500000001 11.37978639 -1.36890702 2.2739 -0.596949 0.524054
22420 -2.42720001 12.670252650000002 -3.12804603 1.82139 -1.001766 0.386816
22440 -1.71273771 16.401996269999998 -2.39382639 1.202847 -1.243314 0.322984
22460 -0.38754405000000003 15.639474779999999 -2.7126612 0.384602 -1.217078 0.33219
22480 -0.31598991000000004 13.23158085 -3.09241611 -0.6904100000000001 -0.7971729999999999 0.4181470000000001
22500 -2.7222357600000002 12.1324194 -3.3605136 -1.910488 -0.795724 0.314551
22520 -3.33791136 12.35306592 -2.8969224300000005 -2.500754 0.128607 0.109486
22540 -2.8569564900000004 12.73312494 -2.50788726 -2.829357 0.057599 0.036779
22560 -2.28275757 13.206437820000001 -2.5186586400000004 -3.613075 0.970841 0.374102
22580 -2.05447887 13.249542960000001 -1.76961609 -2.966661 1.489958 -0.267254
22600 -1.84461354 13.726004849999999 -0.79424703 -2.3799200000000003 0.983058 -0.286007
22620 -3.3150050100000006 13.401784350000002 0.18277011 -2.208419 1.063702 -0.6214029999999999
22640 -6.023918790000001 12.70543131 -0.98390376 -2.584149 1.850718 -0.506463
22660 -6.7062042900000005 11.389665059999999 -0.9249260400000001 -2.8605080000000003 2.386066 -0.677858
22680 -6.4593650700000005 9.910591740000001 1.0930302 -2.625921 1.915221 -0.882851
22700 -2.14818399 10.60604226 1.5293691900000002 -2.035326 1.033513 -0.947031
22720 1.68938991 11.05181847 0.77958108 -1.434876 0.214596 -1.004812
22740 1.32998094 12.18556017 -0.30730806 -0.7810729999999999 -0.939557 -0.923991
22760 -0.36403929000000007 10.48988205 -0.99722574 -0.545216 -1.570219 -0.857442
22780 -1.01174454 8.88253317 -1.7904231000000002 -0.278932 -1.473922 -0.661289
22800 -0.52705206 7.462879020000001 -0.9834525000000001 -0.28996500000000003 -1.224873 -0.329468
22820 -0.44173449000000004 6.6798546299999995 -0.32751666 -0.514672 -1.265 -0.223096
22840 -0.39532338 6.13065159 -0.57361032 -0.689312 -1.168609 -0.200938
22860 -0.8720893800000001 4.392918 -0.39742272 -0.291705 0.5245350000000001 0.14791
22880 -0.71281422 3.1148712000000005 -0.35475903000000003 -0.422114 0.4991930000000001 -0.061272
22900 -0.3153915 1.67710779 -0.47436255000000005 -0.076784 -1.061334 -0.119885
22920 0.44697303 1.0207305 -1.51200549 -0.091042 -0.919456 0.109501
22940 0.6736036500000001 1.38087522 -3.51903339 -0.411206 2.63367 1.07693
22960 1.06518942 1.8498520800000002 -5.59312245 -1.482409 3.2588790000000003 1.2331530000000002
22980 0.39802113000000006 1.5214329000000002 -7.796988 -1.378116 1.262238 0.955497
23000 -2.00283903 3.21636546 0.72284985 -0.86101 -0.628959 0.324872
23020 -5.32801701 6.97070151 -2.62285065 -1.1646729999999998 -0.658535 -0.273279
23040 -2.8812068100000006 19.45219995 -9.26962596 -1.256903 -0.516684 -0.501636
23060 -5.57186418 21.71654415 -5.218301970000001 -1.314219 -0.23092 -0.519494
23080 -3.21172533 13.487847480000001 -5.451515100000001 -1.4195209999999998 -0.609891 -0.495175
23100 -1.4046742800000003 8.0748072 -0.99213435 -1.425601 -0.93297 -0.414687
23120 -1.21546881 9.26663391 0.06960195000000002 -1.240609 -1.090158 -0.42708
23140 -1.97484129 11.63949633 -0.20941407000000004 -0.69306 -0.590212 -0.45167
23160 -2.1721302000000002 12.294382500000001 -0.01586277 -0.306985 -0.384782 -0.212091
23180 -1.01264706 12.079435590000001 0.021258270000000003 0.001971 -0.48269 0.028406
23200 0.29054277 13.82030838 -0.8984292300000001 0.5358539999999999 -0.8680190000000001 0.023015
23220 2.74588767 13.544882820000002 -2.41088598 1.100898 -1.102704 -0.119084
23240 2.91009726 11.004514649999999 -1.28044044 1.537148 -1.270892 -0.262167
23260 0.53408583 9.198670230000001 -0.49442400000000003 1.981354 -1.598775 -0.435969
23280 -0.74844414 8.37433593 -0.60923043 2.458052 -1.619818 -0.648393
23300 -1.77156828 8.33645952 -0.6855718500000001 2.823684 0.463587 -0.6303489999999999
23320 -1.91856132 8.727750990000002 -0.8309266200000001 2.606041 3.1454720000000003 -0.322317
23340 -1.9264976100000002 8.05550112 -0.35910486 2.530263 3.266773 0.044466000000000006
23360 0.10448631000000001 9.46032255 -3.7592802900000004 2.254368 2.939421 0.095301
23380 1.9829247300000001 9.329947650000001 -2.17901682 1.666629 2.254471 0.332424
23400 2.1086693100000007 7.32681432 1.80254826 1.7938040000000002 1.71662 0.460051
23420 -0.17094906 5.247339570000001 -1.3045338 1.6732200000000002 1.922008 1.149017
23440 -1.48057425 8.47418211 -1.46275929 2.494413 1.318568 1.0935700000000002
23460 -3.32129322 8.218955339999999 -1.5328125000000001 2.931594 0.276316 0.8180850000000001
23480 -3.1916638800000006 7.94412819 0.23306598000000003 3.0211900000000003 -0.370901 0.888975
23500 -2.00088684 8.60336019 -0.54666225 3.3421800000000004 -1.324598 0.679863
23520 0.46089342000000005 10.157126850000001 -0.44891541000000007 2.940914 -0.846074 0.707425
23540 1.79087436 11.55162816 -0.47046798 2.491734 -0.533767 0.785072
23560 0.08831943 11.80504989 -0.69350814 2.282988 -0.5348390000000001 0.701362
23580 -1.95014952 12.25635894 -1.19915478 2.078336 -0.854273 0.57536
23600 -2.01032406 14.857352910000003 -2.3460713100000006 1.654926 -1.4020549999999998 0.467351
23620 0.20851155000000002 16.29286983 -2.141591670000001 1.0008290000000002 -1.452917 0.434005
23640 0.68303106 14.71634397 -2.41762545 0.019452 -1.119503 0.489748
23660 -0.00344331 13.245658200000001 -2.55024684 -1.062399 -0.5472899999999999 0.58828
23680 -2.2270662000000003 12.267591390000002 -2.6435007 -2.085298 -0.4513180000000001 0.385527
23700 -2.65637142 12.207564 -2.49920541 -2.416492 0.536564 0.047595
23720 -2.6839179 12.61725903 -2.6646118199999997 -3.012867 -0.292742 0.161996
23740 -2.20776012 13.005401490000002 -3.2102244000000004 -3.244097 1.485794 0.214718
23760 -2.03472153 13.37813244 -2.62269369 -2.94803 1.459564 -0.408091
23780 -2.18829708 13.801600709999999 -1.14840765 -2.408953 0.940407 -0.516891
23800 -4.0487832 13.79741184 -0.41433516000000004 -2.276475 1.230607 -0.742801
23820 -5.851635570000001 12.50589591 -0.8110123200000001 -2.592637 2.097786 -0.746121
23840 -6.58031256 11.10525354 -0.25985709 -2.817404 2.086143 -0.8363379999999999
23860 -4.75545636 9.9751023 2.06421039 -2.434252 1.522823 -0.954717
23880 -0.26315325 10.168653599999999 1.7299542600000002 -1.971305 1.0057120000000002 -0.976458
23900 1.76198391 9.869880240000002 0.79574796 -1.715914 0.362545 -0.996283
23920 1.5947822700000003 10.36549125 -0.10612458 -1.299149 -0.5205069999999999 -0.8405520000000001
23940 0.48289725 9.77108373 -1.4895504000000002 -0.872801 -1.042025 -0.794177
23960 -0.70728138 8.992248210000001 -1.7139345300000002 -0.434131 -1.236383 -0.788728
23980 -0.37587015 7.67992527 -0.76026519 -0.198339 -1.476762 -0.5539
24000 -0.84244356 6.53825709 -0.42616602000000003 -0.169658 -1.867205 -0.441036
24020 -1.21606722 5.6220129000000005 -0.43858548 -0.556824 -1.7914869999999998 -0.392563
24040 -1.36934847 4.752464310000001 -0.6786852300000001 -0.763683 -1.262393 -0.12656199999999998
24060 -1.3961493900000002 3.5521127100000003 -0.28905165000000005 -0.137587 0.474565 -0.010115
24080 -0.2080701 2.9379380400000006 -0.31868766000000004 -0.144084 0.4713189999999999 0.008004
24100 0.29788065 1.94790303 -1.17116685 -0.154276 -1.018058 0.313216
