time Ax Ay Az Gx Gy Gz
20 5.73636807 25.503518070000005 -5.27548446 -1.92171 0.746492 -0.397871
40 11.33443476 16.091087940000005 -4.19218578 -1.686217 0.962703 -0.591988
60 3.14735211 10.34678358 -6.19022772 -1.504484 0.8733799999999999 -0.523306
80 0.6125265900000001 4.233799800000001 -2.2320104400000003 -1.307109 0.384852 -0.536257
100 -0.38709279 4.53287727 -1.96287309 -1.08248 0.16295 -0.649771
120 0.10822392 7.738157429999999 -1.5025780800000001 -0.970206 0.186127 -0.682132
140 1.5045204600000002 12.091707900000001 -0.8952900300000001 -0.819136 0.307126 -0.702596
160 2.70532332 14.69703789 -1.0777560300000004 -0.655918 0.61731 -0.624941
180 3.09885147 12.895235190000001 -0.6869256300000001 -0.5436310000000001 0.720182 -0.34121
200 2.7593666100000003 9.286685550000001 -0.92267955 -0.552427 0.5566939999999999 -0.208602
220 1.97215335 7.707324600000001 -0.7500922200000001 -0.575512 0.32805100000000004 -0.286451
240 1.0353964500000001 7.3142379 -0.5149269000000001 -0.611464 0.284962 -0.402015
260 0.64141704 7.404803820000001 -0.25791471 -0.624835 0.266356 -0.532407
280 0.07784234999999999 6.819970860000001 -0.63632565 -0.7226670000000001 0.042159 -0.5915560000000001
300 0.7258419 7.2390933 -0.46418958 -0.63866 -0.380551 -0.715409
320 1.3069274400000002 8.27868843 -0.86430024 -0.38964 -0.6418159999999999 -0.596899
340 1.6997198400000002 8.82265293 -1.2195105300000002 0.037461 -0.695824 -0.248811
360 2.1516273 9.3474585 -0.8658011700000001 0.949638 -0.631941 0.300136
380 2.20281588 9.79593246 -1.162485 1.477328 -0.7039569999999999 0.801705
400 2.7961835400000004 10.106232570000001 -0.3182364 1.5011370000000002 -0.612383 1.05706
420 2.4957621000000003 10.80303687 -0.14235291 2.071725 0.106506 0.872117
440 2.43767709 10.981314 -0.39443067000000004 2.658669 0.379297 0.8758670000000001
460 3.1105351800000003 12.153530520000002 -0.1041822 3.146116 0.201587 1.2042389999999998
480 3.9565692 12.97322469 -0.20507805 3.2142150000000003 0.097319 1.378969
500 4.54230468 12.860360640000001 -0.9618999300000001 3.24976 -0.044569 1.399695
520 4.6568168100000005 12.08286909 -0.5405211900000001 3.327376 -0.442626 1.775693
540 3.10798458 11.89830375 -0.42736284 2.121819 -0.309082 1.659211
560 1.4633577 12.538072710000002 1.08150345 1.3383120000000002 -0.564659 1.2513459999999998
580 -0.23440995 12.26728728 2.64425607 1.682812 -1.530076 1.022117
600 -2.11525182 12.582531629999998 0.68587596 2.035469 -2.266788 0.8684950000000001
620 -3.91571055 14.17327218 -2.18695311 2.389914 -2.205317 0.640157
640 -3.6621318600000006 14.85046629 -1.72036989 2.467548 -2.129525 0.53378
660 -1.4735404799999998 12.79029762 -2.56895451 2.225252 -1.966559 0.48274
680 0.77853141 11.61390204 -3.8926570500000004 2.152211 -1.2870780000000002 0.321126
700 3.1253482800000003 11.709098280000001 -4.58841168 2.1825810000000003 -0.853007 0.169094
720 4.29950718 12.103234650000001 -3.1347855 2.047492 -0.778967 0.152032
740 3.6121401 12.475955790000002 -1.4528806200000002 1.847255 -1.012342 0.079362
760 2.3921783100000003 10.98520857 2.8009708200000003 1.414239 -1.073313 -0.015452
780 0.9361486800000001 7.98035652 2.20177602 0.925208 -0.813301 -0.145251
800 0.06751241999999999 7.429946850000001 -2.26224486 0.520512 -0.5079130000000001 -0.240336
820 -0.06122421 7.50733794 -5.96524518 -0.043631 -0.192852 -0.219043
840 -0.5319963 6.90169797 -4.76114616 -0.54557 0.268702 -0.122728
860 0.77987538 6.145768800000001 -1.5832555200000002 -0.8737389999999999 0.732716 0.006845
880 1.2666672 5.816152800000001 -0.24399432 -1.2564959999999998 1.1935790000000002 0.17236
900 0.33619851000000006 5.0766946200000005 -2.3155327800000003 -1.718086 1.133025 0.264285
920 -0.4047606000000001 5.07160323 -4.3989021 -2.136403 1.010362 0.399321
940 0.18486945000000002 6.11582868 -4.12332939 -1.609631 2.046687 0.788369
960 0.71670879 5.188361850000001 -3.28162158 -0.812396 1.181999 0.8174779999999999
980 0.86864607 4.19188167 -3.71766627 -1.897028 1.615714 0.921509
1000 0.34952049 3.63534075 -4.44680433 -2.480532 0.52637 0.520383
1020 0.43843833 3.05036064 -4.416265800000001 -2.381779 0.836047 -0.017708
1040 0.6328823400000001 2.72777841 -5.56542882 -2.128891 1.425744 -0.386302
1060 1.02282003 3.1849244100000007 -6.57208197 -1.7410279999999998 1.301731 -0.8780209999999999
1080 1.83502917 4.30025274 -7.521405479999999 -1.681966 1.6622830000000002 -1.317109
1100 3.0943683000000006 4.574187180000001 -9.28848078 -1.702747 2.222843 -1.355361
1120 3.7119764699999998 4.622982120000001 -10.80273276 -1.764345 2.308298 -1.094186
1140 3.20079699 4.56146361 -11.3630211 -1.7140369999999998 2.206523 -0.99436
1160 4.22331291 4.99840101 -9.93214431 -1.7583240000000002 2.331388 -0.747002
1180 2.20042224 15.51419127 -14.8857921 -1.890695 2.773048 -0.525234
1200 9.667794240000001 13.396840110000001 -3.36096486 -1.960616 2.692143 -0.478617
1220 0.60219666 6.37180101 -5.175638280000001 -1.748833 2.412954 -0.6402180000000001
1240 -1.5483809699999997 2.03965596 -3.2542320600000005 -1.485601 2.128494 -0.8602040000000001
1260 -1.59508638 4.93164396 -3.7743975 -1.427831 1.7275919999999998 -0.820831
1280 -1.9546326900000002 11.72047788 -3.00559761 -1.25405 1.511605 -0.771271
1300 -0.43709436 13.177547370000001 -1.48581279 -1.002877 1.251411 -0.6559510000000001
1320 1.05605631 12.918739949999999 -1.31606055 -0.8381430000000001 0.997863 -0.5294939999999999
1340 1.6856424900000002 11.452233240000002 -1.6497182700000002 -0.809591 0.56911 -0.426196
1360 2.95111287 9.721082160000002 -0.92642697 -0.748879 0.8742690000000001 -0.335364
1380 2.58198219 10.285412220000001 -0.6554845799999999 -0.658239 1.277938 -0.396136
1400 3.1042469700000006 10.373280390000001 -0.38319822000000003 -0.5470649999999999 1.230001 -0.492507
1420 3.1103782200000003 9.23983299 -0.8765725499999999 -0.5200170000000001 0.997992 -0.5710689999999999
1440 1.31950386 7.94921958 -0.8044298100000001 -0.507152 0.495305 -0.613064
1460 0.7674559200000002 7.29343089 -0.45235872000000005 -0.618424 0.17615699999999998 -0.625182
1480 1.23298947 7.7218434 -0.1850166 -0.8206120000000001 0.06284400000000001 -0.617904
1500 1.8277011 7.644756419999999 0.30521853 -0.8053600000000001 0.6697489999999999 -0.55555
1520 2.7361561500000002 7.126533360000001 0.42301701 -0.727758 1.137975 -0.498992
1540 2.70921789 6.89675373 0.23291883000000002 -0.604237 1.035477 -0.548204
1560 2.3605901100000004 8.230639049999999 0.05134554 -0.34717 0.544571 -0.551121
1580 1.55675871 9.98977806 0.97956774 0.094226 0.321133 -0.468703
1600 1.25753409 10.78222986 1.12969998 0.346566 0.735604 -0.174778
1620 0.73258137 9.72707607 1.36336437 0.35486100000000004 1.035625 0.180613
1640 1.45946313 9.01365363 1.7754530400000001 0.341717 1.037596 0.49778
1660 2.0510355600000003 8.9828208 1.31397102 0.421046 0.918936 0.53267
1680 2.12991777 9.40674033 0.82612953 0.820421 1.001689 0.5374899999999999
1700 1.3105277100000001 10.13272938 0.92956617 1.509794 0.962414 0.703657
1720 2.030228550000001 10.04830452 1.68489693 2.29983 0.635919 1.2137950000000002
1740 2.7306233100000004 9.780511140000002 1.0629429300000002 2.35014 -0.34265100000000004 1.863811
1760 2.61236376 10.129433220000001 -0.41389371 2.527721 -0.6586930000000001 2.156012
1780 3.0247565400000003 11.061549990000001 -1.12176369 3.166548 -0.216892 1.940923
1800 3.36395691 11.32499754 0.24234624000000002 3.541293 0.706587 1.379404
1820 3.7928108700000003 9.41497092 2.15237286 3.0289770000000003 2.020829 0.835758
1840 3.59941653 8.54603055 2.64425607 2.471317 1.698496 0.675247
1860 2.43468504 9.29612277 1.0235754000000001 2.323332 0.4787270000000001 0.810372
1880 0.45520362000000003 10.96304778 -1.9398195900000001 2.318976 -0.22657600000000006 0.836883
1900 0.21539817000000003 11.95488783 -2.15102889 2.114592 -0.320839 0.877237
1920 2.74050198 10.014773940000001 -0.6554845799999999 1.850343 0.235177 1.12037
1940 5.047657020000001 9.03685428 1.10410569 1.536443 0.365392 1.063531
1960 2.30295636 10.587628890000001 1.47937743 1.196344 0.150341 0.792239
1980 -1.7630335800000003 13.019027580000001 -0.36793386 0.977134 -0.151947 0.12132
2000 -4.38184251 14.92711182 -0.08232552 0.940946 -0.163633 -0.387392
2020 -5.11111791 16.96975983 0.46702467 0.872134 -0.14817 -0.730791
2040 -4.643347680000001 15.35476896 -0.21479976 0.606542 0.181502 -0.892234
2060 -2.8253781 12.6094797 -0.78586929 0.144348 0.745966 -0.991258
2080 1.1017120500000002 9.930496230000001 -1.8034507800000001 -0.316866 1.332631 -1.048642
2100 3.5100474300000006 8.571026430000002 -2.3620910400000006 -0.771316 1.77647 -1.091909
2120 4.5030843 9.11364696 -2.8180402200000003 -1.3157709999999998 2.00277 -1.267986
2140 4.13904501 9.09119187 -2.185452180000001 -1.863635 1.851288 -1.538674
2160 2.2439884500000002 9.20331036 -1.36366848 -2.210396 1.557623 -1.591995
2180 -0.16615197 7.854768900000001 -1.11518118 -1.822963 0.780304 -1.212278
2200 -2.14115022 6.39365769 -1.69642368 -0.06444 0.7387090000000001 -0.59426
2220 -1.6022673 5.58039888 -2.8369048500000003 1.083427 1.929319 0.632142
2240 -0.13501503 5.99937417 -2.8307637900000002 0.217354 1.174468 1.008415
2260 1.33866279 6.27090516 -2.45864106 0.824393 0.5307609999999999 1.085051
2280 1.51635132 6.36565995 -2.10926772 -0.249337 1.7654869999999998 1.464801
2300 1.1373321599999997 5.71945563 -1.79641701 -1.6706169999999998 2.109016 0.17363499999999998
2320 0.9017253900000001 5.209168860000001 -1.8230609700000002 -1.035589 0.491325 -1.023742
2340 0.8897473800000001 4.82311593 -3.1004995500000003 -0.624658 1.643558 -1.812833
2360 1.4994290700000001 4.566555 -4.3354314 -1.142763 2.570585 -1.689453
2380 2.19174039 5.335659000000001 -5.292092790000001 -1.2668 1.941185 -0.828526
2400 3.42293463 7.265590110000001 -6.634954260000001 -1.124643 1.684597 -0.189476
2420 5.37427116 10.812317129999998 -10.20278259 -1.384691 1.861979 0.165267
2440 10.058634450000001 18.47652678 -12.89389122 -1.357123 1.914672 0.017977
2460 9.00527589 16.96901427 -9.89143281 -1.157284 1.897297 -0.07247200000000001
2480 4.1876928 18.42099237 -4.768788150000001 -0.875074 2.185293 -0.143509
2500 0.45924534000000006 13.468090140000001 3.12893874 -0.689874 2.380435 -0.086918
2520 -1.77485463 4.99870512 3.2275881000000006 -0.363319 2.437735 -0.047322
2540 -5.42202624 4.1433810300000005 -1.18418472 -0.006691 2.27771 -0.031807
2560 -8.28721332 6.94914894 -2.97146862 0.081245 2.086936 -0.085428
2580 -1.125207 9.48188493 2.74469085 0.103522 1.762187 -0.144677
2600 2.17991934 12.49092585 4.22960112 -0.094399 1.7061529999999998 -0.07975800000000001
2620 3.4148511900000003 13.14371268 1.8375797700000003 -0.236924 1.656219 0.01011
2640 4.4506989 9.420955020000001 -0.053140770000000004 -0.372507 1.592952 -0.034553
2660 2.71146438 8.15533749 0.18037647 -0.363603 1.47654 -0.2341
2680 0.65309094 8.108641890000001 0.9422897400000001 -0.209625 1.337322 -0.450763
2700 -0.11316816 8.32942575 1.6022673 -0.158943 1.134023 -0.536674
2720 0.3844048500000001 8.54393121 2.21060502 -0.351637 1.184927 -0.578678
2740 1.16712513 9.61421202 1.64612781 -0.558227 1.006789 -0.606598
2760 1.6134899400000002 9.759556980000001 0.9442321200000001 -0.565606 0.819205 -0.576499
2780 2.4498022500000003 9.608816520000001 -0.13367106 -0.345233 0.64094 -0.410225
2800 2.70606888 10.16655426 -1.24735131 -0.078086 0.951265 -0.191908
2820 2.8145969100000006 9.58681269 0.14340258 0.28494899999999995 1.190053 -0.015558
2840 4.07003166 10.05084531 3.14765622 0.58813 1.327095 0.082524
2860 3.28431933 8.77565322 3.9899526300000003 0.942194 1.4212280000000002 0.210927
2880 1.9998371700000002 9.09119187 1.6139412000000002 1.349891 1.460369 0.458347
2900 2.06121834 9.297918000000001 -0.12034908 1.787883 1.126527 0.713935
2920 2.5336287 9.32755401 0.07963758 2.7116130000000003 0.084966 0.908661
2940 2.7241879500000006 8.89959276 0.8631034200000001 3.215856 -1.064489 1.275783
2960 3.6004662000000005 9.26692821 1.7591390100000002 3.756439 -1.05605 1.360733
2980 3.12190497 9.305844480000001 1.7302485600000002 4.734933 -0.397897 0.560217
3000 3.78443313 9.55927602 1.69747335 4.580127 1.02331 -0.135962
3020 3.3840085500000003 10.15683255 1.46589849 3.87844 1.611384 -0.33710100000000004
3040 4.04668386 11.38382811 1.07296875 3.3159910000000004 1.496559 -0.172104
3060 2.3267652300000004 11.03969331 1.0955709900000001 2.944136 0.834535 0.005609
3080 1.793268 10.79330535 0.35925201 2.816476 -0.02038 0.256845
3100 2.15043048 10.94538978 -0.52226478 2.690376 -0.31699 0.481739
3120 2.73495933 10.45904922 -0.90306936 2.504178 -0.012443 0.673396
3140 3.0677243400000003 10.688976 -1.4678506800000002 2.341519 0.14248 0.699835
3160 2.8285173000000006 11.74817151 0.09445068 2.273244 -0.08221 0.472115
3180 -0.13097330999999998 13.276196729999999 -0.48962690999999997 2.122036 -0.460096 0.265376
3200 -4.086502650000001 16.97260473 -0.79783749 2.001459 -0.7991060000000001 0.166692
3220 -6.7539593700000005 19.48872258 -2.25745758 1.853066 -0.716026 0.032021
3240 -6.45891381 17.88884892 -1.00261143 1.550818 -0.471448 -0.12956900000000002
3260 -2.90066985 14.471309790000001 -0.9548661600000001 1.171616 -0.27234899999999995 -0.306593
3280 1.14362037 11.35179846 -0.89768367 0.909424 -0.053807000000000015 -0.385616
3300 1.9693084500000002 10.19993769 -1.8615259800000001 0.686284 0.157856 -0.376764
3320 1.7136402300000002 10.09336185 -2.3830452 0.487819 0.14367 -0.386678
3340 1.26786402 9.087454260000001 -2.1908476800000005 0.420233 0.038533 -0.409448
3360 1.53116442 7.69205043 -1.91990529 0.284789 0.08785499999999999 -0.372001
3380 1.24316244 6.782094450000001 -2.4051961800000003 0.027422 0.193567 -0.211564
3400 0.60159825 7.122334680000001 -4.12900938 -0.22785100000000005 0.381996 0.040648
3420 0.70144443 6.85783746 -4.42734129 -0.415084 0.475544 0.251796
3440 1.56858957 5.79864195 -4.03126254 -0.535359 0.361735 0.311991
3460 2.35310508 5.497916399999999 -4.19472657 -0.467938 0.182485 0.324442
3480 1.4229405000000002 5.14120518 -4.88524266 -0.283519 0.282503 0.460198
3500 -0.00913311 4.29412149 -5.01427359 0.185975 0.223744 0.628059
3520 0.12259557 3.45211938 -4.8178773900000005 0.5147079999999999 -0.4996060000000001 0.350339
3540 0.76775022 3.16367595 -5.2317711000000005 0.709254 -0.832996 0.171596
3560 0.6373753200000001 3.5405859600000005 -6.0616480500000005 -0.28083400000000003 -0.2942 -0.243003
3580 0.5641731000000002 3.14091675 -6.242318820000001 -1.419427 0.156645 -1.177682
3600 0.81056106 3.19436163 -6.288720120000001 -1.308287 1.3315780000000002 -0.991473
3620 1.4388032700000002 3.3720403500000002 -6.784645050000001 -2.102735 1.637284 -0.29666
3640 2.36149263 3.4531690500000005 -7.285504410000001 -2.134143 1.450457 0.097534
3660 3.15184509 4.5002394 -7.93948806 -2.191502 1.158154 -0.014655
3680 2.92851063 2.83645359 -9.01006317 -2.219366 1.471979 -0.14878
3700 3.1976479800000006 3.1862781900000003 -9.75446559 -2.232375 1.917243 -0.13235
3720 2.6162583300000004 3.9906981900000003 -10.14335361 -2.113572 2.000878 -0.370909
3740 3.3608079 6.08289651 -11.959233659999999 -2.0514330000000003 1.99548 -0.672775
3760 3.35108619 9.448952760000001 -14.74778502 -1.925174 1.922159 -0.827759
3780 3.4516681200000003 9.764491410000002 -15.537990330000001 -1.919348 1.705181 -0.917171
3800 2.4548936400000003 6.511309020000001 -11.211839190000001 -1.9812 1.592002 -0.7988850000000001
3820 -5.62529925 2.5008534900000003 -8.33377158 -1.959047 1.406134 -0.690602
3840 -4.35564 4.483179810000001 -8.32164642 -1.799732 1.208654 -0.727692
3860 0.50145777 7.5573297 -5.243749110000001 -1.802038 0.835253 -0.5872930000000001
3880 2.4840882 7.30481049 -4.14802116 -1.692064 0.568852 -0.39604
3900 3.40017543 10.0527975 -4.49889543 -1.538632 0.4949310000000001 -0.424784
3920 0.9861502500000001 9.604480500000001 -3.2723413199999998 -1.43577 0.7038760000000001 -0.551451
3940 0.89229798 9.4860738 -2.15911233 -1.096907 1.004504 -0.6338590000000001
3960 0.83167218 10.34348742 -2.3243617800000003 -0.746224 1.541661 -0.735715
3980 0.8497814400000001 11.22964434 -2.42106876 -0.451895 1.97107 -0.750233
4000 1.50886629 11.027872260000002 -1.7052526800000003 -0.335208 1.901209 -0.430998
4020 1.7747074800000002 10.82204865 -1.65959694 -0.187999 1.235865 -0.139629
4040 2.40983631 9.95969079 -1.3009433400000001 -0.215543 0.995396 -0.186515
4060 2.82672207 9.54474741 -0.93779676 -0.393072 1.030538 -0.295691
4080 3.1262508 9.1564578 -0.82463841 -0.424713 0.6343770000000001 -0.298609
4100 3.35542221 7.969722480000001 -0.44487369000000004 -0.425068 0.408068 -0.446804
4120 2.92506732 7.4562965100000005 -0.38395359 -0.285107 0.228449 -0.670991
4140 2.0797788600000002 7.9595495099999996 -0.67016034 -0.14234000000000002 0.25006 -0.6048600000000001
4160 1.75121253 8.44169139 -0.38080458 0.465824 0.922561 -0.41133
4180 1.4278847399999999 8.70544305 -0.55564821 0.877293 0.922099 0.145952
4200 0.09564750000000001 10.095157080000002 -1.18958022 1.110191 0.961047 0.5929770000000001
4220 0.35999757000000004 10.183172400000002 -1.15290063 1.385461 0.826416 0.456203
4240 2.1296234700000003 10.249036740000003 -0.8641530900000001 1.803385 0.757748 0.216724
4260 4.39335945 10.424920230000001 -0.87941745 2.128423 0.988655 0.531688
4280 4.7604006000000005 10.221794370000001 -0.34563573000000003 2.387336 0.920826 1.018556
4300 5.1452469 10.98805347 -0.2803698 2.720977 0.165467 1.281432
4320 5.4893817 11.712992850000001 -1.0135397700000002 3.090726 -0.591336 1.341601
4340 4.48467093 12.11610537 -1.80390204 2.771561 0.085048 1.102428
4360 3.1870237500000003 12.33494685 -2.0474451 2.195318 0.256372 0.5833
4380 2.7382554900000002 11.518244730000001 -1.99504989 1.923249 -0.773771 0.026176
4400 2.3593932900000008 11.39640453 -0.24369021 2.020178 -0.6332439999999999 -0.035284
4420 1.09991682 11.73664476 2.27332035 2.379499 -0.075758 0.098971
4440 -0.84798621 12.56247999 1.3834258200000003 2.645618 -0.506818 0.040494
4460 -3.8959532100000005 12.40410735 -0.13831119 2.452555 -0.923926 0.08775
4480 -3.58818408 14.539714920000002 -1.8657246600000001 2.272377 -0.626215 0.119224
4500 -1.36561086 14.97380742 -2.6116182 2.282693 -0.6128819999999999 -0.027067
4520 1.10395854 12.297972960000001 -2.29847319 2.060452 -0.736649 -0.317949
4540 2.5283901600000003 11.248656120000001 -1.8024011100000001 1.807702 -0.812072 -0.417894
4560 2.25626076 11.120527710000001 -2.8672864200000006 1.42248 -0.6942 -0.523285
4580 1.8989511300000002 10.58553936 -3.57591177 0.8308989999999999 -0.62588 -0.5787800000000001
4600 2.0959457400000003 10.81516203 -1.4735404799999998 0.103838 -0.346045 -0.664334
4620 -1.18972737 10.726695450000001 -0.41208867000000005 -0.64272 0.328072 -0.765484
4640 -2.85561252 9.11409822 -0.13441662000000001 -1.302013 1.3156370000000002 -0.740376
4660 -0.82942569 8.269104060000002 -1.0523088900000002 -1.953615 2.296057 -0.533608
4680 2.39786811 7.842643740000001 -3.40017543 -2.228537 2.619746 -0.523124
4700 2.18470662 7.51467582 -4.00896441 -0.069845 1.173349 -0.8576370000000001
4720 1.33133472 7.544763090000001 -2.7749252699999998 -0.31614000000000003 0.672925 -0.4421100000000001
4740 1.96735626 7.090756290000001 -1.98217917 -2.254771 2.658017 0.849309
4760 1.15529427 5.619462300000001 -3.0801438000000005 -1.901494 0.42119 0.480765
4780 0.7890084900000001 5.34628323 -3.69102231 -1.956888 0.396727 -0.279096
4800 0.9886910400000001 4.8400381800000005 -3.17055276 -1.796469 1.2575040000000002 -0.692481
4820 1.3305793499999998 4.03156665 -3.6756108000000003 -1.562042 0.998609 -0.887064
4840 1.08614358 2.59679529 -4.00657077 -1.427059 0.709091 -1.063075
4860 0.55608966 1.15724646 -4.42344672 -1.527046 0.893259 -0.945437
4880 0.66686418 0.9147432600000001 -7.3305519299999995 -1.7131 1.169286 -0.814631
4900 1.92110211 2.6259898500000003 -8.17480053 -1.732464 0.952875 -0.7578729999999999
4920 1.83353805 3.2386635900000003 -4.679114940000001 -1.668668 1.054316 -0.606938
4940 0.47196891 4.07123829 -2.6801802900000005 -1.6563259999999995 1.555499 -0.477171
4960 -2.66925195 8.72026596 -15.64052445 -1.611092 1.616198 -0.511116
4980 4.321815120000001 21.51206451 -12.58537653 -1.509806 1.144917 -0.491645
5000 16.57023777 16.041694590000002 3.0024584100000005 -1.373568 0.558699 -0.5305340000000001
5020 0.97536906 7.687116 -9.93903093 -1.297164 0.217594 -0.5423819999999999
5040 -2.1874043700000003 2.9079979200000006 -2.1468400200000004 -1.142116 0.079545 -0.5197579999999999
5060 -1.8917702100000002 4.75411239 -2.8966281300000003 -1.0300790000000002 0.190464 -0.6494409999999999
5080 0.29878317000000004 10.13213097 -2.70352809 -0.857193 0.33728 -0.75097
5100 2.21165469 12.308155740000002 -2.02963014 -0.734226 0.388026 -0.7608590000000001
5120 2.68781247 13.08070305 -1.9336785300000001 -0.706353 0.493088 -0.684955
5140 3.03957945 11.359126530000001 -2.2668849900000003 -0.702951 0.5728310000000001 -0.649782
5160 2.50669044 9.815689800000001 -1.64807019 -0.658066 0.587597 -0.651624
5180 1.88338266 9.24372756 -1.1713140000000002 -0.7788470000000001 0.546439 -0.6438689999999999
5200 2.24907003 8.26970247 -1.16143533 -0.772716 0.194032 -0.698922
5220 2.98254411 7.55598573 -1.3769904600000002 -0.616611 -0.310918 -0.565793
5240 3.0650265900000004 6.917413590000001 -1.53011475 -0.414419 -0.717167 -0.380126
5260 2.7388539 6.927890669999999 -1.2930070500000002 -0.086734 -0.912117 -0.130828
5280 2.71190583 7.488326160000001 -0.88929612 0.681709 -0.4752770000000001 0.248925
5300 1.79462178 7.824230370000001 -1.06309008 1.2089 -0.300741 0.632671
5320 1.2546891900000001 8.183482380000001 -1.3229471700000002 1.275835 -0.551401 0.920812
5340 1.1996060400000002 9.10092339 -0.98225568 1.44087 -0.610735 0.6977140000000001
5360 1.67382144 10.007436060000002 -1.34899272 1.931844 -0.5359729999999999 0.490608
5380 2.23141203 9.828109260000002 -1.39779747 2.718417 -0.499093 0.708631
5400 2.8196883 10.22509053 -1.05665472 3.32164 -0.466633 1.125137
5420 2.92087845 12.23540478 -0.66596166 3.397874 0.045891 1.293791
5440 3.54493179 12.51487206 -0.33440328 3.2881910000000003 0.150543 1.590925
5460 3.6745611300000003 12.085713990000002 0.34862778 2.6029400000000003 0.169623 1.675845
5480 3.49388055 13.195960740000002 -0.05883057 1.251419 0.067249 1.276634
5500 4.2927775200000005 12.92233041 -0.55923867 1.550987 -0.8929229999999999 0.840918
5520 4.12362369 12.44631978 -0.8530776 2.1847 -2.053321 0.636392
5540 2.35085859 11.694726630000002 0.68931927 2.553071 -1.917577 0.470012
5560 0.8824193100000001 13.2169149 0.83376171 2.805349 -1.420621 0.383543
5580 -1.49449464 13.764322710000002 -0.31449879 2.686735 -1.6739580000000005 0.170463
5600 -3.69745767 14.10561261 -2.3028092100000004 2.286676 -1.175154 0.187326
5620 -3.11142789 15.44892534 -3.3656049900000005 2.283154 -0.7586729999999999 0.200654
5640 -0.9306158400000001 12.939242850000001 -4.06150677 2.218847 -1.059927 0.201659
5660 1.36261881 11.76582951 -4.42075878 1.7571720000000002 -1.264854 0.167719
5680 3.7622723400000004 11.05211277 -3.15559251 1.101794 -1.190813 0.06904199999999999
5700 4.29845751 10.724596109999998 -1.34001657 0.403884 -0.839685 -0.02174
5720 2.4381283500000004 10.36953297 0.81924291 -0.397033 -0.4113770000000001 -0.143251
5740 0.26494848000000004 10.38540555 2.56596246 -1.108041 0.173907 -0.171401
5760 -1.79970336 8.692121069999999 0.89693811 -1.778832 0.92629 -0.197346
5780 -2.43663723 7.6272357600000005 -3.4774193700000002 -2.268185 1.672799 -0.243382
5800 -1.62921537 7.667505810000001 -5.89399515 -2.49537 2.657818 -0.22273
5820 0.49980969000000003 8.22120183 -4.16523771 -0.639193 2.498401 -0.327065
5840 1.7571966300000001 7.71271029 -1.21816656 -0.8320379999999999 -0.116883 -0.152008
5860 1.55571885 6.537354570000001 -0.7925989500000001 -1.682119 1.282227 0.48333
5880 1.04991525 5.3880444 -2.42720001 -2.046397 0.395449 0.649633
5900 1.0767063600000002 5.799387510000001 -4.72761558 -2.108125 0.747725 0.253508
5920 0.7105677300000001 5.67290718 -4.20026922 -2.135255 0.885014 -0.222216
5940 1.2049917300000001 4.26747753 -3.6594439199999997 -1.887202 0.578001 -0.649515
5960 1.17655254 3.0353905800000005 -3.8859175800000005 -1.6568650000000005 0.25455700000000003 -0.94873
5980 0.13187583 2.40160572 -4.45458366 -1.539879 0.303686 -0.815516
6000 -0.45071064 1.62217179 -5.62500495 -1.696363 0.6026819999999999 -0.593734
6020 0.24055101 2.1459375 -6.49783989 -1.864511 0.979019 -0.787671
6040 0.95575887 2.92461606 -7.41797865 -1.861445 1.503867 -0.707137
6060 2.13830532 3.3608079 -7.563176460000001 -1.857915 1.493647 -0.552207
6080 3.05604063 4.599634320000001 -6.183645210000001 -1.811997 1.126636 -0.45314
6100 -0.6231508200000001 11.992008870000003 -22.44507399 -1.7532709999999998 0.712901 -0.401993
6120 7.394768190000001 24.91643862 -0.6918600600000001 -1.7523810000000002 0.26097 -0.339451
6140 9.41392125 10.038573000000001 3.54881655 -1.503164 -0.09455 -0.359687
6160 -0.51791895 4.86278757 -7.140453750000001 -1.185261 -0.038495 -0.533795
6180 -1.33806438 2.0689976700000003 -2.9193775200000003 -0.981699 0.092063 -0.5923609999999999
6200 -0.46718163 6.176758590000001 -2.42929935 -0.740885 0.06337000000000001 -0.552186
6220 1.30034493 12.444073290000002 -2.44127736 -0.534482 0.229671 -0.494342
6240 2.95515459 15.05509308 -2.26224486 -0.450083 0.598601 -0.387403
6260 2.09429766 12.95840178 -2.45953377 -0.362533 0.6110869999999999 -0.388943
6280 0.70009065 9.942327090000001 -2.08830375 -0.416017 0.193221 -0.539401
6300 -0.23440995 8.423886240000002 -1.6440284700000003 -0.542408 0.056237 -0.805027
6320 0.69845238 8.234975069999999 -1.14137388 -0.487315 -0.0313 -0.806667
6340 2.2659922800000003 7.816745340000001 -0.91145691 -0.493653 -0.372647 -0.6866329999999999
6360 2.89063422 6.90678936 -1.17026433 -0.463876 -0.7121390000000001 -0.528961
6380 3.09226896 7.00274097 -1.1148770700000001 -0.009946 -0.7618550000000001 -0.211669
6400 2.8484217900000006 7.29582453 -1.2644207100000002 0.792979 -0.388382 0.266683
6420 1.8934084800000002 7.705970820000001 -1.59238863 1.001684 0.12288699999999997 0.633886
6440 1.48850073 8.177645430000002 -1.35363285 0.728809 0.102946 0.795443
6460 1.14467004 8.98865775 -1.4162010300000003 0.986728 -0.27707600000000004 0.235847
6480 1.30573062 9.206459370000001 -0.8476919100000001 1.965667 -0.327575 0.29402399999999995
6500 1.6190325900000002 9.820928339999998 -1.2240035100000002 2.680295 -0.257967 0.648235
6520 2.29592259 10.54916388 -1.5627526200000001 3.163416 -0.255342 1.170762
6540 2.86414722 11.11528917 -1.3919507100000001 3.2721 -0.187831 1.508993
6560 3.07849572 11.54204379 -0.52315749 3.226326 -0.13855599999999998 2.012811
6580 4.15490778 12.38255478 0.8535288600000001 2.267943 0.456311 2.199771
6600 3.98650932 12.21789393 1.43027838 0.846357 0.180596 1.7864060000000002
6620 3.6182713500000006 12.598100100000002 0.31210515000000005 1.304773 -1.681868 0.9481
6640 4.16882817 13.65101721 -0.95366934 1.459886 -2.269616 0.7427010000000001
6660 3.93231888 13.684842090000002 -0.09759969 2.155511 -1.7840669999999998 0.992629
6680 2.30759649 12.986840970000003 1.89086769 2.648253 -2.089368 0.724066
6700 -1.12596237 12.810211920000002 1.1300040900000001 2.502682 -2.069235 0.6108600000000001
6720 -4.52808018 14.675632470000002 -2.44635894 2.1338060000000003 -1.295741 0.372283
6740 -3.2885082000000003 16.02118188 -3.86017614 2.042335 -0.5782609999999999 0.314109
6760 -0.41389371 13.078603710000001 -3.2470511400000004 2.0462290000000003 -0.546778 0.429464
6780 0.8071177500000001 11.55806352 -3.66064074 1.803111 -0.765333 0.417363
6800 2.24009388 10.86589935 -3.9275316 1.25851 -0.767169 0.283239
6820 4.44754989 11.185185420000002 -2.8719265500000004 0.613406 -0.588587 0.13963499999999998
6840 3.54792384 11.001218490000001 -2.1718359 -0.072367 -0.308229 -0.112274
6860 2.20671045 12.556790190000001 -0.11211849 -0.7311770000000001 -0.094441 -0.257087
6880 1.32698889 11.83034988 2.83016538 -1.334833 0.5526 -0.371091
6900 -1.52218827 7.092845820000001 1.25454204 -1.787394 1.452227 -0.37861
6920 -0.8617594500000001 6.674920200000001 -2.62778508 -2.390398 2.238839 -0.498129
6940 1.0827002700000001 6.86442978 -5.504057459999999 -1.087311 2.071181 -0.991945
6960 0.997677 7.878263850000001 -3.9939943500000004 -0.612847 0.178585 -0.438208
6980 0.31285071000000003 6.7329954 -0.73033488 -1.7765959999999998 1.4069 0.024244
7000 -0.7707520800000001 5.35840839 0.09834525 -1.6620720000000002 -0.312077 0.362668
7020 -0.33200964 4.52718747 -1.7354870999999998 -2.023023 0.711024 0.034096
7040 0.37632141 5.6098877400000005 -3.84131151 -2.132581 1.404101 -0.298706
7060 0.6019023600000001 5.883518070000001 -4.32870174 -1.929879 1.058455 -0.882233
7080 0.9379537200000001 4.74124167 -4.1444307 -1.682348 0.532628 -0.935378
7100 1.3817777400000002 3.34688751 -4.066294050000001 -1.591575 0.356373 -0.892857
7120 1.19840922 2.5093783800000002 -4.44605877 -1.591204 0.531878 -0.560862
7140 0.99782415 2.398309560000001 -5.74609959 -1.650205 0.737521 -0.520945
7160 1.92289734 3.0650265900000004 -6.456225870000001 -1.783975 1.115119 -0.527705
7180 2.42899524 3.60914805 -7.33250412 -1.759565 1.797879 -0.528409
7200 3.6301022100000004 3.49298784 -5.97542796 -1.5734290000000002 2.264301 -0.6473479999999999
7220 3.3849110700000002 3.72590667 -5.34403674 -1.526831 1.7409740000000002 -0.618578
7240 -3.5155900800000004 13.86895617 -29.663360280000003 -1.537578 1.063287 -0.5665100000000001
7260 7.10602065 24.59325798 -5.08208031 -1.436046 0.427879 -0.528667
7280 7.610323320000001 12.722490900000002 7.75207782 -1.235336 0.013729 -0.496824
7300 -0.9383951700000001 5.798043540000001 -9.57184263 -0.7274520000000001 0.017311 -0.500758
7320 -0.7568218800000002 2.1356075700000003 -1.9681116300000001 -0.457608 0.12877 -0.369762
7340 0.8496342900000001 6.93567981 -2.9675740500000005 -0.484629 0.047916 -0.373051
7360 1.56619593 10.79809263 -0.8660954700000001 -0.404435 0.223813 -0.474198
7380 3.1611253500000003 12.7136619 -1.52652429 -0.35635700000000003 0.5663020000000001 -0.383502
7400 2.29592259 13.06169127 -2.3433735600000007 -0.46604 0.836253 -0.397433
7420 1.02776427 11.698326900000001 -2.1900923100000007 -0.6169859999999999 0.630484 -0.49009
7440 -0.25896438000000005 9.39835278 -1.44479718 -0.659497 0.099433 -0.5837100000000001
7460 -0.09939492000000001 8.01582948 -0.6815301300000001 -0.624513 -0.258337 -0.654578
7480 0.87718077 7.3169356500000005 -0.5201654400000001 -0.506467 -0.571972 -0.645874
7500 1.3397124600000003 7.066653120000001 -0.85277349 -0.252681 -0.688512 -0.493333
7520 2.39546466 7.11380979 -1.0270187100000001 0.428646 -0.419632 -0.126791
7540 3.505113 7.14898845 -0.8918467200000001 0.979754 -0.017726 0.386085
7560 4.032616320000002 7.395072300000001 -1.09691496 1.044958 -0.060064 0.793587
7580 3.51977895 7.60044465 -0.89333784 1.018687 -0.1794 0.822399
7600 2.56387293 8.581356360000001 -0.40146444000000003 1.284736 -0.046395 0.630739
7620 1.5832555200000002 10.06088094 -0.45206442 1.998153 -0.042693 0.950843
7640 0.75638043 10.428216390000003 -1.34300862 2.825969 -0.28086300000000003 1.451517
7660 1.42428447 9.98064495 -1.9401138900000001 3.357816 -0.49941 1.830458
7680 2.3695760700000004 10.48315239 -0.7445495700000001 3.04121 0.080058 2.114855
7700 3.59462925 11.141481870000002 -0.05568156 2.074265 0.7034699999999999 2.097688
7720 4.69872513 12.006684630000002 0.77553936 0.952365 -0.08998300000000001 1.4285709999999998
7740 4.56894864 12.845537730000002 0.29728224000000003 1.227088 -1.454585 0.654573
7760 4.36223232 13.58499591 -0.97641873 1.674037 -2.1944470000000003 0.407611
7780 4.6937907 13.436354790000001 -1.4257854 2.58052 -2.336919 0.352168
7800 3.88876248 12.59945388 -0.41793543000000005 2.980454 -2.174203 0.073811
7820 1.66199058 12.43508733 1.07296875 2.64922 -1.62953 0.015252000000000003
7840 -0.33500169 13.37333535 0.4451778 2.486872 -1.2252120000000002 -0.254524
7860 -2.6304828300000005 13.460310810000001 -2.48348979 2.2945580000000003 -0.794239 -0.23826
7880 -2.86085106 14.471005680000001 -4.5494856000000015 2.283836 -0.7836390000000001 -0.215916
7900 -1.38027681 13.917908070000001 -4.02722082 2.215251 -1.302285 -0.192229
7920 0.87193242 11.19163059 -3.72320892 1.787523 -1.433232 -0.108523
7940 2.68331949 10.41294222 -4.02647526 1.230177 -1.240808 -0.06032000000000001
7960 4.73210856 10.6659225 -3.8124210600000006 0.716007 -0.761727 -0.074139
7980 5.85133146 10.96349904 -1.3418117999999999 0.195284 -0.044141 -0.053059
8000 3.8669058 13.576618170000001 2.9334450600000004 -0.494967 0.5076609999999999 0.015119999999999996
8020 0.11570895 10.46144286 3.45721077 -1.202192 1.201783 0.204775
8040 -2.95994187 7.0421085 -0.9455859000000001 -1.7665529999999998 1.792402 0.313308
8060 -2.53228473 7.2823554 -5.20003575 -1.589752 2.83511 0.475576
8080 -1.4923952999999999 8.158035240000002 -6.762788370000001 -1.138783 2.277615 0.705904
8100 -0.35745678 8.34305184 -3.07505241 -1.582387 -0.216425 -0.182759
8120 1.03510215 8.12106135 0.49576797 -1.740737 1.618496 0.091521
8140 1.12176369 5.09585355 -0.8840575800000001 -1.576437 0.673958 -0.14113
8160 0.54441576 5.136722010000001 -3.4359525000000004 -1.6534490000000002 0.535903 -0.714058
8180 0.8834591700000001 5.9680900800000005 -4.651431120000001 -1.762727 1.105308 -0.756143
8200 1.4277277800000001 5.45555682 -4.475547629999999 -1.854185 1.220477 -0.706723
8220 1.7443259100000001 4.33992438 -3.86421786 -1.653998 0.8661209999999999 -0.975131
8240 0.8652027600000002 3.52876491 -3.81032172 -1.512707 0.881957 -1.061759
8260 -0.10568313 3.15738774 -4.60876743 -1.626831 1.226039 -0.962584
8280 -0.54336609 2.15088174 -5.77154673 -1.785554 1.3658 -0.877346
8300 0.4770603 2.19503655 -5.497916399999999 -1.783657 1.242614 -0.709464
8320 1.6197781500000001 2.65248666 -6.03934011 -1.7893169999999998 1.257197 -0.6219279999999999
8340 2.689902 3.36604644 -7.19643942 -1.806315 1.28809 -0.6071310000000001
8360 5.93560917 4.104317610000002 -8.86261887 -1.812792 0.869166 -0.534
8380 5.09810004 5.07175038 -13.33037736 -1.623818 0.329858 -0.628129
8400 2.09190402 17.0516439 -9.43936839 -1.558919 -0.042832 -0.723338
8420 5.946537510000001 13.88108133 -1.63998675 -1.491961 -0.073001 -0.696126
8440 1.88653167 12.95331039 -10.801683090000001 -1.375682 0.094223 -0.524613
8460 -1.27160163 8.500227660000002 -4.36387059 -1.339438 0.148181 -0.46354
8480 1.21517451 7.221729600000001 -2.77972236 -1.249124 0.006423000000000001 -0.5225479999999999
8500 2.12422797 7.323223860000001 -3.9896583300000006 -1.014735 -0.510112 -0.490339
8520 1.46440737 8.90557686 -3.3459948 -0.8203 -0.30589 -0.581109
8540 1.67262462 10.025251019999999 -1.99804194 -0.812391 0.138818 -0.709811
8560 2.9651804100000003 10.5127884 -1.4283261900000002 -0.7069350000000001 -0.000687 -0.812513
8580 3.65180193 10.62730053 -1.8203632200000002 -0.726726 0.094239 -0.824523
8600 2.99377656 9.84398184 -1.3214560499999999 -0.6993229999999999 0.003659 -0.840239
8620 3.0416787900000006 8.430321600000001 -1.2543948900000002 -0.767672 -0.205073 -0.796652
8640 3.7320379200000002 7.930060650000001 -1.24435926 -0.663265 -0.446307 -0.766771
8660 3.9645054900000005 8.327032110000001 -1.70435997 -0.398937 -0.304222 -0.564281
8680 2.69379657 8.06732217 -1.3668076800000002 0.004987 -0.211576 -0.373572
8700 1.96077375 7.537729320000001 -1.1135331000000002 0.807457 -0.24805500000000005 -0.20555
8720 1.91751165 7.603583850000001 -0.94767543 1.412696 -0.082129 0.132819
8740 1.73893041 7.4818908 -1.12132224 1.656766 0.037865 0.54884
8760 1.6278615900000002 7.59685419 -1.2506474699999999 1.775602 0.518345 0.70181
8780 2.0839677300000004 8.61593661 -1.1826936000000001 1.879967 0.748894 0.499281
8800 1.9742428800000003 9.858794940000001 -1.73729214 2.141562 0.128872 0.546768
8820 1.7899816499999999 9.91852803 -0.58573548 2.667613 -0.457066 0.898366
8840 1.96840593 9.71495091 -0.23800041000000002 2.760843 -1.008308 1.207371
8860 1.8989511300000002 11.39760135 0.19923129 2.432356 -1.021702 1.644133
8880 2.46312423 12.63177783 1.6548096600000002 1.975163 -1.026984 1.7627240000000002
8900 2.4354306 13.15195308 1.13553693 0.832208 -1.193276 1.183454
8920 2.18979801 12.270132180000003 1.03570056 0.038613 -1.297639 0.797758
8940 2.0755801799999998 12.982053690000003 0.6779396700000001 0.063961 -0.7571720000000001 0.6829430000000001
8960 1.75240935 13.4856108 0.23545962 0.7064630000000001 0.06594 0.745128
8980 1.0310604300000001 13.201797690000001 -1.03329711 1.160356 -0.094262 0.72073
9000 2.0251371600000003 13.61823219 1.08583947 1.031643 -0.334214 0.632544
9020 2.498607 11.043882180000002 2.27467413 0.840743 0.350534 0.587604
9040 1.05620346 10.65184515 0.27692649 0.878541 0.579878 0.477548
9060 -1.00261143 12.56411826 -2.55294459 1.066093 0.32439 0.270882
9080 -1.31980797 13.73079213 -3.42233622 1.018755 0.403668 0.199947
9100 -0.17738442000000001 11.69936676 -4.49095914 0.702443 0.5453140000000001 0.216784
9120 1.8544922099999999 10.215211859999998 -4.537664550000001 0.372792 0.547535 0.21341
9140 4.55098653 9.30285243 -4.24592496 0.103097 0.551858 0.16558699999999998
9160 4.78824138 8.62656084 -2.45295126 -0.17313199999999998 0.674808 0.027836
9180 2.8382488200000004 9.409281120000001 0.03981879 -0.481988 0.872541 -0.13480799999999998
9200 0.025594290000000002 10.50036894 2.6485920899999997 -0.77381 1.216492 -0.380842
9220 -1.8709632 8.67415896 2.5108793100000004 -1.006238 1.4432120000000002 -0.665834
9240 -2.04100974 7.330856040000001 -0.16226721000000002 -1.340159 1.33181 -1.021606
9260 -1.4299742700000002 7.361845830000001 -3.40811172 -1.733162 0.8405219999999999 -1.430714
9280 -0.9216298800000001 8.14067154 -4.13410077 -1.906854 0.184771 -1.660754
9300 -0.30701375999999997 7.670203560000001 -1.2301445700000002 -1.531639 -0.668376 -1.488261
9320 0.3010198500000001 6.809189669999999 -0.13127742 -0.030499 -0.189638 -0.766953
9340 0.45999090000000004 6.63225651 -1.61738451 0.6651020000000001 2.267016 0.993051
9360 -0.88077123 6.72057594 -2.37570732 0.464636 1.771805 1.663128
9380 -0.5980077900000002 6.91442154 -2.1582098100000007 -0.150224 1.18914 1.387184
9400 0.59066991 7.061414580000001 -1.42308765 -0.774073 1.338709 0.755588
9420 1.33702452 6.744679110000001 -1.4522822100000001 -1.448038 0.903974 -0.231327
9440 1.21068153 6.4595220300000005 -1.94386131 -0.814821 -0.729963 -0.562368
9460 0.78347565 5.939650889999999 -2.3213697300000002 0.533326 1.7012509999999998 0.068843
9480 0.48753738 5.47306767 -2.54470419 -0.383633 3.031711 0.082098
9500 0.53603802 5.19929019 -2.85680934 -1.154794 1.537818 -0.752451
9520 0.68976072 5.541031350000001 -3.44224071 -0.881791 0.644676 -1.144642
9540 1.17146115 5.7109209299999995 -3.7474592400000004 -0.979571 1.173619 -0.935563
9560 2.02169385 4.707563940000001 -4.28633235 -1.624802 1.552946 -0.13298
9580 2.6249401800000003 5.07115197 -4.8096468 -1.850291 2.067871 0.229049
9600 4.27690494 7.29792387 -5.63263713 -1.51254 2.004648 0.029595
9620 6.2406707400000005 13.36421205 -8.435707290000002 -1.069265 1.914445 -0.174428
9640 11.694128220000003 20.35646613 -9.8996634 -0.706846 2.412303 -0.315676
9660 11.794278510000002 13.469443920000002 -8.192017080000001 -0.467589 2.803118 -0.221571
9680 8.104894470000001 8.195156279999999 -7.0597665 -0.197996 2.64709 -0.064596
9700 2.24712765 6.7898835900000005 -1.8010571400000002 -0.042495 2.551993 0.138506
9720 -4.278847320000001 5.7392129700000005 1.4436003599999998 -0.012812 2.369337 0.236156
9740 -7.93649601 10.88296875 -2.64304944 -0.109371 1.803895 0.265048
9760 -5.6339811 17.387391150000003 -7.29897354 -0.265924 1.578803 0.214037
9780 6.362216640000001 15.85008567 2.89976733 -0.209274 1.404695 0.015966
9800 2.5584774300000004 10.015225200000001 5.20542144 -0.193185 1.192515 -0.216522
9820 -4.343220540000001 8.773259580000001 0.36823797 -0.236639 1.130324 -0.343864
9840 -5.160972330000001 8.63419302 0.14804271000000002 -0.286575 1.183733 -0.336804
9860 1.0235754000000001 9.32306103 1.9080842400000002 -0.409303 1.2011040000000002 -0.312046
9880 2.83854312 10.829975130000001 2.6608644000000004 -0.518 1.012843 -0.2912
9900 1.78384059 8.93896029 2.3656815 -0.341289 0.951402 -0.264249
9920 0.02529999 8.3899044 1.31187168 -0.150676 1.046971 -0.086784
9940 -0.37257399 9.1937358 0.95067729 0.039846 1.477517 -0.029389
9960 -0.164808 9.07203294 1.15664805 0.310021 1.611551 0.050307
9980 0.5601313800000001 8.99090424 1.40392872 0.562336 1.581548 0.14183800000000002
10000 1.5443392500000002 9.35434512 1.68174792 0.870007 1.601111 0.310605
10020 3.63220155 10.10264211 1.8000074700000002 1.228101 1.5009629999999998 0.535425
10040 4.97400354 9.67602483 1.9606266 1.811784 1.113142 0.843374
10060 4.28933421 8.42867352 2.09788812 2.22322 0.5611470000000001 1.33086
10080 4.691544210000001 9.739642680000001 1.8106317000000003 2.622877 -0.256097 1.5611620000000002
10100 2.8951272 9.41915979 0.60773931 3.084817 -0.5865239999999999 1.475081
10120 1.8209616300000002 9.337432680000001 0.028439190000000003 3.881127 -0.523358 0.973157
10140 1.7780036399999999 9.26947881 0.7750881000000001 3.908791 0.511147 0.120652
10160 2.18485377 9.52618689 1.2064926599999997 3.178818 1.910063 -0.097748
10180 3.03075045 9.52558848 1.32908823 2.689356 1.975746 0.150849
10200 2.96878068 9.08550207 0.8885505600000001 2.304721 1.774153 0.547936
10220 3.45945726 9.9230112 2.21988528 2.226323 0.940453 0.779193
10240 2.75607045 10.953021960000001 2.08621422 2.149853 0.407669 0.881891
10260 2.22766461 11.511809370000002 1.32205446 1.815208 0.269098 0.660745
10280 1.26755991 11.30913477 -0.11001915 1.300486 0.415595 0.43584
10300 1.6368475500000002 11.26647108 -0.8497814400000001 0.780724 0.860406 0.206245
10320 2.4813904499999997 11.13040638 -0.64964763 0.459895 1.24884 0.049682
10340 3.2714486100000006 10.993135050000001 -0.55340172 0.250039 1.566878 -0.180791
10360 3.5248703400000005 11.577820860000001 0.17499078 -0.048275 1.902282 -0.415109
10380 1.5290748900000002 11.45761893 0.283509 -0.593507 2.349423 -0.672659
10400 -0.29264211 10.391988060000001 0.16660323000000002 -0.981318 2.622647 -0.997252
10420 -2.1734839800000003 11.14103061 -0.40340682000000005 -1.087813 2.735439 -1.405133
10440 -4.20699888 15.26525271 -1.30184586 -1.036855 2.239657 -1.608172
10460 -6.0038671500000005 16.458874650000002 0.01886463 -0.6008 1.2963559999999998 -1.054852
10480 -3.4148511900000003 12.171335670000001 2.5134201000000003 -0.652991 1.810466 0.158693
10500 2.20446396 9.73006812 1.10844171 -0.487062 3.132402 1.363113
10520 6.24081789 9.53891046 -1.8149775300000002 -1.45548 3.157267 1.312519
10540 6.1330452300000005 10.693164870000002 -3.81780675 -0.630811 0.06337000000000001 -0.115583
10560 3.2067810900000002 10.129433220000001 -2.7584640900000004 0.261925 -2.099503 -0.797715
10580 0.4090966200000001 8.27448975 -1.08898848 0.041422 1.132595 -1.683612
10600 -1.71378738 7.06680027 -0.30147111000000004 -0.109028 1.7959009999999995 -1.72931
10620 -1.5998736599999999 5.61273264 -1.05455538 -0.775317 1.140447 -1.075099
10640 -0.45790137000000003 5.103632879999999 -1.1720595600000001 -1.399143 1.547344 -0.259583
10660 0.38529756 5.69730465 -1.45063413 -1.4078959999999998 2.029827 0.035635
10680 0.67434921 5.67889128 -2.20985946 -1.116897 2.093086 -0.318132
10700 1.7371351800000001 4.37929191 -3.0979587600000005 -0.807843 1.7086849999999998 -0.626333
10720 2.42540478 3.46335183 -3.63639042 -0.484809 1.868409 -0.8892
10740 1.78279092 2.7764262 -3.9923462700000005 -0.349335 2.068341 -0.921625
10760 1.83803103 3.9489370200000002 -3.5154429300000003 -0.204841 1.945286 -0.909776
10780 4.74079041 7.019055000000001 -3.18477726 -0.180437 1.561216 -0.788404
10800 9.51900597 11.0191806 -3.3437483100000005 -0.23723400000000006 1.222946 -0.595019
10820 11.12381406 14.362928910000003 -8.79481215 -0.34047 0.901203 -0.49812
10840 12.202923870000001 18.16382322 3.0566390400000003 -0.438206 0.737568 -0.517821
10860 1.5350589900000002 15.29414316 2.52420129 -0.598801 0.545583 -0.5859949999999999
10880 -8.51175441 12.551100390000002 -7.26409899 -0.641461 0.569087 -0.566026
10900 -7.035221880000001 8.19680436 0.65399346 -0.358402 0.60978 -0.598284
10920 -0.09939492000000001 9.1129014 2.0651031 0.062843 0.401374 -0.527777
10940 3.5976213 12.277921319999999 3.8384666100000002 0.5164350000000001 0.378834 -0.346187
10960 5.00873094 13.373041050000001 2.7364602600000003 0.8762989999999999 0.410981 0.093189
10980 4.3146243900000005 10.726097039999999 0.31359627000000007 1.271751 0.356451 0.5991529999999999
11000 1.84611447 10.223442450000002 -0.28785483 1.758433 0.080558 1.238498
11020 1.0431855900000004 9.55478304 0.03907323000000001 2.325549 -0.521922 1.6950900000000002
11040 1.5501762000000001 9.16648362 0.8226862200000001 3.105601 -1.475884 1.420818
11060 2.43917802 8.7861303 1.21068153 3.942984 -0.638073 1.101923
11080 2.9653373700000003 8.47762542 0.40340682000000005 4.495753 0.716376 0.768626
11100 3.05724726 7.721539290000001 0.1938456 4.010447 1.568774 0.878444
11120 3.3179970600000006 7.75867014 1.00456362 3.614465 0.75983 1.055108
11140 4.32705366 8.9219007 1.11338595 3.145982 -0.408391 1.098198
11160 4.59229644 9.430539390000002 0.6655202100000001 2.815407 -1.077327 1.104223
11180 4.1634424800000005 9.31916646 -0.60250077 2.581428 -1.209435 1.044006
11200 3.62785572 9.11679597 -1.32414399 2.558511 -1.431562 0.935172
11220 3.44927448 9.071738640000001 -1.5193433699999999 2.743481 -1.490204 0.7880560000000001
11240 3.62321559 8.89794468 -2.04070563 2.724085 -1.239068 0.606001
11260 4.61430027 9.352854 -0.9282222 2.416984 -0.966348 0.603507
11280 4.09159404 10.00429686 0.2860596 1.917848 -0.769349 0.522856
11300 3.6016630200000006 11.434575240000001 0.24428862 1.514831 -1.075294 0.392246
11320 3.4813139400000006 12.91364856 0.8707356 1.207263 -1.359907 0.172545
11340 0.6837766200000001 15.24429855 0.029184750000000002 0.643408 -1.199496 -0.026015
11360 -3.55091589 14.90974812 -1.83743262 0.083971 -0.714408 -0.170482
11380 -4.56116931 13.30927605 -3.14196642 -0.326782 0.140689 -0.267382
11400 -3.4319107800000004 15.898292010000002 -1.3843185300000003 -0.7366149999999999 0.60436 -0.247338
11420 -1.4070777300000001 15.821646480000002 -2.8369048500000003 -0.977698 0.6604 -0.199955
11440 1.2802834800000003 14.68476558 -2.8331574300000004 -1.211561 0.699217 -0.114045
11460 3.1874750100000004 12.09214935 -2.348769060000001 -1.403476 0.7923020000000001 -0.049275
11480 3.4886420100000004 10.724144850000002 -1.6266647700000003 -0.997918 1.072076 -0.036118
11500 2.77163892 11.28458034 -1.57098321 0.822466 1.126473 -0.033086000000000004
11520 1.37998251 10.67520276 -1.9116747 0.553929 -0.229958 -0.514992
11540 0.6017454 9.33908076 -3.26441484 -0.5832609999999999 0.104908 -0.686802
11560 0.90890631 8.17839099 -2.65727394 -1.152705 0.611842 -0.957417
11580 1.1277576 6.73853805 -2.25416142 -1.260169 1.765241 -1.0568540000000002
11600 1.8511960500000002 4.960534409999999 -2.6837707500000003 -1.538551 1.957147 -1.121001
11620 1.9127243700000003 3.5968659300000003 -3.6324958499999997 -1.415602 1.636744 -1.0225229999999998
11640 1.80194985 3.8455003800000003 -3.9941415000000005 -1.409766 1.352088 -0.704856
11660 1.4063223599999999 3.4376005800000002 -3.94953543 -1.608298 1.481078 -0.555789
11680 0.43305264000000004 2.0555285400000005 -4.150267650000001 -1.626167 1.518515 -0.578394
11700 0.26973576 0.47615778 -4.43303109 -1.6109 1.413717 -0.757614
11720 0.6405145200000001 0.33679692000000006 -5.65150176 -1.539365 1.432505 -0.988943
11740 1.0779129900000002 2.2676305500000007 -6.75754983 -1.517069 1.609409 -1.025334
11760 1.1811926700000002 3.0502036800000005 -6.971604030000001 -1.48714 1.6931759999999998 -0.953661
11780 1.96780752 3.7513538100000012 -7.500451320000001 -1.463268 1.698863 -0.798609
11800 2.7870504300000003 4.74947226 -8.28677187 -1.436383 1.6269209999999998 -0.679757
11820 3.7558369799999998 6.618934530000001 -10.513985220000002 -1.461678 1.542514 -0.595436
11840 6.006113640000001 14.59749582 -15.25986702 -1.383377 1.409038 -0.5840350000000001
11860 2.76924528 15.566125410000001 -10.853479890000003 -1.352829 1.148745 -0.5193949999999999
11880 -0.90861201 5.79385467 -3.1394256300000003 -1.326327 0.879115 -0.513524
11900 -1.37474397 4.46940657 -5.6616747300000005 -1.173541 0.853318 -0.588267
11920 1.49793795 6.249352590000001 -5.517075330000001 -0.997926 1.011265 -0.811569
11940 0.46807434000000003 8.639882819999999 -4.190832 -0.944571 1.125568 -0.937393
11960 1.1332904400000001 12.99791646 -5.362901370000001 -1.140023 1.139852 -0.87682
11980 1.7085488400000002 12.012070320000001 -5.786369639999999 -1.126935 0.989507 -0.853035
12000 1.9164619800000002 8.97039153 -3.70419714 -1.004665 1.0087549999999998 -0.977188
12020 1.9205037 8.904978450000002 -3.57382224 -0.685886 0.749736 -0.947923
12040 2.0311310700000003 10.433150820000002 -2.9015625600000003 -0.515998 0.362433 -0.677049
12060 1.6600482 10.83297699 -2.21449959 -0.440747 0.158124 -0.532051
12080 1.79551449 10.84419963 -1.6426844999999999 -0.330102 -0.041898000000000005 -0.4242
12100 2.28829041 10.47925782 -1.7691746400000001 0.086162 -0.333683 -0.277776
12120 2.30820471 10.193502330000001 -1.6769606400000001 0.937861 -0.159057 0.068712
12140 2.84408577 9.342219960000001 -1.6994157300000001 1.496434 -0.089164 0.486994
12160 3.56947641 8.06059251 -1.71019692 1.642384 0.055495 0.681176
12180 3.31859547 7.48772775 -1.98471996 1.552141 -0.009578 0.516123
12200 3.44283912 6.9960015 -1.5602020200000002 2.457582 -0.025766000000000004 0.5822890000000001
12220 3.45347316 6.480319230000001 -1.9443027600000002 3.534032 -0.06539600000000001 1.034239
12240 2.9885380200000005 6.822060390000001 -2.4448678200000002 3.553321 0.718477 1.326062
12260 2.7541182600000003 8.111035529999999 -2.2935289500000002 3.097674 1.1590200000000002 1.308428
12280 3.09301452 9.23220081 -1.86871671 2.188226 1.103304 1.112003
12300 2.6972398800000006 10.624455629999998 -1.43506566 1.184805 0.6935720000000001 0.817099
12320 2.6912557800000005 11.768978520000001 -0.7137167400000001 1.066045 0.323504 0.757992
12340 3.1042469700000006 12.708119250000001 -0.15103476000000002 1.5159790000000002 -0.062185 0.915453
12360 2.9412342 13.3583751 -0.90082287 2.188403 -0.8214969999999999 0.807891
12380 3.8740965300000005 13.55131818 -1.5911918100000002 2.6115150000000003 -1.131051 0.597599
12400 5.423223060000001 12.648395970000003 -1.5593093100000002 2.302969 -1.067682 0.469312
12420 5.3501778 9.96118191 -1.79746668 2.183259 -0.821526 0.287631
12440 3.5531623800000003 9.767787570000001 -1.74671955 2.364357 -0.675137 0.019517
12460 1.6374459600000002 11.80370592 0.39562748999999997 2.386335 -1.058617 -0.270395
12480 0.5402268900000001 12.101586569999998 1.4257854 2.100262 -1.261467 -0.443049
12500 -2.38888215 11.14253154 -0.87133401 1.600901 -1.138939 -0.548175
12520 -3.7032946200000003 14.701530870000003 -5.05782999 0.996972 -0.987411 -0.6220220000000001
12540 -0.8195470199999999 15.60744513 -4.6707372000000005 0.36684 -0.5479510000000001 -0.7498319999999999
12560 1.41860448 12.1497831 -3.9187026 -0.319633 0.293898 -0.757842
12580 1.18807929 10.693164870000002 -3.06756738 -1.1591280000000002 1.163457 -0.636634
12600 0.34338924000000004 11.627518320000002 -1.8946053 -1.853018 1.89302 -0.5302520000000001
12620 -0.7289811 12.5633727 -0.7111759500000001 -2.191456 2.636362 -0.448111
12640 -2.08306521 10.308465720000001 0.98151012 -2.541989 2.730309 -0.461362
12660 -0.9767228400000001 8.48390382 0.6965001900000001 -2.286212 1.591044 -0.8277200000000001
12680 0.8361651600000001 7.95505653 -1.99609956 -2.012651 3.093273 -0.845894
12700 1.58700294 8.11537155 -5.6896724700000005 -1.620274 2.457029 0.479052
12720 1.15724646 7.972420230000001 -5.61572469 -1.405897 -1.0666870000000002 0.771349
12740 1.55990772 7.50643542 -1.9978947900000001 -1.686293 -0.724222 0.354481
12760 2.2091040900000003 6.8633801100000005 -0.5084915400000001 -1.739745 -0.485733 -0.098056
12780 1.6949227500000001 6.43616442 -3.60869679 -1.591042 -0.266587 -0.683752
12800 0.6674625900000001 6.62911731 -5.400620820000001 -1.591858 0.16726300000000002 -1.019735
12820 1.2855220200000002 6.5735829 -4.02348321 -1.596284 0.4408760000000001 -0.709264
12840 1.69283322 5.68622916 -3.2250473100000003 -1.787017 0.870398 -0.331928
12860 0.9017253900000001 4.3767511200000015 -3.2545361700000006 -1.846026 1.012483 -0.115673
12880 -0.45849978 3.0109931100000003 -4.20161319 -1.745043 0.86326 -0.182074
12900 -0.11750418000000001 2.14938081 -5.22189243 -1.6760400000000002 0.851994 -0.35463
12920 1.17475731 2.70307683 -5.71706199 -1.691352 0.451823 -0.434341
12940 1.94580369 2.7503806500000003 -6.0153939 -1.545112 0.158655 -0.5066510000000001
12960 2.7378042300000005 2.85367014 -5.93396109 -1.380439 -0.07808 -0.588519
12980 3.20364189 3.7420637400000003 -5.24883069 -1.17336 -0.005607 -0.7762399999999999
13000 1.6381915200000001 1.9154123100000002 -6.71758389 -1.094448 0.14039400000000002 -0.8591979999999999
13020 -3.2763830400000002 9.568556280000001 -8.188269660000001 -1.002636 0.228192 -0.7838930000000001
13040 10.181082870000001 23.194420650000005 -3.1949600400000007 -0.796708 0.380279 -0.634167
13060 11.44909404 22.78770786 -9.4573305 -0.8564129999999999 0.38901 -0.634595
13080 5.318589600000001 4.90335192 -2.24742195 -0.959609 0.44257 -0.8853479999999999
13100 0.11286405000000001 0.84633813 -3.68025093 -0.94264 0.3777 -0.927876
13120 -1.6886345399999998 5.338199790000001 -1.4684490900000002 -0.825261 -0.009737 -0.844306
13140 -0.34518447 9.7869465 -1.13269203 -0.5962569999999999 -0.213411 -0.724941
13160 1.20828789 14.59764297 -2.07573714 -0.229889 -0.207829 -0.573906
13180 3.1304396700000003 13.64143284 -1.28956374 0.232806 -0.247822 -0.298227
13200 4.189939290000001 9.99606627 -1.5962832 1.103138 -0.031330000000000004 0.218185
13220 2.65906917 8.50681017 -1.9237998600000001 1.540207 -0.12101 0.687098
13240 2.215392300000001 7.765851060000001 -1.5507746100000002 1.389526 0.058599 0.922961
13260 2.19309417 7.241486940000001 -1.3843185300000003 1.425945 -0.027448 0.5654710000000001
13280 3.63488949 6.5386985399999995 -1.16053281 2.128832 -0.039719 0.361025
13300 2.48677614 6.25833855 -1.24735131 2.942651 0.15673 0.6110800000000001
13320 1.36097073 6.85678779 -1.4394114900000001 3.274261 0.295568 1.034098
13340 0.57569985 8.05878747 -1.4745803400000002 3.259983 -0.162773 1.38069
13360 1.14467004 10.06506981 -1.454823 3.225791 -0.274949 1.756609
13380 1.71139374 11.018582190000002 -1.3995927 1.954498 0.686446 1.6642439999999998
13400 1.7973097200000003 11.377539900000002 -0.91834353 1.292741 0.067802 1.102802
13420 2.12647446 10.929517200000001 0.10283823 1.845303 -1.790405 0.44995
13440 3.0566390400000003 11.15286147 0.5860297800000001 2.12893 -2.0737650000000003 0.203399
13460 3.4974808200000003 12.340783800000002 0.19534653000000002 2.6221810000000003 -1.016612 0.474681
13480 3.4729263900000005 14.339277000000001 -0.38620008 2.527936 -1.349651 0.458426
13500 3.75239367 13.987215720000002 -1.0326987 2.447547 -1.668005 0.221128
13520 3.5723213100000004 12.55260132 -1.41320898 2.2535830000000003 -0.795435 0.095809
13540 2.9789536500000002 12.64016538 -0.15462522000000004 2.302254 -0.7493920000000001 -0.005391
13560 1.88772849 12.96004986 2.1157030800000003 2.089515 -1.138314 -0.06299400000000001
13580 0.38140299 12.03497667 1.1105410500000001 1.570355 -1.05126 -0.071005
13600 -3.8082321900000005 12.716055540000001 -1.9140683400000003 0.955917 -0.815735 -0.095895
13620 -4.1553590400000004 15.016922370000001 -4.17901095 0.231397 -0.452787 -0.189015
13640 -1.97873586 12.813949529999999 -4.22601066 -0.570004 -0.085387 -0.26345
13660 0.95995755 11.36766123 -3.91061916 -1.355322 0.860059 -0.251987
13680 3.5401347000000003 10.77264549 -2.72358954 -1.852404 1.871503 -0.21189
13700 4.40653428 10.384355880000001 -2.41088598 -2.387756 2.696575 -0.151525
13720 4.16194155 10.78013052 -0.7488954 -2.680343 2.872317 -0.156999
13740 2.52360288 10.8885114 2.9018666700000004 -2.420078 1.49769 -0.809308
13760 -1.4069207700000002 9.13519953 2.0011909500000002 -1.232556 2.893722 -0.37124
13780 -3.9469946399999998 7.40749176 -2.26449135 -1.607653 0.323064 0.522467
13800 -2.10702123 7.384889520000001 -4.37794794 -1.851941 0.076725 0.26684
13820 1.42084116 8.144860410000001 -5.25422619 -1.871383 0.689295 -0.25751
13840 2.04130404 7.875271800000001 -2.17048212 -1.694906 0.986782 -1.010823
13860 0.5096883600000001 6.31566819 -0.38694564000000004 -1.66146 1.064233 -1.493525
13880 0.57330621 5.80342923 -2.8205810100000006 -1.6426349999999998 0.8041020000000001 -1.19289
13900 0.36240102 5.976467820000001 -4.5357221700000006 -1.72912 1.0739459999999998 -0.6682739999999999
13920 0.8072747100000001 5.773793220000001 -3.5780111100000003 -1.88054 1.220008 -0.300982
13940 1.50856218 4.93748091 -3.25318239 -1.794397 1.172779 -0.286433
13960 1.26846243 3.50032572 -3.83083443 -1.598291 1.369047 -0.520324
13980 0.23456691000000002 2.0360655000000003 -4.82910984 -1.57406 1.210599 -0.61075
14000 0.21615354000000003 0.9969314400000001 -5.63667885 -1.6669770000000002 0.761187 -0.563822
14020 0.9093575700000001 1.8751520700000002 -6.856493490000001 -1.591493 0.231465 -0.559411
14040 1.125207 2.8415449800000006 -7.51961025 -1.330915 -0.288883 -0.66161
14060 1.6265176200000002 3.85733124 -6.65396604 -1.074693 -0.216522 -0.863943
14080 2.3363397900000002 4.68570726 -4.627926360000002 -0.921401 0.118762 -0.927396
14100 -2.4171741900000003 8.41205538 -11.3573313 -0.703838 0.200692 -0.8255680000000001
14120 7.31633724 29.4963156 -8.95991445 -0.56815 0.396678 -0.6710470000000001
14140 11.01049875 19.079174700000003 -1.11383721 -0.58929 0.456344 -0.6552479999999999
14160 0.13472073 4.98657996 -4.82087925 -0.568814 0.41826 -0.739446
14180 -0.8467893900000001 0.82284318 -2.6779338 -0.343799 0.194689 -0.702336
14200 -1.80330363 5.81990022 -1.7055567900000002 -0.190367 -0.29280500000000004 -0.669661
14220 -0.018413370000000002 10.942240770000002 -0.9560629800000001 -0.024801 -1.112923 -0.583064
14240 2.7333112500000003 15.12993357 -1.7142386400000003 0.131518 -1.673807 -0.315267
14260 4.551280830000001 13.640088870000001 -1.2338821800000002 0.573245 -1.906281 0.161339
14280 3.81017457 9.66614616 -1.4974866900000001 1.352714 -1.405392 0.764346
14300 2.33005158 7.576047180000001 -1.6566048900000003 1.609024 -0.330414 1.311689
14320 1.74102975 6.386614110000001 -1.4060280600000001 1.2419639999999998 -0.047067000000000005 1.367514
14340 1.5828042600000003 5.97572226 -1.2234051000000001 1.0985120000000002 -0.036721 0.7704310000000001
14360 2.5215035400000003 6.5089153799999995 -0.51791895 2.381345 0.122605 0.840076
14380 3.10873995 7.32935511 -0.48304440000000004 3.629793 -0.195293 1.200649
14400 2.38603725 7.4383344 -1.19226816 3.855026 -0.355962 1.490848
14420 1.33822134 8.04262059 -1.15813917 3.520134 0.430115 1.538776
14440 0.42781410000000003 9.57588435 -1.69671798 2.374781 0.734681 1.491929
14460 0.5300441100000001 10.111019850000002 -1.43372169 1.509522 -1.630783 0.782822
14480 1.9267919100000002 10.753633709999999 -0.6768900000000001 1.185309 -2.188589 0.431963
14500 3.1350798000000006 10.47671703 -0.56477151 1.692753 -0.757833 0.7680279999999999
14520 3.9739329000000003 11.63650428 -0.67030749 2.857256 -1.3023 0.585648
14540 4.47823557 13.114527930000001 -0.054190440000000006 2.649133 -2.60943 0.24297
14560 4.79318562 14.15831193 -0.39861954000000005 1.893335 -1.6464740000000002 0.112543
14580 6.107598090000001 15.616872540000001 -1.9579288500000003 1.869251 -0.5535869999999999 0.154771
14600 7.51676535 14.75242515 -2.3472681300000002 1.980721 -0.8048649999999999 0.026617
14620 6.65770365 14.0440941 -1.10740185 1.701323 -0.937468 -0.136466
14640 3.51588438 12.70916892 0.8782206300000001 1.055659 -0.509095 -0.142593
14660 -0.08816247 11.409128100000002 1.9751454 0.26381 -0.222299 -0.048079
14680 -5.2078248899999995 12.08107386 -0.19774017000000002 -0.4784890000000001 0.008513 -0.115516
14700 -8.55545796 16.132849110000002 -4.05087273 -1.118744 0.458045 -0.355574
14720 -3.70584522 14.409487170000002 -4.2647797800000005 -1.6769889999999998 1.013266 -0.4573930000000001
14740 0.57779919 11.948599620000001 -2.6147672099999997 -2.237647 1.748618 -0.315905
14760 1.88667882 9.981694619999999 -3.5164827900000004 -2.500042 2.2671330000000003 -0.286355
14780 2.23141203 11.87061012 -3.4109566200000003 -1.810489 0.780076 -0.9002700000000001
14800 3.3940441800000003 13.46614776 -0.24069816 -1.577984 2.746817 -0.097863
14820 -0.42541065000000006 10.374025950000002 2.7834599700000004 -2.0206060000000003 0.793184 0.5307310000000001
14840 -3.29883813 6.796466100000001 3.30019191 -1.770485 0.003565 0.110474
14860 -0.04909905 6.5331657 -1.4760812700000003 -1.7481380000000002 0.554613 -0.516054
14880 3.9052334700000007 7.90880238 -6.92130816 -1.634809 0.7376590000000001 -1.100883
14900 0.77613777 7.1715906899999995 -4.64858622 -1.6840259999999998 0.7513890000000001 -1.294592
14920 -0.54112941 3.5920786500000004 1.5290748900000002 -1.648834 0.651737 -0.913932
14940 1.62606636 3.77664399 0.17468667000000002 -1.715909 0.930186 -0.42658
14960 0.28934595 4.79347992 -3.8115283500000006 -1.886914 1.011146 -0.278327
14980 -0.8764254 5.809423140000001 -4.94496594 -1.927184 1.201339 -0.386742
15000 -0.17109621 6.2424659700000005 -4.06554849 -1.807818 1.253753 -0.544072
15020 0.8854113600000001 4.9570911 -3.6256092300000002 -1.671109 1.056173 -0.536455
15040 0.6095345400000001 3.2153157900000005 -4.14757971 -1.577764 0.69155 -0.542813
15060 0.36479466 2.33349489 -5.89069899 -1.449577 0.289346 -0.505083
15080 1.48581279 2.7288280800000004 -7.53532587 -1.241545 0.02241 -0.531061
15100 2.32600986 3.8972971800000002 -8.05325463 -0.960175 0.126107 -0.5997319999999999
15120 2.5122232800000006 4.84317738 -4.88689074 -0.719507 0.21919 -0.643035
15140 0.8258352300000001 4.199366700000001 -5.69415564 -0.5665100000000001 0.382439 -0.574878
15160 -2.85262047 18.17565408 -10.53778428 -0.57289 0.637012 -0.56243
15180 11.939319359999999 22.36274847 0.8616123 -0.540989 0.6102810000000001 -0.565377
15200 4.19068485 12.50319816 -5.62545621 -0.5482630000000001 0.479025 -0.502235
15220 -0.15792137999999997 2.9636892900000005 -2.24562672 -0.6704359999999999 0.27843 -0.5818800000000001
15240 -1.38641787 3.94474815 -2.47136463 -0.591009 -0.088308 -0.5797869999999999
15260 -0.37916631 8.654705730000002 -0.7434999 -0.388662 -0.33113400000000004 -0.503287
15280 1.36186344 13.958178120000001 -0.86505561 -0.200978 -0.540773 -0.454705
15300 2.85291477 14.968421730000001 -1.19571147 0.036547 -0.720087 -0.30753800000000003
15320 3.4979222700000006 11.6638938 -1.66064661 0.7881630000000001 -0.371988 0.167284
15340 2.1465359100000003 9.32650434 -1.44539559 1.496197 0.366747 0.7598729999999999
15360 1.7624351699999998 8.06642946 -0.8885505600000001 1.630856 0.703885 1.047733
15380 1.55735712 6.9829836300000006 -0.71805276 1.489601 0.541553 0.740375
15400 1.51290801 6.7876371 -0.80936424 2.272228 0.46839 0.775845
15420 2.03800788 7.00049448 -0.9931840200000001 3.572559 0.148899 1.223309
15440 1.9999941300000001 7.29493182 -1.14646527 3.639112 0.393061 1.3783530000000002
15460 1.83353805 7.8659915400000004 -0.8849601 3.14156 0.7677039999999999 1.36051
15480 1.6497182700000002 8.88372999 -0.70907661 2.960307 0.089723 1.367591
15500 0.6836294700000001 9.7519248 -0.7909508700000001 1.975828 0.027591 1.242221
15520 0.50145777 9.55957032 -0.46104057 1.771061 -1.085357 0.8213379999999999
15540 1.8089836200000002 9.92480643 -0.37362366 1.839264 -1.930005 0.467178
15560 2.338733430000001 11.40208452 -0.32093415000000003 2.094272 -1.1226040000000002 0.798006
15580 3.24045882 11.22590673 0.66626577 2.899007 -0.973406 0.8846200000000001
15600 3.54597165 12.013119990000002 0.7038380700000001 2.781768 -1.655962 0.6485989999999999
15620 3.45376746 13.84410744 -0.15538058999999999 2.153906 -1.115702 0.35296500000000003
15640 3.75778917 13.918055220000001 -1.16098407 2.005224 -0.098571 0.267301
15660 3.6920719800000006 12.994924410000001 -1.72710936 2.0580000000000003 -0.601007 0.128377
15680 2.9181807 13.171259160000002 -1.8815874300000002 1.669662 -1.090676 0.1092
15700 0.9166954500000001 13.635595890000001 -0.08502327 1.00265 -0.849928 0.155507
15720 -0.8674492500000001 14.514719040000001 0.50265459 0.126157 -0.513402 0.141476
15740 -3.8077809300000003 15.34907916 -2.48244012 -0.696131 -0.121123 -0.00898
15760 -3.87768699 17.39757393 -5.40959697 -1.488273 0.463336 -0.027013
15780 -0.74545209 13.27529421 -4.34786067 -1.941581 1.53089 0.062456
15800 1.6991214300000002 10.225983240000001 -3.3126113700000004 -2.376409 2.916878 0.15698800000000002
15820 3.1681591200000003 9.592796790000001 -1.95852726 -2.280669 2.306218 -0.393832
15840 3.04526925 11.20210767 0.04161402 -2.539214 1.036776 -1.591488
15860 2.6110197900000003 12.39841755 0.40071888000000006 -2.224883 1.428116 -0.629462
15880 2.46687165 9.93185001 1.71049122 -1.646063 -0.139511 -0.181166
15900 -0.57660237 6.72791382 1.20364776 -1.398282 -1.035406 -0.662192
15920 -1.8525498300000003 6.14681847 0.38096154000000004 -1.519802 -0.618242 -0.982974
15940 0.01332198 6.33557268 -1.8990982800000002 -1.796125 0.11968 -1.197357
15960 1.45108539 7.387440120000001 -4.75920378 -1.889545 0.642217 -1.254227
15980 -0.34024023 6.536609010000001 -1.8955078200000002 -1.909659 0.80593 -0.886041
16000 -1.1710197 4.65306939 0.60070554 -2.087278 0.910174 -0.42808
16020 0.74664891 4.71594168 -1.78099569 -2.173825 0.876516 -0.194701
16040 0.8521750800000001 4.697528310000001 -4.2171816600000005 -1.985441 0.707817 -0.261535
16060 1.25379648 5.47756065 -4.481826030000001 -1.788647 0.37346 -0.466967
16080 1.3046907600000002 4.401001440000001 -3.4389445500000004 -1.587453 0.10722 -0.394717
16100 0.55833615 2.65442904 -3.92678604 -1.253386 -0.253285 -0.307533
16120 0.29623257000000003 1.9898113499999999 -5.95625922 -0.929597 -0.336593 -0.267776
16140 1.04782572 3.28641867 -7.685919180000001 -0.745262 -0.193258 -0.308333
16160 2.9385364500000004 5.114561220000001 -8.70335352 -0.6910270000000001 -0.017586 -0.330612
16180 4.4854263 5.85223398 -7.48114524 -0.632501 -0.261847 -0.303185
16200 2.5177659300000004 2.4656748299999998 -5.4088514100000005 -0.606934 -0.191944 -0.224047
16220 -2.2010206500000002 13.30822638 -5.572011330000001 -0.636629 -0.1259 -0.197634
16240 8.196353100000001 20.07146601 -1.8073453500000003 -0.745766 0.133927 -0.344007
16260 6.81817563 17.628393420000002 -8.57312577 -0.931139 0.300215 -0.475838
16280 2.53752327 10.06896438 -5.63338269 -0.904103 0.217687 -0.64005
16300 -0.09100737 5.56467345 -1.6880361300000002 -0.8790520000000001 0.195776 -0.776579
16320 -0.28081125 5.86330947 -1.72710936 -0.696499 -0.227877 -0.750192
16340 -0.83660661 9.08879823 -2.5572806100000003 -0.502111 -0.349206 -0.680312
16360 0.3153915 12.2454306 -1.9104778800000002 -0.106425 -0.6666569999999999 -0.491271
16380 2.7196949700000004 12.28988952 -1.02581208 0.6834399999999999 -0.519362 -0.182568
16400 3.54597165 10.296634860000001 -1.68834024 1.288555 -0.312168 0.225181
16420 2.63840931 9.370659150000002 -1.5070612500000002 1.44517 -0.300065 0.525362
16440 1.69597242 8.05100814 -0.64321227 1.6714330000000002 0.426744 0.522806
16460 0.9951264000000001 7.55957619 -0.41329530000000003 2.13756 1.093248 0.740989
16480 0.76984956 7.96448394 -1.2621742200000001 2.523269 0.692847 1.169349
16500 1.5094647 7.99846578 -1.3831217100000002 2.344412 -0.285906 1.531481
16520 1.3703981400000003 7.453000350000001 -1.37548953 2.228537 -1.3285049999999998 1.821496
16540 1.1229605100000002 7.844890230000001 -1.4561767799999998 1.986612 -1.243507 2.086752
16560 1.14122673 8.617574880000001 -1.57172877 0.476995 -0.076031 1.814065
16580 0.90411903 9.05062752 -0.68512059 -0.094732 -1.079547 1.25161
16600 1.1106882 9.61885215 0.09564750000000001 0.332092 -2.139522 0.888481
16620 1.0930302 10.11161826 1.2301445700000002 0.845613 -0.656353 0.633794
16640 1.88428518 11.972849940000001 -0.32287653 1.989936 0.259678 0.467561
16660 3.2516912700000002 12.59570646 0.77658903 1.988536 -0.423791 0.093481
16680 4.64783085 12.773385180000002 0.83241774 1.750013 0.549952 0.013656
16700 4.6011352500000005 13.51809171 -1.48236948 1.608863 1.261763 0.084397
16720 4.8580002900000006 12.892086180000002 -1.33911405 1.77616 0.692519 0.036088
16740 3.13897437 10.789862040000001 -1.38656502 1.693148 0.390714 -0.0752
16760 -0.08996751000000001 10.62220914 -0.60219666 1.3708790000000002 0.414053 -0.037957
16780 -0.8072747100000001 11.84800788 2.15581617 1.0169780000000002 0.43147 -0.090657
16800 -1.15529427 11.500881029999999 -0.32991030000000005 0.5727770000000001 0.6002069999999999 -0.077953
16820 -2.46402675 12.597354540000001 -3.7052468100000002 0.263847 0.6674800000000001 -0.116517
16840 -3.09241611 13.874645970000003 -3.36006234 -0.109183 0.827095 -0.281697
16860 -1.15545123 11.84756643 -2.6909516700000005 -0.6306970000000001 1.15459 -0.475903
16880 1.1862840600000002 10.09709946 -3.0121899300000003 -1.034046 1.580007 -0.7516619999999999
16900 2.5234557300000002 9.2458269 -3.4163423100000005 -1.305253 2.04727 -0.950708
16920 3.2886651600000003 9.549544500000001 -2.41567326 -1.644729 2.079987 -1.112286
16940 2.22916554 11.732004629999999 0.30806343 -1.942218 1.544416 -1.452304
16960 0.10373094000000001 10.431659699999999 4.5608652 -1.890265 1.01037 -1.67772
16980 -3.32787573 8.303380200000001 3.4271235 -1.66376 0.000342 -1.571226
17000 -4.70216844 7.840691550000001 -2.11046454 -0.380245 -0.337962 -1.1997
17020 -2.13321393 7.9694281799999995 -7.176230820000001 0.8961889999999999 1.716232 0.536035
17040 -1.75435173 8.636292359999999 -3.7943118000000005 0.327891 1.812216 1.266879
17060 -2.27646936 7.93739853 1.0707222600000001 -0.202713 1.181597 1.188137
17080 -0.37691982000000007 7.66196316 -0.30282489 -0.522562 0.828309 0.305073
17100 0.9484308 7.458543 -2.61640548 0.266612 0.667081 -0.019289
17120 0.88690248 7.628589540000001 -3.1942046700000004 0.174179 0.5226069999999999 0.225942
17140 1.4124634200000001 7.463026170000001 -2.76130899 0.015551 0.856398 0.007556999999999999
17160 1.7926695900000003 7.034770620000001 -2.22916554 -0.4514220000000001 1.659882 -0.452865
17180 1.8977543100000003 6.15729555 -2.71715418 -0.7238020000000001 2.217865 -1.491658
17200 1.53790389 5.914655010000001 -2.93210109 -0.952755 1.843664 -1.487437
17220 0.47990520000000003 5.57111862 -3.0329969400000003 -0.735536 1.3411110000000002 -0.94155
17240 -0.0059841 4.5990359100000004 -3.0084425100000005 -1.10921 1.365733 -0.382307
17260 -0.07289811 4.3423180200000004 -2.7660962700000002 -1.445039 1.442555 -0.121969
17280 0.33545295 4.49918973 -2.62733382 -1.445735 1.670895 -0.214134
17300 0.74949381 4.60278333 -3.16322469 -1.332576 1.964244 -0.41134
17320 1.87290558 3.8016398700000003 -4.26118932 -1.268627 2.259766 -0.576847
17340 2.69933922 4.3544431800000005 -5.79414897 -1.23649 2.488839 -0.6143029999999999
17360 3.2230951200000004 5.92138467 -6.17241276 -1.109619 2.471343 -0.611258
17380 4.847964660000001 9.377702730000001 -9.00557019 -0.85824 2.173135 -0.580278
17400 8.44049457 18.277138530000002 -11.3949036 -0.6391560000000001 1.703008 -0.41898
17420 13.46375412 19.00732626 -7.1115633 -0.42095 1.463182 -0.307122
17440 6.444699120000001 11.58650271 -6.825954960000001 -0.228238 1.178981 -0.264819
17460 3.4353540899999997 10.23167304 -7.087008870000001 -0.197335 1.029349 -0.168272
17480 -1.5983727300000001 9.905049089999999 -6.10699968 -0.236684 1.223761 -0.001085
17500 -1.30873248 12.265344899999999 -1.11099231 -0.391303 1.735555 0.017475
17520 -0.19923129 11.233843020000002 -2.34083277 -0.6098319999999999 1.687671 -0.072652
17540 -0.92657412 8.789867910000002 -3.0117386700000006 -0.798276 1.040733 -0.09664
17560 -1.4771309400000001 7.98708618 2.13531327 -0.8657459999999999 0.497722 -0.108166
17580 -3.62127321 7.278617790000001 2.7928873800000003 -0.858722 0.645733 -0.098693
17600 -2.60712522 9.21318903 2.2260165300000003 -0.554417 1.011781 -0.260474
17620 1.54223991 13.7289969 0.94333941 -0.107297 0.895724 -0.396071
17640 4.6687948200000005 11.93154003 0.9253773000000001 0.180013 0.842068 -0.280764
17660 2.89827621 9.26482887 0.38828961 0.16587000000000002 1.387011 -0.14910199999999998
17680 0.6156657900000001 8.81920962 0.8714909700000001 0.442331 1.556995 -0.007451
17700 -0.26929431000000004 8.6156325 1.3823761500000002 0.618208 1.408871 0.118949
17720 -0.17139051000000002 8.447086890000001 1.3897140300000002 0.732224 1.082839 0.300693
17740 0.6336279 8.24485374 1.35692901 0.96825 0.928609 0.5695939999999999
17760 1.09631655 8.18408079 1.3654637100000002 1.46994 0.746939 0.810477
17780 1.1883834 8.77864527 1.6079571000000001 2.318636 -0.103803 1.036481
17800 1.67650938 9.48936996 1.98547533 2.6047290000000003 -1.013273 1.518208
17820 2.5045911 10.36085112 1.7148370499999999 2.844644 -0.777623 1.7866369999999998
17840 2.4772015800000005 10.39109535 -0.07663572 3.419973 0.6616569999999999 1.265383
17860 2.38110282 10.161619830000001 -0.6381208800000001 3.011562 1.854004 0.745051
17880 2.45219589 9.4860738 0.35431757999999997 2.3055950000000003 2.325482 0.667945
17900 3.22280082 9.079665120000001 1.5762217500000002 2.047876 1.563308 0.7504430000000001
17920 2.40684426 7.879617629999999 1.81991196 2.170528 0.171463 0.792607
17940 2.06839926 7.84324215 0.94468338 2.293923 -0.519676 0.8958360000000001
17960 2.1326155200000003 9.14239026 0.58648104 1.977561 -0.127788 0.936921
17980 1.45781505 10.99238949 0.84528846 1.678913 0.356812 0.688523
18000 2.21658912 10.972632149999999 1.4153083200000003 1.582032 0.351918 0.398364
18020 2.23350156 10.96574553 0.6637151700000001 1.429303 0.036123 0.11676
18040 2.0131591500000003 10.98056844 0.53020107 1.262882 -0.208379 -0.132985
18060 3.36724326 10.858120020000001 0.9026181 1.055376 -0.213545 -0.25941
18080 2.2499725500000007 10.85467671 0.42915807000000006 0.706227 -0.002609 -0.2258
18100 2.66206122 10.9406025 -0.11795544000000001 0.231031 0.377218 -0.227469
18120 3.2262441300000004 10.00339434 -0.9187849800000001 -0.178213 0.841412 -0.33881300000000003
18140 3.4105053600000006 9.72168057 -0.9562101300000001 -0.5669810000000001 1.29617 -0.505549
18160 2.18425536 9.536516820000001 -1.1126403900000001 -0.956597 1.626036 -0.608038
18180 1.33028505 9.36108459 0.029184750000000002 -1.255407 1.696918 -0.758699
18200 -0.8539703100000001 9.4399668 0.84184515 -1.49337 1.519454 -0.927845
18220 -3.0261103200000004 14.343024420000003 -0.08203122 -1.7517779999999998 1.196657 -0.965555
18240 -5.213357730000001 19.81399275 1.06847577 -1.866186 0.718536 -0.913399
18260 -4.84272612 18.32922963 -0.0170694 -0.8409840000000001 0.479582 -0.653831
18280 -2.37974904 15.10703703 -1.2451146300000002 1.293815 1.397431 0.528539
18300 0.32691825 13.24355886 -2.6343675900000005 1.361921 0.966816 1.328596
18320 2.20446396 10.7555859 -3.70554111 0.521547 -0.529573 1.177229
18340 2.40669711 9.41556933 -2.89602972 -0.087175 -0.429752 0.4528680000000001
18360 1.9537399800000002 8.32942575 -1.5597605700000001 0.280525 0.027504 -0.194629
18380 1.0876347 7.838445060000001 0.27722079 -0.264403 0.93316 -0.297872
18400 -1.01308851 7.087312980000001 0.14340258 0.4321 0.8968510000000001 0.185603
18420 -1.69267626 6.2843841000000005 -1.0795512600000001 0.842141 2.423045 0.449294
18440 -1.0737143100000002 5.616323100000001 -1.9001479500000003 -0.399067 2.773496 -0.066162
18460 0.11945637 5.584136490000001 -2.0895005700000002 -0.6652819999999999 1.893289 -0.827468
18480 1.11623085 5.805077310000001 -1.9835231400000002 -0.908667 1.293813 -0.685258
18500 1.3837201200000002 5.6498536800000005 -2.0995362 -0.992786 1.454464 -0.5610689999999999
18520 0.8855585100000001 4.83973407 -2.08890216 -1.246213 2.2397560000000003 -0.121602
18540 0.24189498000000004 4.1962275 -2.04355053 -1.46596 2.751842 0.146467
18560 0.20223315000000003 4.73839677 -2.50609203 -1.287486 2.870217 -0.040445
18580 0.63962181 4.920117210000001 -3.0819390300000005 -0.869928 2.812785 -0.425219
18600 1.3997398499999998 5.02819398 -3.4108094700000002 -0.68633 2.959602 -0.536288
18620 2.4989013000000004 5.4705268799999995 -3.6359391600000004 -0.554137 3.14568 -0.564445
18640 3.6934159500000003 6.653063520000001 -4.82446971 -0.396071 3.018068 -0.4905390000000001
18660 5.41768041 9.52978716 -7.93888965 -0.26260300000000003 2.684763 -0.371675
18680 9.63172287 16.246164420000003 -10.946586600000002 -0.153151 2.327713 -0.154672
18700 14.22147852 17.96833935 -9.214542810000001 -0.058649 2.100037 -0.043693
18720 8.112232350000001 11.139235379999999 -9.85146687 0.001832 2.080432 0.011234
18740 2.73227139 6.0456283200000005 -9.032067 0.124507 2.025879 -0.039114
18760 -1.0666805400000001 5.68472823 -2.5632745200000002 0.200798 1.910558 -0.037365
18780 -5.266498500000001 11.888582040000001 -0.00958437 0.24073000000000006 1.7411759999999998 -0.071052
18800 -6.13634139 17.94408903 -0.57210939 0.206658 1.73605 -0.09158
18820 -3.2216040000000006 16.424745660000003 -6.82415973 0.083362 1.742196 -0.189657
18840 3.3373129500000003 9.313927920000001 3.74131818 -0.082594 1.669991 -0.370185
18860 2.1784184100000004 7.015611689999999 3.5426853 -0.214871 1.64288 -0.402053
18880 -2.9835937800000005 8.851837680000001 1.66559085 -0.349617 1.522109 -0.453046
18900 -1.35453537 10.170752940000002 1.2952535399999998 -0.520545 1.407913 -0.518187
18920 0.7566747300000001 11.784694140000001 -0.024848730000000003 -0.5105569999999999 1.264035 -0.510455
18940 2.8020204900000003 11.554473060000001 0.98899515 -0.30791 1.20386 -0.555964
18960 2.23081362 11.13070068 0.84289482 -0.017379 1.257263 -0.576436
18980 0.9026181 9.11993517 0.61102566 0.14921700000000002 1.120069 -0.511003
19000 0.66701133 8.36190666 1.1169764100000001 0.298892 1.129484 -0.331577
19020 1.4633577 8.22943242 1.6242711300000001 0.570303 0.999692 -0.077414
19040 2.2547598300000002 8.573567220000001 1.4807214000000002 1.085483 0.7338180000000001 0.16367
19060 3.2826712500000004 8.54692326 1.3639627800000003 1.3736389999999998 0.408563 0.5325
19080 4.54574799 8.977131 1.56289977 1.660973 0.5745560000000001 0.8633069999999999
19100 5.92797699 9.6622614 1.19391624 2.202815 0.610747 0.933275
19120 5.841904050000001 9.27501165 0.7427543400000001 2.744044 0.656896 0.911359
19140 4.7542595400000005 9.668392650000001 0.68512059 2.975139 0.7362449999999999 0.8477100000000001
19160 3.45421872 9.46332441 1.10619522 3.036082 0.569682 0.8900100000000001
19180 2.91623832 9.627534 1.11592674 2.9090740000000004 -0.106405 1.175204
19200 2.6444032200000005 9.48353301 1.0795512600000001 2.522733 -0.027614 1.519577
19220 2.73915801 8.95288068 1.6842985200000002 2.154979 0.199836 1.435532
19240 2.7800166600000003 8.73882648 1.7983593900000001 1.885614 0.14715799999999998 1.256393
19260 2.8626462900000007 9.00183258 1.81273104 1.657023 0.351199 1.0451629999999998
19280 3.6203706900000006 9.122632920000001 2.21389137 1.657313 0.085254 0.951502
19300 2.81549943 9.52005564 1.7637791400000002 1.766531 -0.244527 1.009304
19320 2.40999327 9.58351653 1.1787990300000002 1.770945 -0.520163 0.938117
19340 3.2238504900000002 11.639045070000002 1.2159200700000001 1.838157 -0.5628380000000001 0.895912
19360 3.4118591400000002 12.644354250000001 0.08337519 1.944099 -0.946787 0.916372
19380 3.2331307500000004 11.690989020000002 -1.11652515 2.065055 -1.865354 0.62036
19400 3.5811503100000004 11.53321479 -0.73931103 2.024816 -2.008179 0.408754
19420 3.8487965400000004 12.31369839 0.03951468 2.000513 -1.576274 0.312959
19440 2.9367412200000005 13.76986536 0.019306080000000003 1.989566 -1.3889049999999998 0.08617999999999999
19460 3.2672597400000005 14.47669548 2.03740947 1.858993 -1.517309 -0.190169
19480 2.00552697 12.53882808 1.6328058300000001 1.656877 -1.310354 -0.354216
19500 0.58798197 11.556268290000002 -0.06765957 1.345801 -0.969455 -0.353621
19520 -0.38065743 13.73783571 -0.018413370000000002 0.8940620000000001 -0.541977 -0.303913
19540 0.21555513 14.105465460000001 0.9725241600000001 0.324395 0.030649000000000006 -0.219964
19560 0.27228636 13.77660483 1.03314996 -0.156856 0.546614 -0.162029
19580 -0.053886329999999996 12.626696250000002 0.97716429 -0.525796 0.837621 -0.155365
19600 0.7819747200000001 11.601021509999999 -1.3039353900000001 -0.919397 0.8634639999999999 -0.14960199999999998
19620 3.1900158000000003 11.66119605 -2.63122839 -1.25274 0.869395 -0.277988
19640 4.0618010700000005 11.812986180000001 -0.82777761 -1.65301 1.275703 -0.306942
19660 2.6473952700000005 11.06394363 -0.5194198800000001 -2.269559 1.505952 -0.342522
19680 0.87762222 9.69024933 0.015264360000000001 -3.060964 1.434632 -0.468668
19700 0.12469491 8.610845220000002 -0.82029258 -2.1499650000000003 1.628486 -0.7189260000000001
19720 1.3199551200000001 8.061632370000002 -2.5706025900000005 -0.8427899999999999 2.177159 0.26371999999999995
19740 2.68272108 7.271878320000001 -3.10963266 -2.104483 0.748324 0.6327520000000001
19760 4.54859289 6.36386472 -2.4971060700000005 -1.364117 -0.870611 0.453059
19780 3.77948889 7.196733720000001 -2.71819404 -1.860996 0.162125 0.230348
19800 1.1726579700000002 7.2235248300000015 -2.16824544 -1.61192 0.250387 -0.74438
19820 1.01009646 6.89151519 -1.5507746100000002 -1.341314 0.485163 -1.61446
19840 1.84999923 6.93836775 -2.0240874900000003 -1.425655 0.778025 -1.7852720000000002
19860 1.65555522 5.51273931 -3.3405993 -1.333933 1.134176 -1.419756
19880 0.4251163500000001 4.73540472 -4.13290395 -1.423777 1.354024 -0.910055
19900 0.05583852 4.627475100000001 -3.7342844100000003 -1.417881 1.243316 -0.6695220000000001
19920 0.09714843000000001 5.047058610000001 -3.4840018800000006 -1.261024 1.282051 -0.635361
19940 0.05074713 4.55892282 -3.6609350400000005 -1.2926959999999998 1.101137 -0.65351
19960 0.31299785999999996 3.7194615 -4.32585684 -1.434761 0.648649 -0.594102
19980 0.99707859 3.8606175900000004 -5.0404662899999995 -1.428309 0.062264 -0.479006
20000 2.13935499 4.97295387 -5.7471492600000005 -1.248361 -0.342812 -0.5669609999999999
20020 3.4079645700000003 5.425763850000001 -6.27255324 -1.171482 -0.658032 -0.6589550000000001
20040 4.88658663 5.57784828 -6.56968833 -1.000461 -0.48869 -0.797914
20060 5.873482439999999 5.49566991 -5.68847565 -0.918205 -0.2248 -0.794473
20080 5.32308258 5.208119190000001 -5.2055784 -0.858151 0.156057 -0.718698
20100 3.72440574 4.60233207 -5.023553850000001 -0.65078 0.459027 -0.740071
20120 1.9820320200000001 4.32361035 -1.5612516900000002 -0.479425 0.5704199999999999 -0.7732
20140 1.35872424 16.4476422 -21.721625730000003 -0.54974 0.493409 -0.6347229999999999
20160 18.8190135 29.7251829 -1.67217336 -0.638105 0.205399 -0.727907
20180 4.0577593499999995 10.715463000000002 -4.49829702 -0.45335 -0.166213 -0.664183
20200 -0.36240102 2.2667378400000002 -5.13596664 -0.27617600000000003 -0.752112 -0.552168
20220 -0.95396364 1.53071316 -3.0954081600000007 0.06743500000000001 -0.6089439999999999 -0.422833
20240 -1.84476069 6.44245263 -1.8018027 0.7298279999999999 -0.416149 -0.193058
20260 -1.07401842 10.94104395 -2.68317234 1.50874 -0.213897 0.234071
20280 0.67913649 13.74860709 -0.97387794 1.681719 -0.155906 0.500124
20300 2.47675032 12.437186669999999 -0.92193399 1.465939 0.279397 0.519423
20320 3.3771317400000003 10.08377748 -1.16801784 1.42364 0.742369 0.661676
20340 2.8178930699999998 8.350684020000001 -0.9954305100000002 2.387773 0.6604260000000001 1.136397
20360 2.4872274 6.9787849500000005 -0.92777094 3.075785 0.218039 1.679086
20380 3.01114026 6.45307686 -1.0373388300000002 3.117995 -0.10485 1.936167
20400 3.12175782 7.1421018300000005 -0.8009865 2.441815 -0.093811 1.892974
20420 3.03927534 8.08588269 -0.8384018400000001 1.30933 -0.8191390000000001 1.512115
20440 2.24578368 8.40576717 -1.2510987299999998 1.431137 -1.605494 0.920043
20460 1.40961852 8.709337620000001 -1.5181465500000002 1.481407 -1.622642 0.636269
20480 0.6334807499999999 9.418110120000001 -0.8928963900000001 1.969279 -1.031182 0.6880569999999999
20500 0.76775022 10.22748417 -0.52824888 2.804847 -0.758267 0.445716
20520 0.9638423100000001 11.07501912 -0.39443067000000004 2.678861 -0.818389 0.405389
20540 1.00471077 12.3928749 0.1130112 2.215872 -0.862369 0.349868
20560 2.30385888 12.78342081 0.16495515000000002 2.2899380000000003 -0.635278 0.239
20580 3.80104146 12.895088040000001 1.43985294 2.282964 -0.653911 0.10972
20600 4.00342176 15.2179587 -0.44771859 2.069369 -0.950335 0.097925
20620 4.8895786800000005 14.21084448 -0.67464351 1.635489 -1.173345 0.033224000000000004
20640 3.8811303 12.626539290000002 -1.18508724 1.070376 -0.909123 -0.018064
20660 2.39038308 11.42229312 -1.73729214 0.371743 -0.5629890000000001 -0.191098
20680 0.7020428400000001 11.721076290000001 0.7568218800000002 -0.423034 0.10262 -0.254119
20700 -0.63483453 9.9429255 0.9830012400000001 -1.204621 0.946778 -0.22434
20720 -1.1337417 11.12337261 -1.3371716699999998 -1.7090029999999998 1.974313 -0.205679
20740 -1.3840242299999999 12.121942320000002 -4.75920378 -2.316039 2.548105 -0.114515
20760 -0.14610033 12.60228897 -6.27211179 -2.169266 2.728292 -0.54635
20780 3.09870432 11.92599738 -5.28206697 -1.947492 0.38356 -0.723394
20800 3.97797462 10.85661909 -3.5685837 -1.7689580000000005 1.640118 -0.495158
20820 3.3841655100000003 11.57348484 -1.7449243200000002 -1.364482 -1.1533799999999998 -0.227038
20840 1.72501002 12.920976630000002 0.8238830400000001 -1.796992 0.123371 -0.522252
20860 -1.1855385 11.073371040000001 2.94707115 -1.573696 0.772728 -1.132547
20880 -3.76362612 8.20055178 2.11809672 -1.488221 1.390562 -1.732015
20900 -2.89003581 7.716457710000001 -3.6765035100000003 -1.460516 1.646137 -1.467229
20920 -0.8062250400000001 8.34798627 -7.37396118 -1.55953 1.558929 -0.8856280000000001
20940 0.6319896300000001 8.804985120000001 -2.84932431 -1.563564 1.368498 -0.413258
20960 1.5283195200000002 7.2359541 -0.7803266400000001 -1.624684 1.238041 -0.237262
20980 1.02417381 6.191130240000001 -0.39472497000000006 -1.596011 1.34912 -0.334412
21000 1.01638467 5.08642614 -2.93001156 -1.606977 1.1664 -0.451759
21020 1.39015548 5.33385396 -4.53512376 -1.6215959999999998 0.667219 -0.547361
21040 1.4573736000000002 5.374869570000001 -3.65031081 -1.588763 0.10796 -0.578462
21060 1.5054229799999999 4.4837782200000005 -3.21007725 -1.571145 -0.485339 -0.34257
21080 1.1964668400000003 3.6079512300000003 -3.86915229 -1.542565 -0.5089819999999999 -0.315634
21100 0.37063161000000006 2.9138446800000004 -4.95290223 -1.478544 -0.146552 -0.429951
21120 0.5258552400000001 2.63003157 -6.474786389999999 -1.217029 -0.06458799999999999 -0.374818
21140 1.5067669500000003 3.22144704 -7.28400348 -0.965794 0.1037 -0.319868
21160 2.6313755400000005 3.43790469 -8.12106135 -0.708429 0.268432 -0.446468
21180 3.09226896 3.6266589000000002 -7.1158993200000005 -0.58018 0.663721 -0.575334
21200 2.1139078500000004 4.022433540000001 -3.8495421 -0.5446529999999999 0.625687 -0.685064
21220 0.3008727 12.294382500000001 -15.494433930000001 -0.517048 0.4854189999999999 -0.795786
21240 13.814922690000001 27.464586120000003 -3.32383401 -0.447079 0.195234 -0.748992
21260 2.23485534 12.79958769 -3.4652942100000006 -0.26934600000000003 -0.009378 -0.617165
21280 -2.41238691 3.5004728700000003 -3.04347402 -0.13111 -0.01239 -0.5168510000000001
21300 -3.1621750200000003 3.62142036 -2.8928807100000005 0.430708 -0.03796 -0.204178
21320 -2.3414311800000007 7.956704610000001 -0.22558095000000003 1.167106 0.456251 0.241508
21340 1.3359748500000002 13.21571808 -1.50901344 1.209604 0.807136 0.6344609999999999
21360 4.40219826 14.094694080000002 -1.5657446700000002 0.80111 0.923255 0.72119
21380 5.15542968 11.65207275 -1.87829127 0.954609 0.553374 0.379837
21400 3.86915229 8.68987458 -1.91122344 1.952164 0.136349 0.439682
21420 2.53707201 7.37366688 -1.80718839 2.833355 -0.351206 0.92182
21440 2.15132319 6.753204 -1.84207275 3.205283 -0.301723 1.543924
21460 2.2538671200000002 6.82894701 -1.3840242299999999 3.493761 -0.267231 1.725356
21480 3.3864120000000004 7.1817636600000005 -1.28657169 3.5193410000000003 -0.199437 1.7991549999999998
21500 2.8327061700000007 7.7335173 -1.33521948 2.42755 0.294947 1.6562990000000002
21520 1.4747373 7.71465267 -1.2600748800000001 1.801709 -0.5044029999999999 1.232073
21540 0.8514295199999999 8.24036076 -1.02132891 1.797189 -1.97685 0.762842
21560 0.6908103900000001 9.34790976 -0.71805276 2.073602 -2.072159 0.648459
21580 0.77808015 9.95789556 -0.8559225 2.436469 -1.456022 0.764504
21600 0.9949792500000001 10.17240102 -0.61132977 2.4934540000000003 -1.360337 0.7626430000000001
21620 0.53917722 11.208238920000001 -0.5319963 2.19526 -1.29092 0.711332
21640 0.6686594100000001 11.55956445 0.6393177000000001 1.793246 -0.470575 0.7726350000000001
21660 2.18455947 11.51240778 2.11510467 1.759844 0.065789 0.669165
21680 2.4351363000000004 12.20636718 0.97387794 1.587715 -0.7273470000000001 0.428629
21700 3.0710106900000005 13.411211760000002 -0.37362366 1.20451 -0.915046 0.280914
21720 3.9820163400000004 13.285624140000001 -0.8985861900000001 0.768048 -0.654957 0.08632100000000001
21740 3.7082388600000002 13.63544874 -0.13202298 0.266781 -0.512169 -0.288037
21760 2.25341586 13.473485640000002 1.75869756 -0.428004 -0.025419 -0.464429
21780 0.97312257 13.478125770000002 1.22699556 -1.268266 1.0172450000000002 -0.474839
21800 -2.00178936 13.924196280000002 -2.01375756 -1.927274 1.7611419999999998 -0.5199199999999999
21820 -1.93068648 14.07628071 -4.36342914 -2.3193330000000003 2.333601 -0.5479609999999999
21840 -0.2314179 13.492193310000001 -4.327504920000001 -2.241192 2.846759 -0.8055140000000001
21860 1.92260304 12.227625450000001 -5.44357881 -0.89243 1.404934 -1.580457
21880 4.02108957 11.60821224 -5.716463580000001 -1.1772 1.61736 -0.910806
21900 4.36387059 11.95474068 -3.40047954 -2.15058 1.503286 0.486184
21920 2.13096744 12.15562005 -1.0404878400000002 -1.583983 -0.468241 -0.07883
21940 2.292930540000001 12.732820830000001 -0.35655426000000007 -1.809769 0.568951 -0.318882
21960 2.00972565 9.53936172 0.00628821 -1.7141080000000002 1.361057 -1.351131
21980 -0.00434583 6.81622344 -0.57884886 -1.691071 1.308491 -1.545319
22000 -0.45385965 6.868471500000001 -0.5638788 -1.580858 0.957423 -1.492825
22020 1.17011718 6.57971415 -2.39232546 -1.49306 0.682082 -0.645827
22040 1.43267202 6.57791892 -3.80718252 -1.531723 0.762734 -0.269118
22060 -0.00179523 5.370386399999999 -2.6309242800000003 -1.585783 0.791882 -0.318671
22080 0.08067743999999999 4.7054646 -1.2424168800000002 -1.441139 1.084547 -0.638502
22100 1.14362037 4.33034982 -2.14743843 -1.308409 1.157574 -0.900452
22120 1.2910646700000001 4.59709353 -3.9332214000000003 -1.287326 0.682163 -0.844147
22140 1.25798535 5.395382280000001 -3.19151673 -1.210089 0.017457 -0.651544
22160 1.6489727100000002 5.46154092 -3.12804603 -1.100201 -0.316925 -0.509343
22180 0.91923624 4.224813840000001 -3.60764712 -1.001798 -0.5259520000000001 -0.536162
22200 0.26674371 3.00275271 -4.59619101 -0.947352 -0.433913 -0.689723
22220 1.2322341 2.8996201800000003 -4.83704613 -0.956935 -0.490095 -0.750607
22240 1.65031668 4.108055220000001 -5.896535940000001 -0.84865 -0.284164 -0.661452
22260 1.79522019 4.63166397 -7.08760728 -0.8450110000000001 0.041833 -0.6703899999999999
22280 2.00028843 5.1361236 -7.47979146 -0.744726 -0.006261999999999999 -0.717698
22300 2.98943073 6.2087882400000005 -6.634807110000001 -0.588199 -0.150314 -0.7933319999999999
22320 -3.12445557 16.456775309999998 -23.446341450000002 -0.455915 -0.360752 -0.763296
22340 13.481569080000002 29.85511635 -0.73586772 -0.199093 -0.7362270000000001 -0.5954470000000001
22360 6.60426858 8.302330529999999 3.9252851100000004 0.076343 -1.19505 -0.379291
22380 0.89648685 3.99519117 -11.01065571 0.439369 -1.304062 -0.07324
22400 -1.07550954 0.030391380000000003 -0.52974981 1.2259 -0.863085 0.32159
22420 -3.1482546300000003 4.3327434600000005 0.019011780000000002 1.903813 -0.388657 0.703868
22440 0.19414971 11.25045135 -1.3078299600000003 1.763656 0.173591 0.8794930000000001
22460 5.62350402 15.125450400000002 -1.9652667300000002 1.329134 0.131224 0.662868
22480 5.62275846 14.20335945 -1.3771376100000001 2.568989 -0.114547 1.108746
22500 3.41035821 8.904684150000001 -1.4844590100000001 3.853697 0.606873 1.801525
22520 1.2340293300000003 6.330932550000001 -1.54194561 3.510956 1.476566 2.257352
22540 -0.06541308000000001 5.604345090000001 -1.65390714 2.723148 0.438497 2.263862
22560 0.63483453 5.90507064 -0.68931927 1.3702450000000002 -0.8435540000000001 1.703784
22580 2.80471824 7.2913413600000005 -0.5793001200000001 0.864598 -1.729696 1.035885
22600 4.330644120000001 8.30757888 -1.49674113 0.812686 -1.945635 0.736697
22620 3.71093661 8.66877327 -2.54111373 1.069507 -1.495024 0.780643
22640 2.55294459 9.10017783 -1.80854217 1.737405 -0.783483 1.0162
22660 1.81467342 9.699529590000001 -1.42054686 1.866177 -0.960235 1.149786
22680 1.45393029 10.839108240000002 -1.75076127 1.570369 -1.111181 1.05925
22700 1.9976004900000002 10.98281493 -0.46508229 1.33954 -0.6983159999999999 0.8423959999999999
22720 1.8347348700000001 11.6146476 0.30761217 1.429132 -0.365714 0.705864
22740 1.4198013 12.449910240000001 0.94064166 1.550351 -0.561721 0.600139
22760 0.8232846300000001 12.70992429 0.54247338 1.518708 -0.838101 0.479563
22780 2.48572647 14.12926452 0.37616445 1.293652 -0.965648 0.33715
22800 3.5486694 13.640088870000001 0.72853965 1.036167 -1.024605 0.119646
22820 3.2597747100000003 11.950394850000002 -0.20252745000000003 0.691505 -1.0118969999999998 -0.095354
22840 1.9079370900000001 10.7757945 0.77135049 0.269648 -0.795655 -0.25988
22860 0.18067077 12.26145033 1.2763987199999998 -0.297444 -0.209912 -0.261387
22880 -0.29907747 13.627365300000001 0.43829118000000006 -0.881934 0.507054 -0.296298
