time Ax Ay Az Gx Gy Gz
20 2.93001156 5.86195569 -6.583010310000001 0.12485999999999997 2.870317 -0.223928
40 0.5376861000000001 5.60898522 -5.14600227 0.074543 4.202304 -0.278329
60 -0.45939249000000004 4.0200399 -3.58069905 -0.796419 3.916395 -0.484872
80 0.40012047 2.70352809 -2.95500744 0.699557 1.7659470000000002 -0.53576
100 1.99205784 1.3867121699999998 -3.0734043300000002 -0.236233 2.068177 -0.446544
120 2.76999084 1.0220744700000002 -1.6464221100000003 -0.335002 3.331924 -0.7095
140 1.53551025 2.2360521600000003 0.39278259 0.559634 4.269903 -1.085808
160 0.53319312 3.12101226 -1.6393883400000002 0.458371 4.498342 -1.11565
180 2.08081872 5.836959810000001 -2.5439586300000006 -0.40853 3.803968 -1.209478
200 6.3420080400000005 10.3943817 -2.75951376 -0.517953 3.168488 -1.237202
220 7.70941413 12.052781820000002 2.34202959 -0.5437109999999999 2.375029 -1.523716
240 3.49179102 9.1997199 -1.29929526 -1.098652 0.641994 -1.085265
260 4.92191244 8.571771990000002 -2.21613786 -1.6821689999999998 -0.461998 -1.020628
280 4.85874585 6.91442154 -0.2080701 -1.929593 -2.047444 -0.727632
300 5.5223138700000005 8.42133564 -0.08935929000000001 -1.66455 -1.954373 -0.25695
320 7.08776424 10.758126690000001 -2.78436249 -0.971743 -0.432308 -0.005165
340 7.93230714 12.063111750000001 -4.523744160000001 -0.428584 0.373003 0.065963
360 8.99719245 12.807671130000001 -2.6111669400000004 -0.187041 -0.115299 -0.041751
380 10.380618270000001 11.697277230000001 0.6905160899999999 0.621868 -0.393675 -0.125475
400 10.42642116 9.942327090000001 2.7993325500000004 1.160915 -0.979594 -0.055797
420 9.283399200000002 12.620555190000001 1.1418251400000001 1.248569 -1.491885 0.107841
440 9.76704201 10.507098599999999 0.13217994000000002 1.906701 -1.48888 0.383763
460 9.98468667 9.78889869 -2.79573228 2.647105 -0.943036 0.701224
480 9.78993855 10.09590264 -4.057916310000001 2.896497 -0.303507 0.926473
500 6.9928623 9.039552030000001 -5.485644090000001 2.174798 -0.7923479999999999 1.255344
520 4.96113282 8.190369 -6.428385090000001 1.5194299999999998 -2.143089 2.347424
540 4.46147028 6.0713697600000005 -4.8791016 1.204852 -3.927499 2.904057
560 3.4908885 4.51491516 -2.62823634 1.077809 -5.4966550000000005 3.0152080000000003
580 1.5552675900000001 3.4856499600000004 -3.4118591400000002 1.834489 -5.591688 2.150014
600 1.3980917700000002 3.0147307199999998 -3.4181375400000005 2.107441 -4.9294730000000015 0.946118
620 2.213449920000001 4.26717342 -1.14945732 1.27422 -4.60127 0.312831
640 2.84542974 5.8912974 0.4251163500000001 0.966578 -2.430816 0.191464
660 3.38655915 9.85250673 0.36374499000000005 0.497615 -1.37552 0.429323
680 4.52539224 14.058014490000001 1.0121958 -0.30818 -0.756868 0.397264
700 7.84324215 16.06803444 -0.74978811 -1.122969 -0.403736 0.43919
720 10.59571233 18.43087104 -1.6991214300000002 -1.545538 -0.05879400000000001 0.324701
740 9.46691487 15.79425696 -3.8399675400000004 -1.571045 0.476862 0.125148
760 9.16379568 13.745919150000002 -4.70591586 -1.473134 1.1634 -0.08442000000000001
780 4.10147271 11.94620598 -5.339700720000001 -1.357205 2.112789 -0.241855
800 0.062273880000000004 7.22787066 -4.1061128400000015 -1.804852 3.056477 -0.34980900000000004
820 0.8476919100000001 3.82708701 -5.00200128 -1.534404 3.421834 -0.575919
840 3.61932102 5.037327090000001 -8.412506640000002 -0.273739 2.777426 -0.8899590000000001
860 3.6914735700000003 6.53346 -7.221886560000001 0.986748 3.366588 -0.401209
880 0.7499450700000001 5.4167876999999995 -5.42142783 -0.8725799999999999 5.524962 -0.685086
900 -0.32497587 2.6948462400000004 -2.33813502 -0.411975 3.819677 -1.139019
920 -0.27647523 1.8636253200000001 -1.9935587700000001 1.169837 1.620885 -0.630566
940 0.30117681 1.13179932 -2.8491771600000004 -0.373263 2.072588 -0.099267
960 1.21816656 0.85681521 -1.4596102800000001 0.096461 3.620472 -0.515644
980 0.05163984 1.43012142 1.44943731 1.230074 4.448332 -1.000169
1000 -1.41021693 1.7148370499999999 -1.20334365 0.27652 3.888687 -1.144981
1020 -0.0290376 3.5705260800000005 -4.47344829 -0.744313 2.85835 -1.2715
1040 7.3847423700000006 8.92204785 -3.77140545 -0.733529 2.960271 -1.194643
1060 10.444834530000001 11.58889635 4.67552448 -0.90236 2.054962 -1.092113
1080 4.812491700000001 10.142156790000001 -0.44547210000000004 -1.296498 -0.172263 -1.083467
1100 5.46393456 10.70588844 -6.18663726 -1.662566 -1.951766 -1.17561
1120 6.270159600000001 8.35367607 -1.2003516 -1.697712 -1.822038 -0.820304
1140 5.87588589 8.28182763 1.77485463 -1.75413 -0.612512 -0.349026
1160 6.2980003799999995 9.330251760000001 -1.78219251 -1.403646 0.385895 -0.181215
1180 6.69752244 10.482397020000002 -4.177510020000001 -0.963857 0.572263 -0.281999
1200 8.397987839999999 11.18639205 -1.09542384 -0.702955 0.043823 -0.226088
1220 11.58456033 11.656114470000002 1.9369746900000002 0.128268 -0.002352 -0.055717
1240 11.829005910000001 11.528280360000002 2.0001412800000002 0.561122 -0.522738 -0.03173
1260 10.95467004 12.10517703 0.9723770100000001 1.051384 -1.60445 0.189929
1280 10.192903920000001 11.49399441 -0.83660661 1.789066 -1.650944 0.520949
1300 9.24746517 10.601706240000002 -1.05440823 2.669443 -1.28566 0.849234
1320 8.60829462 10.893298680000001 -3.20513301 3.413407 -0.032255 0.84321
1340 7.1715906899999995 9.46601235 -3.7770952500000003 3.252367 0.839007 0.75017
1360 5.325770520000001 7.7863539600000005 -5.095107990000001 1.995572 -0.64965 1.156701
1380 4.3185189600000005 5.45840172 -7.2236817900000005 1.5336 -3.5131410000000005 2.09611
1400 4.89916305 3.9145137300000004 -3.91735863 1.715903 -6.057935 2.432862
1420 3.8440092600000004 3.1326861600000004 -1.6489727100000002 1.612902 -6.502546 2.353664
1440 1.8336852000000001 3.78053856 -2.07753237 2.716286 -4.381128 1.817064
1460 1.5816074400000002 3.89909241 -2.57839173 2.813512 -4.803730000000002 1.122872
1480 1.78293807 4.57688493 -2.96937909 2.436587 -4.695132 -0.131856
1500 2.7544223700000003 6.11867358 0.18381978000000002 2.465034 -2.513314 -0.721975
1520 3.1355310600000004 8.81143029 1.54613448 1.914336 -2.209397 -0.855466
1540 2.76400674 12.987439380000001 0.34398765000000003 1.101895 -1.419058 -0.6602600000000001
1560 6.02901018 16.016541750000002 -2.67119433 -0.13941099999999998 -0.684502 -0.528867
1580 9.27111708 16.43926446 -2.5379745300000005 -1.109312 -0.40653 -0.470836
1600 9.67602483 15.314803020000001 -2.51207613 -1.576525 -0.127912 -0.211674
1620 9.22112532 11.23054686 -2.6930510100000005 -2.05974 0.444554 0.103616
1640 5.61242853 9.934842060000001 -7.894881990000001 -2.655647 1.29564 0.370759
1660 1.23134139 7.50104973 -6.821167679999999 -2.736902 2.035914 0.198327
1680 -0.59066991 5.64969672 -5.58862947 -2.269755 1.81559 0.012798
1700 -0.66581451 4.66325217 -7.7547755700000005 -0.6139020000000001 1.069733 0.216531
1720 2.66146281 4.76399106 -6.715190250000001 0.968264 -0.302441 0.999529
1740 2.25416142 5.97856716 -7.3847423700000006 -0.516932 0.7036819999999999 0.8297690000000001
1760 1.27116018 4.99331943 -6.14651436 -1.07154 2.59326 0.301113
1780 -0.47481381 4.85245764 -4.50099477 0.16841199999999998 -0.465989 -1.626197
1800 -1.05426108 3.42098244 -4.098029400000001 0.841675 2.35557 0.008202
1820 -0.46718163 1.9570263300000001 -4.549789710000001 -1.129504 5.156285 0.092325
1840 0.89514288 1.69537401 -5.97347577 -0.5610890000000001 4.427421 -0.346083
1860 1.70840169 1.6995628800000002 -9.218280420000001 -0.6190439999999999 3.947961 -0.274302
1880 3.6250108200000004 2.38170123 -13.278590370000002 -0.951013 3.472683 -0.4779060000000001
1900 8.55920538 1.9489428900000003 -17.64276507 -0.467628 3.415907 -0.551369
1920 10.44273519 5.5402759800000005 -1.3611178800000001 -0.32162 4.227445 -0.8932200000000001
1940 4.09697973 4.71040884 2.26239201 -0.564475 5.2521830000000005 -0.6686979999999999
1960 -8.42418054 10.21880232 1.72426446 -0.460429 6.008597 -0.509775
1980 -8.27688339 11.037593970000001 -12.44362203 -0.379889 5.6186620000000005 -0.302546
2000 6.33408156 9.66240855 6.3885663 -0.663045 4.908716 -0.205338
2020 3.2084291700000005 9.34446645 -1.88039061 -0.7137399999999999 3.736318 -0.544953
2040 5.44028265 11.69039061 -2.6161111800000003 0.009584 2.083515 -0.765313
2060 5.9839528500000005 11.24252487 -2.15387379 -0.394982 0.102693 -0.562639
2080 5.251077179999999 9.32276673 -1.5771242700000003 -1.0359120000000002 -0.157751 -0.410822
2100 5.44792464 9.505831140000002 -1.8425141999999999 -0.95936 0.735847 -0.168946
2120 6.50757141 9.07637877 -2.63960613 -0.290781 1.862627 -0.145423
2140 7.8026778000000006 7.954310970000001 0.20432268 -0.254047 1.763175 -0.348001
2160 6.7412358 7.7395014 1.55407077 -0.355478 1.273385 -0.585228
2180 5.69190915 6.87266037 0.9788123700000001 -0.234088 0.943951 -0.62455
2200 6.26207616 6.0153939 0.21525102000000002 -0.112459 1.241565 -0.564261
2220 6.1918758 6.32569401 -0.7777858500000001 -0.240149 1.23393 -0.409183
2240 5.28116445 6.93312921 -0.06107706 -0.302456 1.088516 -0.221425
2260 5.60688588 8.16117444 -0.21720321 -0.079445 1.017852 -0.059542999999999985
2280 5.59910655 7.30002321 -0.050295870000000006 0.266355 0.905469 0.039156
2300 4.77357543 6.47598321 0.8026345800000001 0.597526 0.8666209999999999 0.14300000000000002
2320 3.51977895 7.451057970000001 0.21809592 0.791127 0.701091 0.344322
2340 2.35669554 8.1183636 0.0868185 1.059078 0.408747 0.492915
2360 2.1495279600000003 6.4264329 1.0666805400000001 1.446197 -0.127052 0.947095
2380 4.16074473 5.42396862 1.12760064 1.901963 0.091394 1.6005459999999998
2400 6.03455283 6.082298100000001 0.46089342000000005 2.395146 0.20770300000000005 1.657253
2420 6.887326320000001 7.046895780000001 0.7286868000000001 3.426721 -0.985142 0.964165
2440 6.89870592 5.97677193 0.10448631000000001 4.144541 -0.742093 0.301229
2460 7.16739201 4.59484704 -0.74679606 3.296957 -0.228604 -0.03543
2480 7.74025677 5.10543792 -0.49741605 2.66498 -0.8396809999999999 0.147878
2500 8.45352225 6.07497003 0.6932040300000001 1.565362 -3.535671 -0.019786
2520 8.62581528 5.882762700000001 0.83181933 1.19918 -3.953274 0.5667810000000001
2540 9.087003000000001 7.05153591 0.10552617 2.1842040000000003 -1.961346 1.078514
2560 7.77259053 10.841501880000001 3.44403594 2.136584 -0.742284 1.023209
2580 6.94211517 14.574295170000001 4.48946802 1.601868 -0.774671 0.795188
2600 6.41939913 15.34758804 -3.96660483 1.156126 -1.225978 0.290589
2620 5.009780610000001 13.856232600000002 -2.9915300700000005 1.006182 -1.480723 -0.075464
2640 4.54364865 17.55190485 -1.34645193 1.0205229999999998 -1.409374 -0.347852
2660 1.5593093100000002 21.66833781 -0.3412899 0.625829 -0.828974 -0.4944939999999999
2680 -1.8272498400000001 16.80045885 0.59381892 0.041552 -0.346191 -0.57397
2700 -0.56313324 13.00016295 -0.73077633 -0.180327 0.540111 -0.6460899999999999
2720 3.0277584 9.241932330000001 -0.01721655 -0.34766 1.31611 -0.620479
2740 5.88696138 7.81659819 -0.49322718000000004 -0.467955 1.623284 -0.609962
2760 5.41229472 7.554494610000001 -2.2020703200000002 -0.674063 1.885781 -0.5412359999999999
2780 3.40227477 6.95797794 -1.7595902700000001 -0.965554 2.287538 -0.325869
2800 1.96406991 5.15588094 -0.17842428 -0.986045 2.511285 -0.051766
2820 1.4343200999999999 3.76676532 0.48079791 -0.4345560000000001 2.356612 0.054833000000000014
2840 0.89273943 3.7949102100000003 -0.17513793000000002 0.35097399999999995 1.515225 -0.13835899999999998
2860 1.2814803000000001 4.2073029900000005 -1.99340181 0.768387 0.707019 -0.052154999999999986
2880 1.9874177100000001 4.2110406 -2.36314071 0.854492 0.12863 0.391432
2900 2.1604563000000003 4.45967505 -2.08336932 0.538479 -0.27438 0.748664
2920 2.86503993 5.379813810000001 -3.53804517 0.037519 -0.09927 0.815443
2940 3.00410649 6.70590018 -4.74393942 1.076322 1.755227 -0.579048
2960 2.8696800600000003 6.87998844 -4.942866600000001 0.753235 3.458003 -2.0117
2980 3.3453963900000003 6.08679108 -5.84459199 0.63678 2.180326 0.319984
3000 4.15176858 5.723801460000001 -7.65403668 0.7499020000000001 1.967979 0.5774199999999999
3020 5.8642021799999995 6.50038068 -9.848170710000002 -0.02614 2.199888 -0.53284
3040 7.43309586 7.92092754 -9.816739470000002 -0.354084 3.870762000000001 -0.911149
3060 7.516922310000001 10.349030070000001 -8.999134830000001 -0.367577 6.404792 -0.834374
3080 5.99219325 10.535989050000001 -7.478898750000001 -0.172557 7.263112 -0.398277
3100 4.277954610000001 8.57282166 -6.709196340000001 -0.747437 6.616364999999999 -0.135477
3120 2.6268825600000003 5.90956362 -4.87745352 -0.5069600000000001 4.411501 0.656308
3140 5.1970437 13.33965762 -1.5905934000000002 0.956152 2.167034 0.702519
3160 9.05781825 26.771676390000003 0.69515622 0.566044 1.736894 0.184394
3180 -1.2693649500000002 16.12416726 3.85119018 -0.030225 0.8758520000000001 0.243289
3200 -0.9186378300000001 8.92144944 1.22550444 0.419659 1.445647 0.417685
3220 -1.83353805 7.970026590000001 -1.43341758 0.6693520000000001 2.422626 0.437406
3240 0.09714843000000001 7.108414290000001 0.54216927 0.689862 2.313485 0.274251
3260 4.729862070000001 6.120625770000001 6.394697550000001 0.5612779999999999 2.126697 0.210567
3280 6.378089220000001 7.10721747 7.97466672 0.417937 1.815032 0.219579
3300 7.6510348200000005 9.7260264 6.24081789 0.217718 1.361092 0.16001
3320 7.995924990000001 7.371567540000001 3.0861279000000006 0.114359 1.03807 0.044334
3340 10.59871419 6.165231840000001 -1.19886048 0.237005 0.93999 -0.043346
3360 10.15143705 5.75822475 -0.89873334 0.463405 1.070965 0.040321
3380 4.34905749 6.9410655000000006 0.43245423 0.533183 0.8941370000000001 0.243997
3400 3.43131237 7.61720994 3.03523362 0.898559 0.75454 0.471054
3420 4.378693500000001 7.15826871 2.43034902 1.440547 0.649857 0.605297
3440 5.28161571 7.002888120000001 0.01721655 2.088855 0.109573 0.623337
3460 6.75171288 6.641242470000001 -0.02604555 2.604042 -0.400217 0.856188
3480 7.2792162000000005 6.082455060000001 1.6956781200000002 3.463083 -0.55347 1.140123
3500 7.44312168 5.8203416699999995 0.8051753700000001 4.369741 -0.953501 1.025191
3520 7.162908840000001 6.085447110000001 -1.0627859700000002 5.33725 -1.12592 0.414738
3540 6.70950045 6.28647363 -1.7431290900000003 5.141011 -1.185981 -0.378108
3560 7.603583850000001 6.063737580000001 -0.42301701 3.332182 -2.156852 -0.307246
3580 9.61136712 6.86546964 -0.21330864 1.737893 -3.384383 1.156269
3600 10.86096492 7.360943310000001 -0.35176698 2.36388 -5.089468 2.370985
3620 9.833946209999999 7.170393870000001 -0.38694564000000004 3.482124 -5.3056410000000005 1.6494779999999998
3640 7.800431310000001 7.681279050000001 -1.17176526 3.247952 -4.41174 0.754731
3660 6.83269443 10.77175278 -0.9876413700000001 1.886605 -3.243743 0.489489
3680 5.556442860000001 14.244532020000001 2.05642125 1.282948 -3.09717 0.5887020000000001
3700 3.2626196100000002 14.251860090000001 -1.2868758 1.171582 -3.199223 0.099877
3720 2.5282430099999997 13.80055104 -2.78061507 0.925526 -2.507848 -0.488113
3740 3.5992693800000004 16.752860730000002 -1.94520528 0.736043 -2.047724 -0.837198
3760 3.66528087 18.91690749 -1.0210248000000002 0.701513 -0.735083 -0.8626219999999999
3780 5.39119341 18.79956027 0.75233871 0.401602 0.011414 -0.803717
3800 10.15638129 14.69225061 0.45520362000000003 0.253814 0.367709 -0.798797
3820 13.942158390000001 10.456351470000001 -1.09152927 0.040647 0.458823 -0.755537
3840 11.354937660000001 7.18146936 -1.48161411 -0.1771 0.274982 -0.67991
3860 5.58204696 5.16485709 -3.21606135 -0.523192 0.266369 -0.357577
3880 0.47660904000000004 2.90201382 -2.3743633500000003 -0.941395 0.488635 0.098552
3900 -0.6475581 1.9898113499999999 -3.73038984 -1.184783 0.661239 0.301729
3920 0.8184973500000001 2.9150415000000005 -2.79993096 -0.995156 0.863827 0.091287
3940 0.5001138 3.53594583 -2.5017462000000004 -1.120947 0.934272 -0.099826
3960 -0.32796792 3.5856432899999997 -1.00980216 -2.155575 1.675053 -0.371853
3980 -0.24818319 3.00380238 -3.04152183 -0.69795 1.988084 -1.061758
4000 0.6011469899999999 2.8241812800000003 -5.954316840000001 -0.594773 0.145356 -0.934762
4020 1.0642869000000001 3.0097864800000003 -7.83815076 -0.814846 2.602489 0.168298
4040 1.5147032400000002 2.7970860600000007 -8.3927493 -1.722576 3.482935 0.290084
4060 2.56506975 4.13245269 -9.919420740000001 -1.160784 2.8565970000000003 -0.473241
4080 3.9826147499999998 4.3610355 -10.243651049999999 -0.255253 2.714013 -1.031822
4100 3.83083443 4.87491273 -10.375968330000001 -0.587511 4.310807 -0.996665
4120 1.9347282000000001 5.4564495299999995 -11.10750003 -0.903485 5.030891 -0.712443
4140 2.25026685 4.52644191 -12.61486539 -0.578013 4.855929 -0.6640119999999999
4160 2.89916892 2.4378340500000006 -7.817196600000001 -0.129465 4.1952690000000015 -0.473093
4180 -0.35087427000000004 5.63742441 -3.2226438600000002 0.126029 3.479093 -0.35075
4200 2.14084611 14.92695486 -13.317359490000001 0.472958 3.285907 -0.824506
4220 6.459816330000001 23.045622570000003 -16.31052783 0.757216 3.459231 -0.991522
4240 8.54782578 10.0994931 3.0291023700000004 0.658918 3.752171 -0.903921
4260 0.3409956 3.8202102 1.3245952500000002 0.499435 3.694019 -0.609063
4280 -0.25597233 5.18551695 -1.9432629 0.252144 3.294239 -0.585709
4300 3.7503041400000003 7.73770617 0.68317821 0.029135 2.518659 -0.643957
4320 5.007386970000001 9.22141962 1.9230543000000002 0.013409 1.218716 -0.8197260000000001
4340 6.65366193 9.58681269 2.42720001 -0.17469500000000002 0.013257 -0.765016
4360 7.88290398 8.97608133 0.19654335 -0.7601479999999999 -0.273906 -0.639483
4380 7.306007310000001 8.760683160000001 -2.70742266 -0.701643 -0.7324 -0.5840069999999999
4400 5.960899350000001 7.81420455 -4.249368270000001 -0.7336560000000001 -0.404553 -0.491715
4420 4.35668967 6.48316413 -2.42465922 -0.797333 0.171875 -0.465125
4440 4.285135530000001 5.26559598 -1.3105277100000001 -1.104537 0.723438 -0.402816
4460 5.07145608 5.74819893 0.52719921 -0.974653 0.798072 -0.26527199999999995
4480 4.88434014 6.64258644 1.7501628599999999 -0.563024 0.444329 -0.337787
4500 5.8802219099999995 6.10490034 2.04893622 0.263205 0.533222 -0.107803
4520 6.725068919999999 5.5462698900000005 1.30349394 0.954354 0.382108 -0.21280900000000005
4540 8.16282252 6.505766370000001 -0.00523854 1.880468 -0.273359 -0.402053
4560 8.508752549999999 8.712633779999999 -0.25057683000000003 2.88646 -0.487958 -0.355227
4580 8.430468750000001 9.183248910000001 -1.25229555 3.593003 -0.061423 0.25698000000000004
4600 8.91815328 9.075181950000001 -2.6707430700000003 3.3309900000000003 0.066686 1.479168
4620 8.19770688 9.437278860000001 -2.34712098 2.579269 -1.2513450000000002 2.200929
4640 6.942262320000001 9.40838841 -0.6014511 1.569978 -4.40069 2.374171
4660 7.36872264 9.20122083 -1.3500423900000003 1.516701 -5.21497 2.25627
4680 8.05579542 9.9312516 -2.6090774100000003 1.526463 -5.098259 2.09916
4700 6.85574793 12.119695830000001 -3.42846747 1.958533 -4.284628 1.252967
4720 5.025947490000001 14.393467440000002 -2.34382482 2.573328 -2.456213 0.886382
4740 3.9793284 13.33127988 -1.8238065300000001 1.367103 -1.855252 1.628146
4760 2.8259765100000003 11.843524709999999 -1.6229271600000001 1.461547 -1.725857 1.156486
4780 3.98860866 7.28400348 -2.6411070600000004 0.978238 -1.7193169999999998 0.207725
4800 5.777383680000001 6.85065654 -2.7913962600000004 -0.016648 -1.416304 0.152318
4820 8.73793377 7.75238193 0.84843747 -0.5506939999999999 -0.725769 0.023789
4840 8.92458864 12.35486115 0.6479995499999999 -0.954128 0.055961 -0.113559
4860 8.33990283 12.063111750000001 -3.6914735700000003 -1.185002 0.7095239999999999 -0.316834
4880 8.40411909 10.399777200000003 0.71835687 -1.1946139999999998 1.0403639999999998 -0.459399
4900 4.261336470000001 10.6949601 -2.31089265 -1.4277799999999998 1.5189469999999998 -0.325977
4920 2.80127493 12.588819840000001 -1.40392872 -2.1564240000000003 2.056042 -0.27620700000000004
4940 2.2290183900000002 10.762168410000001 -2.36373912 -1.83143 2.552786 -0.638837
4960 1.7958186 12.629835450000002 -8.38361619 -0.791976 2.852677 -0.8776520000000001
4980 4.42704699 5.817202470000001 -4.85904996 0.936351 2.710837 -1.004267
5000 4.279151430000001 3.2370155100000004 -5.503302090000001 -0.466533 5.222898000000002 -0.8890979999999999
5020 3.21426612 4.29801606 -5.43250332 -0.041933 2.815077 -0.916162
5040 1.93562091 2.68631154 -3.79924623 -0.212564 1.069241 -0.540171
5060 1.13239773 1.7485147800000003 -3.7250041500000006 -0.805663 2.105642 0.001288
5080 1.08074808 1.5033236400000003 -4.01958864 -0.127166 2.612202 -0.192243
5100 1.49718258 1.9666107000000002 -5.01233121 0.770837 2.670011 -0.774634
5120 2.84109372 1.8838339200000003 -4.7806092 0.462539 3.234177 -0.932403
5140 2.4538439700000003 2.5697098800000004 -1.7491131900000003 0.07928099999999999 3.068712 -1.045963
5160 1.5432895800000002 3.02955363 0.73796706 -0.161831 1.927179 -1.479883
5180 1.38746754 3.63653757 -0.7852708800000001 -0.703275 0.178584 -1.689727
5200 1.6932746699999999 8.092622160000001 -4.68480474 -1.239073 -1.437971 -1.359181
5220 9.55732383 14.40738783 4.66549866 -1.715413 -1.76111 -0.856825
5240 5.503302090000001 13.337263980000001 -2.34712098 -2.180044 -1.207191 -0.18246
5260 6.995854350000001 11.048973570000001 -6.890171220000001 -2.189527 -0.249183 0.27665
5280 7.277715270000001 6.57702621 -0.57884886 -1.587255 1.187389 0.408271
5300 6.45548031 5.4007679699999995 1.8678141900000003 -1.61997 0.543902 -0.08037899999999999
5320 5.31200709 6.0273621 -0.18980388 -1.171461 0.195767 -0.52118
5340 5.32442655 8.54438247 -3.1763995200000004 -0.083084 0.258965 -0.485885
5360 5.94383976 10.15607718 -3.6398337300000003 0.730105 0.084673 -0.228949
5380 7.59056598 9.14612787 -2.28903597 1.398535 -0.332737 -0.053898
5400 8.597817540000001 8.90348733 -0.87118686 2.180974 -0.701869 0.203072
5420 10.31954121 10.2785256 -0.70323966 2.866361 -0.737587 0.548668
5440 12.481498440000001 11.730209400000001 -0.9322639200000001 3.64302 -0.792196 0.7443069999999999
5460 12.66606378 10.161619830000001 -2.4881299200000004 3.429307 -0.548783 1.062969
5480 10.67609547 8.60096655 -1.5164984700000002 2.245875 -0.981596 1.633165
5500 7.4721592800000005 8.836877430000001 -0.22917141000000002 1.414265 -3.051269 2.047683
5520 3.9591198000000003 9.955649069999998 -5.777383680000001 0.695995 -4.644097 1.931476
5540 2.8193841900000005 9.20331036 -8.45352225 0.925062 -3.796805 1.899943
5560 4.8993102 7.17877161 -5.7712524300000005 1.925749 -3.016683 1.746768
5580 5.1341714099999995 5.79414897 -3.70883727 2.5317990000000004 -3.035932 1.240416
5600 3.39299451 5.970483720000001 -1.79926191 1.843526 -3.886594 0.649177
5620 1.30723155 6.696924030000001 -1.28537487 0.8375739999999999 -2.117074 0.963554
5640 1.29809844 7.182214920000001 -1.71139374 0.646863 -1.2913709999999998 0.302071
5660 2.5970994000000003 7.00049448 -1.39031244 -0.238525 -0.8206049999999999 0.026091000000000003
5680 5.175039870000001 7.4381774400000005 -0.5436702 -0.91074 -0.8745700000000001 -0.014855000000000004
5700 8.0545986 9.61570314 -0.02499588 -1.267005 -0.864777 -0.023765
5720 10.127637990000002 13.292962020000001 -0.40086603 -1.683048 -0.264045 0.091132
5740 7.900571790000001 15.03114687 -1.0681814699999999 -1.888666 0.686092 0.025453
5760 4.77881397 13.336812720000001 0.53408583 -1.804809 1.7087419999999998 -0.043638
5780 3.17250495 8.13483459 -2.7993325500000004 -1.964605 2.645939 -0.110049
5800 5.664225330000001 8.71592994 -7.60223988 -2.020982 3.368393 -0.376287
5820 4.299055920000001 11.44041219 -8.59692483 -0.838491 3.322184 -0.501496
5840 3.61183599 10.142608050000002 -6.130504439999999 0.594831 2.415057 -0.8001060000000001
5860 3.75748506 3.62321559 -5.19584688 0.225575 4.388833 -0.701597
5880 4.82791302 3.53833947 -7.6612176000000005 -1.239589 4.220796 -0.566338
5900 4.27420719 5.4546543000000005 -6.8687658 0.167675 1.957204 -0.218186
5920 3.12310179 5.76047124 -4.89796623 0.105922 1.248156 -0.005132
5940 1.77501159 3.6657223200000004 -2.5596742500000005 -0.06784 2.007176 0.009773
5960 0.49052943 2.52015957 -3.07026513 0.468337 2.6812720000000003 -0.398611
5980 -0.21001248 2.04400179 -4.04369181 0.748502 3.000014 -0.697233
6000 0.83975562 1.07521524 -4.13245269 0.21391 3.205402 -0.7140489999999999
6020 1.7064495 1.10051523 -0.14579622 -0.072661 2.682747 -1.0967360000000002
6040 0.97656588 1.91901258 0.8196941700000001 -0.482954 1.321738 -1.376664
6060 0.8258352300000001 4.0080618900000005 -0.65683836 -1.220127 -0.755308 -1.331082
6080 1.9407123000000002 10.45366353 -6.848861310000001 -1.555894 -1.730402 -0.948686
6100 9.890079029999999 16.363227150000004 1.0991614500000002 -1.932032 -1.170585 -0.493763
6120 6.358930290000001 10.268941230000001 0.5174775 -1.935514 -0.237468 -0.2087
6140 6.57342594 7.775729730000001 -5.66661897 -1.510477 0.934461 -0.07584199999999999
6160 7.6175140500000005 6.240974850000001 -2.55024684 -1.427329 0.655066 -0.34089
6180 6.856493490000001 5.726195100000001 1.49389623 -1.378287 0.256989 -0.733143
6200 5.88096747 7.1923977 0.20402838 -0.823933 0.364916 -0.76466
6220 5.405408100000001 9.48727062 -3.2088804300000007 -0.283113 0.352455 -0.515176
6240 6.052367790000001 10.221048810000001 -3.3775731900000006 0.251244 0.30813 -0.283855
6260 7.4365391700000005 8.680594319999999 -1.9173645000000001 1.029011 -0.062516 -0.176466
6280 9.452690370000001 9.43458111 -0.78182757 1.7218330000000002 -0.715576 0.03324
6300 11.998149930000002 11.941418700000002 0.44666892 2.325953 -1.179711 0.22713000000000005
6320 13.26271779 12.22088598 -1.01099898 3.004674 -0.924084 0.447324
6340 11.338025220000002 9.79383312 -2.59650099 3.3652550000000003 -0.650561 0.7304350000000001
6360 8.15234544 8.90423289 -0.6792836400000001 3.1044970000000003 -0.360283 1.357424
6380 5.970934980000001 9.680370660000001 -0.12154590000000001 1.7435900000000002 -1.608395 1.906061
6400 4.2284043 10.49961357 -4.781207610000002 1.370493 -2.966155 2.378417
6420 5.094951030000001 9.187447590000001 -5.77558845 1.147019 -4.357311 2.282499
6440 6.189178050000001 6.177651300000001 -4.94212104 1.07218 -4.512097 2.161465
6460 6.176758590000001 4.15341666 -4.29321897 1.446197 -3.5054480000000003 1.846594
6480 4.61445723 4.007022030000001 -3.0347921700000002 1.773394 -3.497663 1.215414
6500 2.6556258600000002 5.746698 -0.8946916200000001 1.360105 -3.258297 0.589447
6520 1.62606636 6.74826957 -0.7174543500000001 0.405529 -2.254525 0.813297
6540 1.6693284600000002 7.9854479099999995 -2.20357125 0.627559 -1.400676 0.214482
6560 2.37376494 7.5513456 -1.2298404600000001 -0.230897 -0.933907 0.114952
6580 3.9329172900000002 7.77977145 -0.7457463900000001 -0.904372 -0.807779 0.05988
6600 6.16164138 10.2643011 -0.83421297 -1.351189 -0.474055 0.107606
6620 8.05040973 13.69187586 -1.0897340400000002 -1.496563 0.13383 0.06415
6640 9.39281994 13.63813668 -1.30064904 -1.430527 0.7039949999999999 -0.053623
6660 9.21273777 13.81342176 -0.7430584500000001 -1.29762 1.531335 -0.074051
6680 7.22696814 11.265725520000002 -2.8847972700000004 -1.762352 2.440057 -0.214126
6700 5.4398412 10.092910589999999 -5.315891850000001 -1.50813 3.039645 -0.393648
6720 4.68556011 10.54497501 -8.677455120000001 -0.378445 2.646309 -0.511303
6740 2.3276579400000004 9.524538810000001 -7.440728040000001 0.7097479999999999 2.2935380000000003 -0.614345
6760 3.28910661 10.01192904 -6.12166563 -1.075408 4.5615440000000005 -0.6735180000000001
6780 5.2852061699999995 1.66827879 -4.09862781 -0.551759 3.2901860000000003 -0.473815
6800 4.50533079 4.601880810000001 -6.8096409300000005 0.167508 1.586983 -0.075639
6820 3.3949368900000003 5.02924365 -5.715718020000001 -0.238021 2.11115 -0.0033
6840 2.05297794 3.7020978 -3.6549509400000004 0.077773 2.010205 -0.340659
6860 0.59202369 2.3733136800000008 -1.9685530800000002 0.696855 1.458711 -0.956265
6880 -0.34114275 1.70376156 -3.2838680700000005 0.366346 1.5798450000000002 -1.125371
6900 0.51193485 0.53109378 -4.77042642 0.217449 2.495989 -1.264318
6920 1.8646749900000001 0.7512890400000001 -1.97379162 0.1544 3.041146 -1.409667
6940 0.5092371000000001 1.2364327800000001 0.5104339200000001 -0.488886 1.935219 -1.34224
6960 -0.38230551 3.8336793300000003 -4.3544431800000005 -1.073452 -0.319397 -1.245158
6980 3.0865791600000003 9.871822620000001 -6.748563870000001 -1.483537 -1.8506080000000005 -0.7877930000000001
7000 10.56562506 15.25492278 3.0443667300000006 -1.9240000000000002 -1.072389 -0.282325
7020 5.763914550000001 11.251648170000001 0.22663062000000003 -1.867503 -0.159431 -0.06945599999999999
7040 5.79833784 8.296346430000002 -4.558765860000001 -1.633017 0.730466 0.161777
7060 7.494467220000001 6.7847922 -0.17708031000000002 -1.455676 0.824383 -0.034725
7080 6.56399853 6.60771189 1.35258318 -1.50811 0.339546 -0.487396
7100 5.895643230000001 7.425306720000001 -0.72254574 -0.93324 0.6745680000000001 -0.5842229999999999
7120 5.808226320000001 8.125250220000002 -3.43984707 -0.528537 0.59295 -0.50438
7140 6.06029427 9.18415143 -3.38460696 -0.040935 0.570175 -0.293709
7160 7.82707527 8.72220834 -2.01570975 0.448707 0.30445 -0.067759
7180 7.50344337 9.51092253 -1.62367272 1.168268 -0.428219 0.047165
7200 8.98476318 10.37342754 -0.49576797 2.170107 -0.78784 0.39966
7220 12.279412440000002 11.080257660000001 -0.30895614000000005 2.941317 -0.6048680000000001 0.859875
7240 12.986546670000001 10.79959356 -3.4578091800000004 3.688617 -0.564488 1.035958
7260 10.82069487 9.301655610000001 -1.62232875 3.194307 -0.352044 1.084576
7280 7.32442068 9.867633750000001 0.08667135 2.0824990000000003 -1.469108 1.412595
7300 5.19120675 10.18212273 -0.28979721 1.462921 -3.289588 1.6637689999999998
7320 2.7149076900000004 10.583292870000001 -5.46768198 1.405101 -4.581221 1.843413
7340 3.7103382000000003 8.86067649 -6.0993675000000005 1.839751 -3.206773 1.938691
7360 5.8130136000000014 6.273750060000001 -5.78412315 2.14711 -2.955346 1.933038
7380 6.330481290000001 4.434227910000001 -4.781207610000002 2.294906 -3.719168 1.278093
7400 5.128481610000001 3.55256397 -3.3916505400000005 1.496575 -3.236463 0.871315
7420 3.00949218 4.752915570000001 -1.87185591 1.086187 -2.240989 0.834058
7440 1.8086893200000003 6.52702464 -0.9053158500000001 1.1666 -1.7141400000000002 0.081916
7460 1.9028457 7.511978070000001 -2.1115044 0.452639 -1.487136 -0.123119
7480 2.68736121 7.771992120000001 -1.46754657 -0.295683 -1.33554 -0.355004
7500 4.022433540000001 8.67491433 -0.18576216000000004 -0.894078 -0.898553 -0.424905
7520 5.361704550000001 12.19678281 0.3094074 -1.326026 -0.134392 -0.406469
7540 6.307731899999999 14.685511140000003 -0.5587874100000001 -1.783929 0.558461 -0.381713
7560 6.290819460000001 14.378948640000003 -1.9314320400000002 -1.797981 0.964493 -0.410105
7580 7.89712848 12.924125640000002 -1.8541979100000001 -1.592362 1.178794 -0.367283
7600 8.41520439 8.60485131 -5.41559088 -1.433628 1.6320370000000002 -0.097563
7620 7.50374748 9.504781470000001 -9.17008389 -1.701538 2.364624 -0.051235
7640 4.15685997 11.13983379 -7.356303179999999 -1.06156 2.7206650000000003 -0.132679
7660 1.0532114099999998 11.08624176 -5.4947772 -0.225516 2.671675 -0.327602
7680 2.3623853400000003 1.03479804 -4.279455540000001 0.219281 2.4643200000000003 -0.274023
7700 4.524342570000001 3.5253216000000003 -7.22382894 -0.56931 3.195497 -0.222784
7720 3.75614109 5.13088506 -8.036636490000001 -0.355513 2.408192 -0.391197
7740 2.22318144 4.7999152800000005 -6.46520202 0.17666600000000002 1.362574 -0.440619
7760 1.01893527 4.22077212 -4.42719414 -0.507307 2.318379 -0.17743
7780 0.7459033500000001 3.08717757 -3.18822057 -0.356155 2.634675 -0.019751
7800 0.8886977100000001 3.6988114500000004 -3.24555021 0.5381739999999999 2.931754 -0.494584
7820 1.17894618 4.06194822 -4.62732795 0.754324 3.479785 -0.801425
7840 2.32930602 3.2470511400000004 -6.724764810000001 0.44328 3.832492 -0.55729
7860 3.8466972000000004 2.07258813 -4.4825814 0.591308 3.863458 -0.7037100000000001
7880 2.2646385 1.7438746500000002 -1.8419157900000003 0.463263 3.5743410000000004 -0.752304
7900 1.2930070500000002 4.4996409900000005 -5.689819620000001 -0.025531 2.013693 -0.856268
7920 3.31605468 9.79428438 -4.3824409200000005 -0.5244939999999999 -0.344974 -0.919756
7940 6.91397028 12.67458867 -0.83990277 -1.17728 -1.825094 -0.773936
7960 4.065244379999999 10.22134311 0.21974400000000002 -1.292185 -1.241919 -0.259535
7980 1.7396857800000003 6.812328870000001 -3.48415884 -1.489457 -0.228211 0.019799
8000 4.1068584 5.25243096 -2.81235042 -1.683531 0.398326 0.149032
8020 5.41259883 3.78398187 2.28125664 -1.65195 0.876022 0.008703
8040 5.3473329 3.85119018 0.83421297 -2.046366 1.428023 -0.2287
8060 6.4810746 7.59894372 -2.11599738 -2.193795 1.450421 -0.6399560000000001
8080 7.13850156 9.693094230000002 -4.57987698 -1.944823 1.5040129999999998 -0.6714
8100 7.51706946 10.770251850000001 -5.1741373500000005 -1.484514 1.326825 -0.716028
8120 7.73965836 8.95079115 -2.89318482 -1.017283 0.983609 -0.8052600000000001
8140 8.271497700000001 8.58764457 -1.23837516 -0.733871 0.383037 -0.845239
8160 7.5576338100000005 9.05976063 -0.96728562 -0.054970000000000005 0.330181 -0.736812
8180 9.58187826 8.80753572 -0.18082773000000002 0.7750279999999999 0.028386 -0.310816
8200 11.050023240000002 9.513169020000001 -0.7589212200000001 1.428747 0.020775 0.225734
8220 12.05817732 10.43211096 -4.0161453300000005 1.509942 -0.196587 0.698734
8240 10.90107801 10.07150517 -1.37489112 1.67282 -0.535821 0.676805
8260 8.561746170000001 9.88603731 -0.7774817399999999 3.014338 -0.166724 0.71775
8280 7.289987580000001 9.83290635 -1.17385479 3.371573 0.175429 0.624735
8300 6.6128032800000005 10.6687674 -0.38200140000000005 2.528043 -0.274025 0.799948
8320 5.57186418 10.649157210000002 0.20671632 1.904241 -0.708482 0.764101
8340 5.779777320000001 10.158922080000002 -0.9892894500000001 1.546887 -0.784755 0.434827
8360 5.872285620000001 9.75042387 -3.43341171 1.078493 -1.045332 -0.06163
8380 5.30885808 8.565336630000001 -5.498220510000001 1.058827 -1.15719 -0.30945100000000003
8400 4.84812162 6.49753578 -7.566011550000001 1.806156 -1.534601 -0.082626
8420 5.53189824 4.34786067 -3.23132571 2.00005 -1.945806 0.283519
8440 4.806203490000001 4.64005152 0.93750246 1.6669 -1.987231 0.541891
8460 3.4344613800000006 6.7529097 1.9258992000000001 1.417594 -1.501396 0.474366
8480 2.01645531 6.7919731200000015 -0.94752828 1.680178 -0.969896 0.265079
8500 2.48004648 6.99734547 -2.66535738 1.395781 -0.98441 0.145607
8520 3.96735039 7.60523193 0.27722079 1.131877 -0.673179 0.065385
8540 4.833602820000001 10.34124093 1.56873672 0.98453 -0.236917 0.052046
8560 4.31942148 12.30770448 1.3867121699999998 0.62943 -0.356374 0.12983499999999998
8580 2.9982695400000003 12.53239272 2.05852059 0.247774 -0.536112 0.12099
8600 1.79357211 11.316462840000002 1.3793841 -0.020047 -0.233043 -0.045775
8620 -0.36763956000000003 9.939933450000002 0.40461345 -0.245106 0.375416 -0.163495
8640 -0.16002072 9.06873678 0.30206952000000004 -0.441402 1.007078 -0.247928
8660 3.0979587600000005 8.050262580000002 -3.82035735 -0.769584 1.461423 -0.364034
8680 6.96277503 9.69398694 -7.782763500000001 -1.110781 1.817059 -0.293166
8700 6.328391760000001 10.33121511 -2.5333344 -1.231499 2.084708 0.011159
8720 4.73674869 10.21400523 -0.25387299 -0.8815059999999999 2.279826 0.197088
8740 2.79034659 7.530538590000001 1.0159334100000001 -0.488757 2.294497 0.183789
8760 1.6878889799999999 5.357957129999999 -0.20896281000000003 -0.6790149999999999 1.379525 0.057583
8780 1.95448554 3.9472889400000004 -1.22041305 -0.775204 0.465559 0.130721
8800 3.0566390400000003 4.064498820000001 -2.4716589300000007 -0.488242 0.26952800000000005 0.41926
8820 3.97019529 5.061126150000001 -3.6051063300000004 -0.189002 0.282956 0.797347
8840 4.39875495 5.862554100000001 -3.2055842700000006 -0.318977 0.5063840000000001 0.979887
8860 3.80658411 5.64311421 -2.0130120000000002 -0.421648 0.548849 0.8391790000000001
8880 2.2519149300000003 4.66130979 -1.5590052 0.08505 1.147849 -0.210248
8900 0.9860031 4.46101902 -1.5844523400000003 0.487646 1.99355 -1.590799
8920 1.36291311 4.9590334799999995 -2.31224643 0.537273 0.254723 0.8345030000000001
8940 2.74499496 5.49102978 -3.6558436500000004 0.029441 0.4633890000000001 1.04006
8960 4.4004030300000005 5.722898939999999 -4.77955953 -0.7252609999999999 1.082383 0.080073
8980 6.118075170000001 6.08693823 -6.11927199 -0.067701 2.820326 -0.8746879999999999
9000 7.66061919 6.78000492 -8.37703368 0.559858 4.952952 -1.403943
9020 7.331454450000001 8.03439 -11.32470324 0.199831 5.486175 -1.2383620000000002
9040 6.3250956 8.328385890000002 -10.195748820000002 -0.409628 4.365324 -0.399424
9060 6.51400677 7.86329379 -7.4182729499999995 -0.554513 3.329226 0.420218
9080 7.624842120000001 6.37060419 -6.670731330000001 0.749102 3.301247 0.426155
9100 8.183933640000001 5.72469417 -5.51542725 0.959905 3.094505 0.7953600000000001
9120 6.82311006 5.19614118 -4.47330114 0.580942 2.549537 1.010261
9140 7.355999070000001 9.5151114 -3.7758984300000002 0.09944 1.861366 0.629629
9160 12.46323222 24.658975169999998 -1.14900606 0.399729 1.843679 0.26428
9180 4.3322922 22.384006740000004 0.64141704 0.361755 1.99263 0.077954
9200 -2.8015692299999997 10.532398590000001 2.3472681300000002 0.382083 2.141151 0.214638
9220 -4.490664840000002 6.440510250000001 -1.22729967 0.5075029999999999 2.159391 0.339404
9240 -5.383257120000001 4.12856793 -0.059428980000000006 0.5593670000000001 2.0315220000000003 0.303611
9260 -0.9662359500000001 4.74124167 2.8340599500000003 0.568916 1.7980200000000002 0.080718
9280 4.284988380000001 7.269484680000001 6.70246668 0.5204880000000001 1.7584490000000002 -0.104372
9300 5.8562757 11.08624176 7.959843810000001 0.373016 1.6675 -0.142673
9320 8.2973961 10.539285210000001 5.333559660000001 0.24413 1.510152 -0.109189
9340 12.7395603 6.943164840000001 0.7117743599999999 0.275508 1.419297 -0.059715
9360 11.03534748 6.85080369 -3.2626196100000002 0.503524 1.4341540000000002 0.023044
9380 6.2167245300000005 8.55980379 -0.5502527100000001 0.646774 1.378849 0.142688
9400 3.01846833 8.22629322 2.5394656500000004 0.736225 1.302106 0.3421
9420 1.0916764200000002 7.56332361 4.3843833000000005 0.837043 1.12632 0.524628
9440 2.66041314 7.8123995100000005 2.66566149 1.143065 0.740175 0.654378
9460 5.828425110000001 8.24919957 1.04946399 1.865832 0.425428 0.949318
9480 7.487129340000001 7.5438605700000005 2.2320104400000003 2.422584 0.631413 1.434711
9500 6.723872100000001 6.2730045 2.6141589900000004 3.3927910000000003 0.559549 1.515288
9520 5.284009350000001 5.9923404 1.96570818 4.6891940000000005 0.37787 1.070582
9540 4.7741738400000004 6.662795040000001 0.67584033 5.448757 0.048388 0.756911
9560 5.7869680500000005 7.007076990000001 0.92267955 5.0347230000000005 0.027254 0.274415
9580 6.95768364 7.411837590000001 1.16337771 4.518561 -1.635994 -0.254761
9600 7.199725770000001 7.2293617800000005 0.5843817000000001 2.070638 -6.215862 -0.4678850000000001
9620 7.139855340000001 6.51355551 -0.00359046 2.715168 -5.040598 -0.027986
9640 7.560331560000001 6.014638530000001 0.9689337 3.644182 -2.282281 0.41828
9660 8.08663806 6.51370266 1.02776427 2.995711 -1.822778 0.355478
9680 8.192017080000001 6.662490930000001 0.0047872800000000005 2.1818470000000003 -2.427426 0.421071
9700 7.85940903 6.56609787 -0.81131643 1.905305 -2.951639 0.418742
9720 8.20983204 8.380476990000002 0.47960109000000006 1.693932 -3.085767 0.311684
9740 8.159977620000001 12.77847657 4.190832 1.414821 -2.651757 0.176719
9760 7.12818144 13.267809180000002 3.2967486000000004 0.824411 -2.042672 -0.313159
9780 6.00939999 12.99702375 0.07289811 0.768541 -1.084443 -0.933277
9800 4.31223075 12.88146195 0.9026181 0.911236 -0.421426 -1.160662
9820 3.3078240900000004 16.86632319 -3.47906745 0.815439 -0.227791 -1.016301
9840 1.6522688700000001 19.45938087 -3.1063365 0.7072689999999999 -0.112136 -0.807833
9860 1.7775523800000002 14.487918120000002 0.5185173599999999 0.56394 0.150103 -0.463066
9880 4.058210610000001 11.69921961 1.67082939 0.40646 0.189329 -0.279414
9900 8.40562002 10.186164450000001 2.32660827 0.338744 0.15728599999999998 -0.199729
9920 9.015605820000001 8.617280580000001 -2.52015957 0.26533 0.041119 -0.123181
9940 7.41123918 8.123759100000001 -4.585566780000001 0.187149 -0.191125 -0.051859
9960 5.8323196799999995 7.858810620000002 -3.5533095300000004 -0.021318 -0.535497 -0.065692
9980 5.53294791 6.778199880000001 -1.5947822700000003 -0.313949 -0.7267939999999999 -0.191405
10000 4.9590334799999995 6.05431017 -0.76535658 -0.319072 -1.122123 -0.158888
10020 3.3434442000000004 4.94242515 -1.6802568 -1.1757959999999998 -0.8486030000000001 0.114652
10040 -0.5762982600000002 4.0140558 -2.2150980000000002 -0.842514 -0.15147 0.24747800000000006
10060 -2.46612609 2.9286577800000004 -2.4584841 -1.022591 -0.182581 -0.07420700000000001
10080 0.22094082 3.8405659500000002 -5.198240520000001 -1.251302 1.67067 0.205968
10100 2.8620478800000004 4.5218017800000005 -6.114337560000001 -1.305464 3.1887220000000003 0.244237
10120 2.9213297099999997 2.6307771300000002 -5.15497842 -0.8284219999999999 3.4064940000000004 -0.282548
10140 1.77665967 2.06854641 -5.04450801 -0.4347180000000001 3.554638 -0.37506
10160 0.7607164500000001 1.86991353 -6.0573022199999995 -0.27631500000000003 3.6022830000000003 -0.439176
10180 0.3912816600000001 1.80314667 -7.91703297 -0.626526 3.781396 -0.438647
10200 1.14062832 2.10671712 -10.62520119 -1.071465 3.830645 -0.38093
10220 2.2905369 2.92596984 -13.436207640000001 -1.023385 3.769003 -0.458495
10240 3.40347159 4.48018776 -14.50139706 -0.734143 3.87197 -0.617908
10260 3.5013655800000003 5.79969162 -13.93556607 -0.410613 3.969646 -0.815531
10280 2.99167722 6.51594915 -14.86737873 0.001187 4.962875 -1.004071
10300 1.9173645000000001 9.00602145 -5.14405008 0.5252220000000001 5.8117160000000005 -1.145708
10320 -1.19975319 11.34146853 -9.41915979 0.85839 6.082442 -0.938629
10340 -1.80390204 14.245277580000002 -11.963873790000001 0.8903530000000001 5.253024 -0.808088
10360 2.44336689 10.366688070000002 -4.99226976 0.336717 3.067256 -0.639307
10380 -0.37257399 7.56332361 0.34578288 -0.080364 0.664674 -0.44793
10400 0.5960556 9.87466752 -0.034874550000000004 -0.253027 0.468299 -0.207466
10420 3.7743975 10.304718300000001 -0.46478799 -0.006767 0.849125 -0.019295
10440 5.92049196 11.610605880000001 -3.01427946 0.454468 0.959231 0.017969
10460 7.84293804 12.996278190000002 -3.95567649 0.206887 0.906032 0.216065
10480 7.840250100000001 11.57004153 -2.8234259100000005 -0.14638900000000002 0.67584 0.013067
10500 5.57994762 7.674990840000001 -2.00238777 0.298082 1.068287 -0.211863
10520 3.7986478200000002 5.14180359 -1.9428116400000002 -0.165953 1.202469 -0.331712
10540 3.7743975 4.379439060000001 -1.8964103400000003 -0.6931649999999999 0.962241 -0.538049
10560 4.65427602 4.9081392 0.53843166 -0.560932 1.081621 -0.403751
10580 4.96292805 5.4607953600000005 1.20634551 -0.310385 1.480486 -0.201686
10600 5.74969005 5.832623790000001 1.14421878 -0.093996 1.792452 -0.08307
10620 6.455921760000001 7.2447831 0.67016034 0.165393 1.594435 -0.07245900000000001
10640 6.49319976 8.0748072 -0.8137100700000001 0.7289 1.170477 -0.299784
10660 7.673646870000001 7.77168801 -1.76692815 1.674057 0.814955 -0.389934
10680 8.59602231 6.332129370000001 -1.11023694 2.325189 0.341278 0.017941
10700 7.81988454 5.060822040000001 -0.77867856 3.108598 -0.311123 0.250712
10720 6.412365360000001 6.04488276 -1.1608369200000002 3.602062 -0.654713 0.498154
10740 5.057378730000001 6.97624416 -1.61663895 3.54355 -0.416587 0.938615
10760 5.1442070399999995 6.67566576 -1.94685336 3.21221 -1.164608 1.274818
10780 5.28460776 6.67970748 -0.01406754 2.622081 -2.421332 1.710277
10800 5.65628904 8.33002416 1.09931841 1.766533 -3.618785 1.673789
10820 6.557710320000001 8.90109369 -0.7626686400000001 1.3192700000000002 -4.4053330000000015 1.888522
10840 8.883877140000001 8.94030426 -1.58954373 1.913095 -4.400354 1.993076
10860 10.44991611 10.39917879 -2.3596974 2.523157 -4.252423 1.234437
10880 9.56091429 11.63605302 -3.0509590500000003 1.302747 -3.741362 0.762718
10900 8.02376577 11.61914058 -3.898494 1.340649 -2.449454 0.265672
10920 6.406381260000001 11.91088017 -3.53474901 1.510616 -1.130623 -0.152506
10940 5.29673292 12.475661490000002 -1.93621932 0.64774 -0.851554 0.07077699999999999
10960 4.97550447 12.1179006 -0.6617727900000001 -0.239696 -0.624517 0.007672
10980 5.74370595 10.48524192 -0.37841094 -0.849668 -0.227666 -0.138103
11000 5.023249740000001 8.40052863 -1.33672041 -1.379875 0.177171 -0.219237
11020 4.972208310000001 7.43998248 -3.1169705400000005 -1.576407 0.628254 -0.432696
11040 5.70074796 6.98731965 -2.3110398 -1.533236 0.937188 -0.471246
11060 7.4384815500000006 8.678200680000002 -1.7805444300000002 -1.814073 1.6686490000000005 -0.398301
11080 8.198903700000002 12.020457870000001 -1.10336013 -2.044581 2.301427 -0.465884
11100 7.711062210000001 11.46840012 1.7245685700000002 -1.012211 2.451241 -0.4642060000000001
11120 7.42365864 10.0903698 -0.8035272900000001 -0.048212 2.842903 -0.67696
11140 7.62663735 11.018582190000002 -5.838313590000001 -0.483301 3.647338 -0.8701049999999999
11160 4.55248746 10.276730370000001 -6.2035497 -0.350106 2.874535 -1.132035
11180 -0.2775249 9.26303364 -6.110295840000001 -0.036713 2.244355 -0.986965
11200 1.6224759000000002 1.31441247 -2.7831656700000007 -0.439172 2.738794 -0.6763520000000001
11220 4.00492269 5.967491669999999 -5.80029003 -0.175957 2.629493 -0.477821
11240 4.11075297 6.409971720000001 -6.62656671 0.579092 2.581925 -0.6914710000000001
11260 2.32660827 4.4637167700000004 -5.29060167 1.182866 2.619961 -0.8699690000000001
11280 0.9936352800000001 3.78847485 -4.42554606 0.365618 2.540141 -0.713205
11300 1.47727809 2.96653419 -4.43767122 -0.310732 2.393891 -1.1151209999999998
11320 1.61140041 2.4845296500000003 -5.51168964 -0.632314 0.999714 -1.702034
11340 2.96653419 1.3060347300000001 -5.88156588 -1.061717 -0.689947 -2.094906
11360 3.93097491 1.78593993 -2.34966177 -1.595064 -1.688505 -0.736437
11380 2.46372264 2.98584027 -1.9917537300000001 -2.001969 -1.498391 0.024256
11400 3.4880436 7.08267285 -3.48715089 -2.283468 -0.76858 0.243544
11420 4.45443651 11.51300619 -0.86669388 -1.900713 0.875775 0.285772
11440 2.89827621 11.029069080000001 2.22077799 -1.692953 1.096332 0.09466
11460 0.9066598200000001 8.649761490000001 -4.3905243600000015 -1.6545029999999998 0.637883 -0.37557
11480 4.5375174000000005 7.615267560000001 -3.34764288 -1.267807 0.256179 -0.626616
11500 6.63959439 5.19300198 0.5545985400000001 -0.619213 0.089406 -0.774628
11520 8.340501240000002 4.69438911 1.674567 0.306055 -0.041726 -0.485986
11540 9.25630398 6.449192100000001 0.12304683000000001 1.436507 -0.373685 -0.236246
11560 7.47574974 8.36625249 -4.86008982 2.657794 -0.38339 0.066058
11580 5.439085830000001 9.33893361 -5.33789568 3.456632 -0.057378 0.695062
11600 5.52426606 8.00176194 -1.3986901800000002 3.5155 -0.604346 1.296514
11620 6.95632986 7.8321666599999995 -1.71049122 2.204244 -1.343274 1.274415
11640 12.218943600000001 10.141264080000001 0.8792703000000001 1.337745 -3.599387 1.191137
11660 10.67639958 13.86072558 -2.43678438 0.982373 -4.107195 1.416837
11680 11.465103960000002 11.83348908 -2.97686412 1.30784 -3.414479 1.861535
11700 9.4226031 10.52072469 -2.3095486800000007 1.879218 -3.330946 2.054494
11720 6.92564418 10.34708769 -0.28201788000000005 2.005056 -4.415559 1.454286
11740 5.09929686 10.38944727 -4.445460360000001 2.001389 -3.849823 1.172593
11760 4.183651080000001 9.37230723 -6.778356840000001 1.505095 -1.84915 1.315045
11780 5.19225642 7.59341088 -6.5370602700000005 1.492675 -1.771748 0.352391
11800 6.521638950000001 5.887854090000001 -6.121822590000001 0.60907 -1.380876 0.07439
11820 5.57949636 4.96098567 -5.08253157 -0.244943 -1.041177 0.046625
11840 3.6745611300000003 5.110970760000001 -3.45541554 -0.887713 -0.517598 0.204902
11860 3.02850396 6.218971020000001 -2.91413898 -1.174153 0.044944 0.167998
11880 3.71302614 7.398662760000001 -2.28140379 -1.644877 0.4906100000000001 -0.051641999999999987
11900 4.55682348 7.55913474 -2.1029795100000004 -1.89823 1.013791 -0.130995
11920 4.708907910000001 12.51756981 0.42227145000000005 -1.672477 1.515323 -0.007215000000000002
11940 2.9165326200000004 14.225667390000002 1.93412979 -1.7512919999999998 2.214701 0.187891
11960 5.911054740000001 13.76357715 1.04991525 -1.955902 2.741549 -0.051358
11980 7.750282590000001 11.514801420000001 -4.02049116 -0.7059979999999999 2.904083 -0.488284
12000 8.49318408 11.75370435 -7.369321050000001 0.063001 2.670863 -0.906698
12020 5.6311362 12.744347580000001 -4.92820065 0.388973 3.337394 -0.8401139999999999
12040 1.95852726 10.51757568 -3.19391037 -0.6926859999999999 3.277856 -0.46517
12060 2.35789236 10.41339348 -6.8198139 -0.4168600000000001 1.993293 -0.211633
12080 3.1352269500000003 2.2936761 -5.6019514500000005 -0.5904560000000001 1.821444 0.023452
12100 3.4624493100000002 4.66594992 -6.3418608899999995 -0.180287 2.020981 0.117928
12120 2.6286875999999997 5.2299758700000005 -4.86952704 0.604002 2.167863 0.002509
12140 0.8436501900000001 3.95687331 -3.55840092 0.8694149999999999 2.632069 -0.42993
12160 -0.24743763 2.31703371 -3.09705624 0.6514770000000001 2.962319 -0.5109239999999999
12180 -0.62465175 2.61176535 -4.3843833000000005 0.835316 2.665007 -0.6449229999999999
12200 0.27707364 1.87604478 -4.58781327 0.6147630000000001 1.0668030000000002 -0.64762
12220 2.38139712 1.7588447100000002 -5.676948899999999 -0.74516 -1.7585540000000002 -0.472969
12240 4.58346744 1.85793552 -4.11224409 -1.14873 -2.498395 0.277188
12260 3.08418552 3.34943811 -1.2567885300000001 -1.132974 -1.265051 0.8568309999999999
12280 1.08344583 5.08222746 -3.0030568200000003 -0.649633 1.350883 1.332213
12300 1.5658918200000003 8.76202713 -1.18972737 -0.95226 0.774126 0.906754
12320 4.18274856 14.448256290000002 -0.8792703000000001 -0.934901 1.329743 0.207547
12340 5.15363445 15.000902640000001 -0.49217751000000004 -1.241235 1.371846 -0.198435
12360 6.665492790000001 10.465033319999998 -4.83704613 -1.706541 1.531207 -0.486036
12380 7.465429620000001 5.31978642 -1.04602068 -2.208479 1.316059 -0.592884
12400 6.35773347 3.11082948 1.00516203 -2.403116 0.99685 -1.049966
12420 4.81638627 4.2745113 0.17468667000000002 -2.0050950000000003 0.7090609999999999 -1.3533959999999998
12440 3.8761860599999998 7.32427353 -2.59590258 -1.3333549999999998 0.5461600000000001 -1.424339
12460 4.12976475 8.42283657 -4.279298580000002 -0.901762 0.249368 -1.370738
12480 5.9405436 6.61833612 -2.04849477 0.058849 -0.285898 -1.280021
12500 6.553070190000001 6.519539610000002 -1.02731301 1.358403 -0.695204 -0.7491260000000001
12520 8.39379897 9.2110995 0.28530423000000005 2.1235060000000003 -1.3624379999999998 -0.25475
12540 10.364294430000001 10.18676286 0.6598304100000001 2.28519 -1.878641 0.289698
12560 12.843742500000001 7.925420520000001 -3.2572241100000006 2.689435 -1.440884 0.7555689999999999
12580 11.61943488 8.71472331 -1.14526845 3.123675 -0.095557 0.674625
12600 9.25959033 12.29872833 -5.22713097 3.206731 0.673863 0.5300090000000001
12620 7.932601440000001 12.73087845 -4.4971002 2.463559 -0.219158 0.7214470000000001
12640 7.941881700000001 11.855492909999999 -4.29950718 1.919886 -1.698119 1.2814290000000002
12660 9.393271200000001 11.93362956 -2.4321442500000003 1.539007 -4.146515 1.443208
12680 11.09582613 12.04650342 -0.91310499 1.446874 -4.224831 1.926569
12700 10.019119770000001 12.725482950000002 -1.08000252 1.230187 -3.273843 2.189824
12720 6.304887000000001 11.797270560000001 -3.6847341 1.262232 -3.48272 2.448826
12740 4.97820222 9.636657300000001 -5.69805021 1.489479 -4.109284 2.297392
12760 5.11187328 7.299719100000001 -5.626653030000001 2.047235 -3.158234 1.874917
12780 4.7485795500000005 5.477413500000001 -5.06397105 1.734924 -2.712878 1.063521
12800 4.91158251 4.830600960000001 -1.89700875 1.182768 -3.053225 0.6082420000000001
12820 5.7152667600000004 5.96959101 -1.3837201200000002 1.412982 -2.174146 0.35235
12840 5.14944558 7.2134990100000005 -1.3159134000000001 1.185922 -1.852985 0.154868
12860 3.89804274 6.60726063 -1.3328258400000002 0.659179 -1.352434 0.111023
12880 4.26673197 7.319476440000001 -0.11391372000000001 0.218854 -1.036689 0.12036199999999997
12900 4.6129563000000005 9.34506486 0.54352305 -0.176995 -0.6440520000000001 0.043386
12920 3.83741694 10.82189169 -0.60803361 -0.5187729999999999 -0.258381 -0.20305
12940 3.5097531300000004 10.650648330000001 -0.5469663599999999 -0.825996 -0.0506 -0.482132
12960 3.75150096 13.73604048 0.07139718 -1.224162 0.217745 -0.643354
12980 5.87931939 11.470646610000001 -3.39957702 -1.757327 0.5826 -0.5802470000000001
13000 9.56735946 8.06687091 -1.0547025300000001 -1.916853 0.8934190000000001 -0.382002
13020 9.30120435 7.962541560000001 -3.0425714999999998 -1.845649 1.258861 -0.190762
13040 8.61338601 7.8465285 -6.246213389999999 -2.412314 1.347591 -0.310202
13060 8.686441080000002 7.263490770000001 -5.239256129999999 -1.882629 2.1850240000000003 -0.534038
13080 2.1652435800000003 5.34673449 -3.30512634 -1.82443 0.6559229999999999 -1.009167
13100 -2.40190983 4.58062254 -3.1379247 -1.02065 2.412317 -0.047608
13120 0.21869433000000002 4.40129574 -2.2227301800000006 -2.143209 4.372833 0.290279
13140 2.89333197 4.4915575500000005 -4.89722067 -1.252749 3.376618 0.096949
13160 1.9410164100000002 5.08178601 -5.267842470000001 -0.588667 2.741537 -0.16785799999999998
13180 0.39038895 3.94474815 -5.4572049 -0.59095 3.357418 -0.469902
13200 0.35326791 3.1338829800000005 -5.23296792 -0.35925 3.618629 -0.724992
13220 1.0377900899999999 3.3012317700000002 -5.98335444 -0.218577 3.559646 -0.748502
13240 1.4229405000000002 2.7505278000000004 -6.659351730000001 -0.183536 3.375931 -0.657223
13260 1.2073853700000001 2.71146438 -7.150028310000001 0.1507 2.001693 -0.6723560000000001
13280 1.8651262499999999 3.30706872 -6.75963936 0.122244 0.993634 -0.57085
13300 2.5616264400000004 3.61049202 -7.067849939999999 -0.066778 1.549875 -0.448969
13320 4.04115102 3.40437411 -8.62326468 0.042005 2.203774 -0.498186
13340 5.42741193 3.83413059 -7.7682447 -0.198051 1.770761 -0.694792
13360 2.2119489900000002 6.64797213 -2.8544157 -0.868834 -0.676588 -1.07556
13380 -0.6156657900000001 9.643691070000001 -6.49664307 -1.553919 -1.631877 -0.8142020000000001
13400 -1.84372083 15.290552700000001 -12.60857718 -1.4494360000000002 -1.077509 -0.478761
13420 10.910063970000001 15.262260659999999 -2.9683294200000003 -1.502521 0.194614 -0.212638
13440 6.669083250000001 7.8658443899999995 0.9021766500000001 -1.507475 1.436018 0.234389
13460 2.7581599800000003 4.75501491 -2.7584640900000004 -1.703903 1.5066190000000002 0.331203
13480 2.5604296200000003 4.58825472 -2.3483178000000002 -1.876066 1.501343 -0.064166
13500 3.25109286 5.02145451 -0.71042058 -1.581604 0.8808030000000001 -0.448011
13520 4.145931630000001 5.3272714500000005 0.25671789 -0.968791 0.573589 -0.608911
13540 5.6077884 6.260879340000001 0.6084848700000001 -0.205251 0.7827149999999999 -0.554707
13560 6.7500648000000005 7.0462973700000004 0.07873506000000001 0.564856 0.297336 -0.519864
13580 7.30361367 7.4046566700000005 -3.1320877499999997 1.2890700000000002 -0.5569109999999999 -0.374842
13600 7.49012139 7.3467188100000005 -4.17841254 2.229861 -0.8158449999999999 -0.107293
13620 6.66623835 6.7539593700000005 -2.42870094 3.273098 -0.549072 0.20623200000000005
13640 5.74145946 6.474786389999999 -1.51590006 3.884854 -0.120999 0.782524
13660 4.869968490000001 6.78553776 -0.36972909000000004 3.708923 -0.173126 1.183013
13680 5.5600333200000005 8.3378133 -0.17977806 2.834824 -1.047388 1.325442
13700 7.6580784 11.03579874 0.07693983000000001 1.449936 -2.834753 1.6844599999999998
13720 10.28960109 12.177623879999999 -3.93202458 1.832489 -2.92752 2.173292
13740 10.97143533 11.08489779 -1.3239968400000002 1.880377 -3.5980230000000004 2.242851
13760 10.069857090000001 9.65911239 0.8328690000000001 1.573006 -5.100056 1.709586
13780 8.70050862 10.75214259 -2.3195745 2.314086 -4.94534 1.005265
13800 6.23858121 11.606417010000001 -4.42808685 2.707021 -4.650835 0.276969
13820 4.80321144 9.94845834 -6.670574370000001 2.347626 -2.743705 0.25065
13840 5.56767531 8.92534401 -8.267161680000001 2.355342 -2.231263 0.232956
13860 6.79092345 8.107445069999999 -6.1790050800000005 1.803994 -1.7478810000000002 -0.290671
13880 6.14053026 6.44799528 -4.62672954 0.8976049999999999 -1.908664 -0.322433
13900 4.42944063 6.006260790000001 -2.7840583800000003 0.178398 -1.670843 -0.29785100000000003
13920 3.32114607 7.46512551 -0.55564821 -0.497246 -1.020821 -0.295926
13940 2.6845163100000007 7.9754122800000005 -0.26704782000000005 -1.10029 -0.349785 -0.283907
13960 2.8771650900000005 7.7387558400000005 0.11001915 -1.862377 0.082165 -0.018455000000000003
13980 3.53474901 8.262963000000001 0.85681521 -2.225379 0.612416 0.093698
14000 4.13649441 10.706634 0.5870794500000001 -2.496881 1.12621 0.246035
14020 5.65837857 12.20112864 -2.49186753 -1.99454 1.29291 0.214079
14040 7.8161469299999995 10.032137640000002 -0.0005984100000000001 -1.227662 1.265652 0.238699
14060 8.328385890000002 9.311083020000002 -1.7253141300000001 -0.967885 1.244106 0.339885
14080 6.56579376 9.50374161 -4.50188748 -0.220343 1.529684 0.469723
14100 5.35585779 10.522667069999999 -4.51925118 -0.36467 2.062217 0.35480100000000003
14120 3.2748919200000004 10.44123426 -4.84946559 -0.396126 2.779621 -0.002056
14140 3.10843584 8.10309924 -5.770055610000001 -0.5717220000000001 2.8538330000000003 -0.026878
14160 2.00043558 5.50300779 -7.96792725 -0.197993 2.55065 0.076533
14180 3.62486367 2.22077799 -5.99442993 -0.428631 3.344367 -0.27754
14200 3.14586099 5.480699850000001 -8.159830470000001 -0.4276430000000001 3.3579769999999995 -0.484785
14220 2.13815817 5.70014955 -6.699768929999999 -0.27572 3.575226 -0.599371
14240 0.8777791800000001 4.47359544 -5.695058159999999 -0.196377 3.770417 -0.7293890000000001
14260 0.8702941500000001 3.9041838 -5.71916133 -0.185781 3.886807 -1.073432
14280 0.9985697100000002 3.9023885700000003 -6.2209134 0.020132 4.325133 -1.109943
14300 0.8909442000000001 3.0476628900000002 -4.69244673 -0.208519 4.935594 -0.660465
14320 -0.08172711 2.45414808 -5.57440497 -0.122935 4.747707 -0.901044
14340 1.22325795 2.12408082 -7.252415280000001 -0.078313 4.116524 -0.5388649999999999
14360 2.62853064 1.84700718 -9.84458025 -0.5908869999999999 3.225067 -0.139651
14380 3.42098244 1.53355806 -8.384214600000002 -0.784634 2.848621 -0.137318
14400 1.62801855 2.83480551 -5.488783290000001 -0.597731 2.33378 -0.22081
14420 3.0088937700000002 7.116497730000001 -6.87819321 -0.262088 1.498611 -0.247306
14440 1.5657446700000002 10.83581208 -2.88046125 -0.431289 0.878165 -0.25303400000000004
14460 1.5124567500000001 13.038784920000001 -0.26644941 -0.29739 0.945024 -0.305595
14480 1.17865188 10.68627825 -5.156930610000001 0.112599 1.201586 -0.352198
14500 4.81967262 10.40246514 0.48304440000000004 0.102362 1.249752 -0.400401
14520 3.99519117 9.34027758 -0.35506314 -0.009414 1.266276 -0.439659
14540 4.2745113 8.639882819999999 -1.49733954 -0.047745 1.191147 -0.532766
14560 4.70531745 8.92594242 -2.24218341 -0.130974 1.169144 -0.552547
14580 5.77424448 10.155930029999999 -3.06696897 -0.27517800000000003 1.270285 -0.412679
14600 7.180115580000001 10.412500770000001 -1.88682597 -0.329739 1.1494950000000002 -0.262286
14620 8.168659470000001 9.06530328 -0.17169462000000002 -0.090764 1.019325 -0.151491
14640 7.2253200600000005 8.677455120000001 0.6930568800000001 0.348846 1.186544 0.007326000000000002
14660 6.032904750000001 6.87086514 0.6854247 0.6377 0.984876 0.105742
14680 5.34628323 5.6118301200000005 -0.22812174000000002 0.934029 1.154431 0.337262
14700 6.3499443300000005 5.87273688 0.97027767 1.400984 1.066781 0.805312
14720 5.75822475 5.604345090000001 1.1289544200000001 1.380315 0.400732 1.418113
14740 5.016215970000001 5.95357128 0.5840874 1.612801 -0.545079 1.44445
14760 4.36582278 7.2883395 -1.1771509500000001 2.601717 -0.733316 1.041401
14780 4.7424384900000005 7.743700080000001 -0.97192575 3.727695 -0.802751 0.6466350000000001
14800 5.2179978600000005 6.570433889999999 -0.6418683000000001 4.193418 -1.079731 0.245387
14820 5.0467545 6.874455600000001 -0.01332198 3.850466 -1.845856 0.058103
14840 5.16186504 6.579272700000001 1.21532166 3.269015 -2.444253 -0.308387
14860 5.07040641 6.39409914 1.15844328 2.505894 -2.687067 -0.728945
14880 5.6775473100000005 7.117694550000001 0.10373094000000001 1.860663 -2.398145 -0.49454
14900 6.777307169999999 6.99509898 -0.12843252 2.106426 -1.416498 -0.307143
14920 7.212155040000001 6.45323382 0.37706697 2.287821 -0.728733 -0.097385
14940 7.13880567 6.715190250000001 -0.95082444 1.7199 -0.6209600000000001 0.083312
14960 7.11096489 6.370751340000001 -2.04400179 1.076508 -0.938031 0.012994
14980 7.8579081 5.6311362 -0.44621766 0.776423 -1.128228 -0.114908
15000 8.681800950000001 5.980666500000001 1.3073787000000001 0.191593 -0.93336 -0.121379
15020 9.134601120000001 8.51219586 2.3918742 -0.223211 -0.412053 -0.124945
15040 8.554261140000001 12.608881290000001 2.9364469200000007 -0.472573 0.19564 -0.296244
15060 6.75740268 14.211747000000003 -1.3790799900000001 -0.53933 0.590754 -0.478815
15080 4.28199633 12.94658073 -3.3337126800000005 -0.6150439999999999 0.98128 -0.571711
15100 4.66564581 10.481053049999998 -1.3443525900000002 -0.624668 1.274022 -0.511265
15120 5.0548379400000005 11.718682650000002 -0.58737375 -0.616414 1.42854 -0.531701
15140 4.75980219 13.36600728 -1.47533571 -0.707915 1.578684 -0.437461
15160 2.7882472500000004 14.46531588 -3.1672664100000003 -0.820633 1.841475 -0.256988
15180 2.25805599 12.9422349 -1.0336012199999998 -0.822191 2.057377 -0.168613
15200 1.74641544 10.126588320000002 0.14579622 -0.646176 2.21791 -0.240228
15220 2.5694057700000004 8.731194299999999 -0.8866081800000001 -0.343874 1.497207 -0.091915
15240 4.87656081 7.5299401800000005 -2.88584694 0.202169 0.617054 0.026259
15260 6.5622033 6.36565995 -3.7812841200000005 0.546408 0.470284 0.200835
15280 6.32748924 6.90664221 -3.4804114200000007 0.274831 0.068801 0.4045510000000001
15300 4.10446476 6.15729555 -2.66715261 -0.393431 -0.308848 0.586238
15320 2.7598080600000006 3.7643716800000004 -1.84341672 -0.8308120000000001 -0.016793000000000002 0.390529
15340 1.5820587000000002 2.8629504 -1.6244182800000002 -0.450683 1.4528 -0.348977
15360 0.99348813 3.21756228 -2.1472814700000002 -0.086716 2.356277 -0.428777
15380 1.37998251 4.02797619 -2.30924457 0.693086 1.128055 0.747946
15400 1.1768566500000002 5.2257869999999995 -2.79214182 0.7235550000000001 1.692826 0.943988
15420 1.8799393500000001 5.83277094 -3.9624061500000005 -0.197022 2.42452 0.448443
15440 2.72313828 6.674616090000001 -5.1126188400000006 -0.516863 2.372455 -0.371982
15460 3.0599352 7.23610125 -5.51647692 0.170027 3.260492 -0.8661139999999999
15480 3.6943184700000002 6.87266037 -5.576955570000001 0.5170239999999999 4.138654 -0.99407
15500 4.12886223 6.4674485100000005 -5.68083366 -0.119516 4.644239 -0.337935
15520 3.97737621 6.59259468 -6.45338097 -0.507951 4.13359 0.359692
15540 4.26582945 7.0045362 -7.591164389999999 0.617071 4.140868 0.494659
15560 5.4663281999999995 7.64879814 -9.457036200000001 0.758528 3.569383 0.496379
15580 8.23437666 8.701401330000001 -8.917260570000002 0.6108779999999999 2.663751 0.395027
15600 7.2892420200000005 9.11020365 -8.15773113 0.4404270000000001 2.396242 0.307654
15620 4.02123672 8.779842089999999 -7.221886560000001 0.526323 2.374148 0.164072
15640 2.3017595400000004 6.46715421 -6.261781860000001 0.646993 2.280461 0.045394
15660 2.69200134 6.41850642 -6.314020110000001 0.607021 2.281217 0.157277
15680 6.53256729 15.86565414 -4.25415555 0.737408 2.444361 0.27121
15700 9.46616931 25.12659825 1.72246923 0.774724 2.390098 0.222402
15720 1.9928034 14.39436996 4.06943325 0.689637 2.027875 0.03747
15740 0.29309337 6.581362230000001 0.27677934 0.5845899999999999 1.797563 -0.084746
15760 -1.76841927 6.080051610000001 -0.9572598 0.367528 1.7045169999999998 -0.071188
15780 -3.2754903300000002 8.06537979 -2.6286875999999997 0.04664 1.529833 -0.06466000000000001
15800 -0.19998666 7.72454115 1.2308901300000001 -0.054035 1.234987 -0.036143
15820 4.14622593 8.028553050000001 4.21254153 0.071392 0.965811 0.036649
15840 7.6353192000000005 9.58307508 6.34664817 0.249374 0.774153 0.12573199999999998
15860 9.48936996 9.77677353 5.339700720000001 0.511472 0.805816 0.238617
15880 9.6508818 7.344030870000001 0.97716429 0.786654 0.654239 0.343283
15900 7.06380822 7.86838518 -4.10192397 1.274675 0.4834060000000001 0.549873
15920 4.64679099 8.539889490000002 -1.2657646800000002 1.643101 0.25358800000000004 0.958665
15940 3.8345720400000003 7.850570220000001 3.18851487 2.245238 -0.112903 0.978296
15960 3.71976561 7.1974792800000005 4.533769980000001 3.313117 0.013715 0.889453
15980 4.635411390000001 7.385644890000001 2.7334682100000003 4.580239 0.522209 0.767329
16000 6.14053026 7.628432580000001 1.2283493400000003 5.546094999999998 0.285939 0.939953
16020 7.0130709 6.78553776 1.0671318 5.095859 -0.653289 0.711548
16040 6.382130940000001 6.51759723 0.93121425 3.637877 -2.782748 0.370808
16060 5.811218370000001 6.6461768999999995 0.91519452 1.7749700000000002 -6.8063460000000005 0.400339
16080 6.29755893 6.56115363 1.0139910300000001 2.305463 -5.397049 1.286726
16100 7.117694550000001 6.29336025 0.55144953 3.5920980000000005 -2.702709 0.906633
16120 7.55913474 6.602022090000001 0.13501503 2.604965 -2.415274 1.010464
16140 7.81868772 6.474335129999999 -0.30835773000000005 2.010606 -3.135517 1.022191
16160 8.18662158 6.00296463 -0.21869433000000002 1.6990470000000002 -3.793016 1.081746
16180 8.53270857 6.14651436 -0.18755739000000002 1.365334 -3.119418 0.752744
16200 8.721011520000001 7.04764134 0.60234381 1.1816879999999998 -2.43203 0.042349
16220 8.28796869 7.99532658 0.53663643 0.8195319999999999 -2.212009 -0.585372
16240 8.657844930000001 10.42582275 1.22325795 0.424454 -1.406175 -0.896813
16260 7.59281247 12.148135020000002 1.1662226100000002 -0.064492 -0.397236 -0.770129
16280 5.9478814799999995 11.88004734 -1.2467529000000002 -0.507969 0.182753 -0.505847
16300 5.39478387 11.289818880000002 -0.23890293 -0.744664 0.26541 -0.458468
16320 6.01044966 11.21287905 -0.21211182 -0.798234 -0.049615 -0.486212
16340 5.19000993 11.71928106 0.9361486800000001 -0.972566 -0.013209 -0.115735
16360 4.280946660000001 14.133610350000001 -2.22122925 -1.005035 0.4511020000000001 0.21566
16380 3.4531690500000005 16.62232887 -2.91189249 -0.8881389999999999 1.208574 0.365057
16400 3.7263481200000004 12.587927129999999 -1.11847734 -1.043326 1.626386 0.177567
16420 7.2763713 10.402622100000002 -0.2573163 -0.539233 1.466903 -0.335727
16440 12.04619931 9.310043160000001 0.9467827200000001 -0.696341 0.469125 -0.562009
16460 10.20697146 7.13536236 -3.08927691 -0.8860520000000001 2.020709 -0.001301
16480 6.340369770000001 7.08910821 -4.85051526 -1.277826 3.22461 0.303136
16500 5.5673712 6.6743217900000005 -4.08545298 -0.8716450000000001 3.339421 0.010997
16520 4.456535850000002 5.79041136 -3.3774260400000005 -0.514263 3.11842 -0.442355
16540 1.3919507100000001 3.3920919900000004 -3.1190600699999997 -0.133692 2.52277 -0.731626
16560 -0.019011780000000002 4.64094423 -4.217780070000001 -0.191583 2.186494 -0.768987
16580 -1.2220611300000002 4.11224409 -4.36582278 -0.311908 2.01015 -0.521774
16600 -0.16884972000000004 2.55937995 -4.55892282 0.088799 1.864175 -0.328644
16620 1.5214329000000002 1.8546393600000002 -5.9897898000000005 0.5709029999999999 1.985353 -0.414095
16640 2.12018625 1.71003996 -7.36768278 0.51169 2.857743 -0.611111
16660 1.4480933400000002 2.87132814 -8.33631237 0.238025 3.951451 -0.823795
16680 1.55766123 2.9650332600000002 -7.94367693 0.471521 4.675903 -0.776091
16700 2.7878058000000006 2.5119289800000004 -7.62289974 0.210366 3.193328 -0.888179
16720 4.09219245 3.15588681 -9.170829450000001 -0.157907 0.375483 -1.053783
16740 4.36492026 3.5164827900000004 -8.179587810000001 -0.543187 0.088327 -0.8371200000000001
16760 1.8887683500000003 8.633143350000001 -7.11680184 -0.983741 -0.100951 -0.80684
16780 2.04549291 14.282104319999998 -11.42558928 -1.421843 -0.363054 -0.682446
16800 3.5396932500000005 16.26427368 -11.045383110000001 -1.480307 0.209112 -0.3941
16820 6.94240947 9.49086108 -0.86130819 -1.449419 1.182633 -0.11953
16840 2.77792713 5.21306343 -0.31105548 -1.543716 1.547362 -0.138816
16860 2.18755152 5.46768198 -0.46687752000000005 -1.607927 1.469846 -0.411562
16880 2.4059515500000006 6.26192901 -0.5213622600000001 -1.240406 1.046856 -0.710759
16900 3.67740603 7.8820112700000005 -1.5223354199999999 -0.746091 0.760146 -0.835126
16920 5.86330947 9.73260891 -2.4966548100000003 -0.458772 0.578117 -0.851045
16940 6.832096020000001 9.07308261 -2.91459024 0.089615 0.672769 -0.754401
16960 6.37314498 8.005950810000002 -4.11075297 0.670899 0.481849 -0.666775
16980 5.01396948 6.633904590000001 -3.6203706900000006 1.687588 0.23859 -0.655088
17000 4.85904996 5.870637540000001 -1.72576539 2.6030830000000003 0.308823 -0.364637
17020 5.20512714 5.45615523 0.04146687000000001 3.003821 0.382613 0.281138
17040 5.48968581 5.98514967 -0.18112203000000002 2.857961 -0.689474 1.044203
17060 6.68389635 7.7529803400000015 -3.3462891000000003 2.612368 -1.579615 1.149382
17080 8.56788723 9.41227317 -3.2277352500000003 1.997467 -1.7282560000000002 1.557611
17100 11.22994845 9.855802890000001 -1.6842985200000002 1.348689 -2.641202 1.85442
17120 10.97966592 10.58494095 -3.3962906700000004 1.014533 -4.296654 2.1469
17140 10.843297109999998 10.712176650000002 -2.0240874900000003 1.047144 -5.1955230000000014 2.062822
17160 9.53262225 10.59841008 -0.74409831 1.658584 -4.3918370000000015 1.416584
17180 8.566837560000002 10.653944489999999 -0.5547456900000001 2.733189 -1.60219 0.8297889999999999
17200 7.735763790000001 11.58650271 -1.5317628300000001 2.274265 -1.614751 0.373673
17220 6.619238640000001 11.862830790000002 -2.9702718 0.8796870000000001 -1.67572 0.5787220000000001
17240 5.811512670000001 10.006092090000001 -4.81518945 0.426915 -1.392505 0.4758520000000001
17260 5.720505300000001 7.731417960000001 -5.9112117 -0.470368 -0.8857649999999999 0.271314
17280 5.4717237 6.514301070000001 -5.2558742700000005 -1.097185 -0.373006 0.191503
17300 5.212759320000001 5.4386443799999995 -4.94886051 -1.158586 0.208737 -0.046816
17320 3.7715526000000006 4.282889040000001 -5.491481040000001 -1.25231 0.836994 -0.167917
17340 3.5223295500000003 5.6854737900000005 -1.93846581 -1.30944 1.512094 -0.313391
17360 3.7800873000000004 8.19051615 0.15282999000000003 -1.304162 2.120715 -0.404933
17380 3.39509385 9.91956789 0.76490532 -1.27009 2.510767 -0.474629
17400 3.1891230900000003 6.69721833 -0.17378415000000003 -0.254396 2.2506 -0.496043
17420 4.59769194 8.465500259999999 -0.8403540300000001 0.810446 2.189794 -0.332567
17440 6.97669542 10.509197940000002 -0.7857123300000001 -0.193877 3.897104 -0.445387
17460 8.16057603 11.033257950000001 -0.11735703 -1.537238 3.28435 -0.557603
17480 8.562942990000002 10.32268041 -1.6711236900000002 0.378093 1.292392 -1.178332
17500 7.0645635900000014 12.480743069999999 -2.2097025 -0.6026189999999999 1.454841 -0.727123
17520 5.64341832 11.45358702 -2.1761719200000007 -0.599792 3.066461 -0.693918
17540 4.16299122 10.61816742 -5.111274870000001 0.801358 2.977005 -0.84959
17560 3.5735181300000005 11.17366848 -10.49303106 1.438166 2.284404 -0.5601079999999999
17580 6.353093340000001 13.11931521 -8.644974209999999 0.125903 2.589126 -0.5012979999999999
17600 6.79856544 5.699992590000001 -3.3908951700000003 0.137796 3.226452 -0.8502719999999999
17620 4.780305090000001 2.74559337 -3.31859547 -0.255703 2.514144 -1.131982
17640 0.7587740700000001 4.58616519 -3.09032658 -0.980655 0.4936140000000001 -1.376943
17660 -1.3796784000000002 3.48729804 -2.06046297 -1.3180690000000002 -0.925273 -0.833757
17680 -2.18994516 2.121687180000001 -2.2384458 -1.367911 -1.151559 -0.4129350000000001
17700 -1.1329961400000002 0.9607031100000001 -2.6773353900000005 -1.40442 -0.696689 -0.380658
17720 0.6843750300000001 -0.23920704 -2.2492269900000004 -1.36674 -0.227772 -0.4621810000000001
17740 1.9377202500000001 -0.13277835000000002 -0.9282222 -1.227468 0.409704 -0.426774
17760 2.2279687200000002 2.46312423 -4.2790042800000005 -1.175314 0.618321 -0.427745
17780 6.001914960000001 6.95378907 -5.22488448 -1.231901 0.539966 -0.497474
17800 10.65678939 10.491834240000001 0.31674527999999996 -1.115901 0.470339 -0.501916
17820 4.916222639999999 8.71622424 4.094438940000001 -0.767315 0.484787 -0.421519
17840 0.64950048 9.3070413 -5.26470327 -0.292597 0.419545 -0.235454
17860 2.4361859700000004 9.55119258 -6.89091678 0.534874 0.347427 0.032133
17880 6.127806690000001 8.54887545 1.26532323 1.264134 -0.118985 0.15426099999999998
17900 8.57072232 10.22913225 3.0485556 1.6040299999999998 -0.792908 0.293163
17920 10.10010132 11.848164839999999 -3.48789645 1.952811 -1.311644 0.509908
17940 8.0372349 9.70132482 -4.61625246 2.437145 -1.540302 0.528539
17960 7.21139967 8.468188200000002 -0.0865242 3.091887 -1.9267330000000005 0.6938409999999999
17980 7.69819149 8.747214029999999 -0.40461345 2.686281 -1.735464 1.165053
18000 9.6164487 8.976679740000002 -0.3731724 2.075183 -1.215259 1.872622
18020 11.404183860000002 10.00594494 1.14900606 1.524829 -2.065706 2.172175
18040 10.571618970000003 11.284286040000001 -1.57143447 1.093169 -3.455207 2.1089830000000003
18060 8.394691680000001 9.920323260000002 -2.8619007300000003 1.247521 -4.084057 1.793605
18080 6.481673010000001 8.72565165 -2.18455947 1.6731349999999998 -3.119681 1.349894
18100 4.97639718 8.51204871 -0.87433587 1.789794 -2.759343 0.914412
18120 4.737798360000001 7.71285744 -0.9623511900000001 1.585929 -2.064085 0.91637
18140 4.10925204 7.38848979 -3.86047044 1.591443 -2.292168 0.408227
18160 4.92760224 5.91030918 -4.65382476 1.507363 -1.649271 -0.184979
18180 6.48511632 4.767140070000001 -4.52059515 1.055885 -0.916101 -0.124978
18200 6.61623678 4.367470860000001 -3.9570204600000003 0.422438 -1.054761 -0.331119
18220 5.206019850000001 5.25631572 -2.54486115 -0.14291099999999998 -0.971118 -0.511432
18240 3.1265451 7.417076130000001 -0.30806343 -0.749798 -0.496928 -0.553667
18260 0.9755260200000001 9.86478885 0.055534410000000006 -1.189552 -0.127626 -0.6181
18280 1.06263882 9.15676191 -1.4835663000000001 -1.426525 0.274989 -0.6640689999999999
18300 2.61281502 9.222018030000001 -1.98367029 -1.372789 0.5743550000000001 -0.450432
18320 3.6000149400000003 9.118591200000001 -2.09473911 -1.7572720000000002 1.320998 -0.08874299999999999
18340 6.288877080000002 8.575666560000002 -1.0734200100000002 -2.245192 2.438009 -0.0829
18360 9.258550470000001 10.177933860000001 -0.46792719 -1.3099379999999998 3.320961 -0.053998
18380 10.688377590000002 12.980552759999998 -1.3558793400000002 -0.5679270000000001 2.540293 -0.475103
18400 7.88425776 14.57788563 -2.8632447000000005 -0.17689100000000002 1.978486 -0.446015
18420 4.98403917 12.91618935 -1.02446811 -1.330702 3.367277 0.102826
18440 3.65031081 9.34417215 -2.3667311700000004 -0.723091 2.315702 -0.120182
18460 3.3275814300000004 8.96680107 -6.2439669 -0.367238 1.938435 -0.388541
18480 3.898494 8.21971071 -8.18333523 -0.515003 2.631089 -0.050766000000000006
18500 5.050943370000001 7.914040920000001 -4.92730794 -0.382465 2.769729 -0.203842
18520 2.16824544 3.1338829800000005 -5.16216915 0.238094 2.216583 -0.674157
18540 3.00410649 4.08590424 -5.774097330000001 0.649917 2.005077 -0.8857219999999999
18560 2.26958274 4.83449553 -8.28527094 0.040151 2.50843 -0.493248
18580 2.64664971 4.48526934 -7.03895949 0.425339 2.260024 -0.511603
18600 2.05821648 4.42525176 -6.12481464 0.319194 2.582144 -0.787291
18620 2.5105752 4.75411239 -4.818328650000001 -0.318317 2.249625 -0.995348
18640 2.1637524600000004 4.2311020500000005 -5.19749496 -0.7506109999999999 1.203109 -1.049369
18660 2.22437826 3.5346018600000004 -4.363125030000001 -1.414715 -0.660463 -0.905274
18680 1.8762017400000002 2.32705953 -6.1343892 -1.8508830000000005 -1.750959 -0.61423
18700 3.3843126600000004 1.76288643 -3.77051274 -1.761119 -0.49641 -0.339609
18720 2.9157870600000004 2.64724812 -1.7654272199999999 -1.834544 0.426761 -0.17039
18740 1.33866279 4.75396524 -3.91975227 -1.717685 0.66877 -0.053448
18760 2.9606972400000005 14.168337750000001 -7.51796217 -1.279474 1.094365 -0.038113
18780 10.114914420000002 16.9970022 -4.4501004900000005 -1.128013 0.769139 -0.356037
18800 6.40278099 9.891884070000001 -0.39756987000000005 -0.783239 0.625918 -0.536111
18820 3.85403508 5.63457951 -4.267026270000001 -0.45589 0.593847 -0.525238
18840 3.98710773 3.91151187 -2.39397354 0.040633 0.449479 -0.284439
18860 3.8184051600000006 3.64911399 0.8948387700000001 0.775177 0.185546 -0.186035
18880 3.9757281300000002 5.33729727 0.5457695400000001 1.431547 -0.128242 -0.073158
18900 4.70007891 6.6304612800000005 -0.9755260200000001 2.028955 -0.576717 0.206123
18920 6.51625326 9.23624253 -1.70480142 2.5202400000000003 -1.109089 0.512544
18940 7.74968418 10.488390930000001 -4.01929434 3.046716 -1.159059 0.830342
18960 7.55509302 8.11627407 -3.0707163900000003 3.076454 -0.917374 1.103705
18980 7.48129239 7.685163810000001 -1.97978553 2.186726 -1.364724 1.591582
19000 7.8582122100000005 8.8555851 -2.88165807 1.283618 -2.340595 2.393032
19020 8.94105963 10.66008555 -1.8615259800000001 0.743267 -3.571511 2.459201
19040 10.130482890000001 10.08108954 -1.2394248300000001 0.437457 -4.383676 2.031885
19060 10.373280390000001 9.37156167 -0.31854051 1.191607 -3.887122 1.611365
19080 9.98977806 9.01649853 -1.0370445300000004 1.708711 -3.710236 1.151142
19100 8.621175150000001 9.915084720000001 -0.93855213 1.681761 -3.294914 0.676131
19120 6.64229214 9.672140070000001 -0.01362609 1.328748 -2.478098 0.5123850000000001
19140 4.611161070000001 9.293876280000001 -0.9939295800000001 1.258092 -1.875745 0.455572
19160 3.36694896 9.87646275 -4.34815497 0.713881 -1.486051 -0.088181
19180 4.66954038 8.36340759 -5.18970582 0.15503499999999998 -1.524138 0.063925
19200 6.799163850000001 6.7041049500000005 -5.279820480000001 -0.439798 -1.3010540000000002 -0.063362
19220 6.10056432 4.8675748500000005 -4.241127870000001 -0.740476 -0.855503 -0.135467
19240 5.0960007 5.10274017 -2.21613786 -1.280933 -0.194663 -0.291777
19260 3.18253077 6.1830468000000005 -0.2832147 -1.666291 0.263561 -0.263009
19280 2.31703371 8.311316490000001 -0.26719497000000003 -1.574304 0.677134 -0.137914
19300 2.31987861 8.44124994 -1.59807843 -1.192473 1.364078 0.103154
19320 2.76864687 8.00295876 -0.63483453 -0.961319 1.849736 0.196013
19340 4.76803278 8.502915600000001 0.48888135 -0.952169 2.568225 0.064834
19360 7.8002743500000005 10.017765990000001 0.42406668000000003 -0.164226 2.814063 -0.291037
19380 10.13167971 11.659106520000002 -2.15371683 0.08657100000000001 2.515228 -0.369019
19400 9.265878540000001 13.539948390000001 -2.5536901500000004 -0.965948 2.742141 -0.258089
19420 7.03267128 14.07358296 -1.4343200999999999 -0.277768 2.086423 -0.444721
19440 6.402182580000001 10.843002810000002 -1.5242778 -0.351224 2.59164 -0.450155
19460 6.1330452300000005 8.63794044 -5.60748429 -0.43637 2.996253 -0.328422
19480 5.3611061399999995 8.092170900000001 -6.76697724 -0.06776 2.467287 -0.500358
19500 2.6608644000000004 6.0017678100000005 -4.8617379 0.46403 1.240954 -0.644623
19520 1.3807280700000002 3.32368686 -4.28933421 -0.048310000000000006 0.588212 -0.5352020000000001
19540 5.4107937900000005 6.2764478100000005 -7.340283449999999 -0.129886 1.354726 -0.6093930000000001
19560 4.3123779 5.26260393 -7.41617361 0.209494 2.57845 -0.833986
19580 3.67875 5.80223241 -5.867194230000001 0.222907 3.083659 -1.178507
19600 1.81168137 4.28828454 -3.8505917700000003 -0.923765 2.196933 -1.411843
19620 2.06361198 3.9204978300000004 -3.77245512 -1.469533 0.432822 -0.669912
19640 1.8676670400000002 4.1912832600000005 -3.97992681 -1.876377 -1.544937 -0.4320060000000001
19660 0.9711801900000001 3.33087759 -4.09473324 -1.487291 -0.993908 -0.041162
19680 1.46216088 2.5578790200000006 -5.44597245 -1.4389459999999998 0.274639 -0.033904000000000004
19700 2.31313914 0.73601487 -2.58691662 -1.450097 0.838374 -0.075297
19720 1.6991214300000002 1.7958186 -2.0730393900000004 -1.167172 0.822715 -0.134189
19740 3.37996683 6.97339926 -7.22727225 -1.105779 0.955537 -0.368939
19760 5.47397019 12.043501560000001 -7.213803120000001 -1.100068 0.737395 -0.433781
19780 5.46438582 11.255395590000001 0.8478390600000001 -1.190114 0.731913 -0.582886
19800 2.52210195 7.51168377 -1.6357978800000001 -0.951811 0.800396 -0.5994689999999999
19820 3.6157305600000003 7.1983818 -2.17018782 -0.518379 0.820465 -0.399914
19840 5.70164067 5.879623500000001 -0.45714600000000005 0.153972 0.8184279999999999 -0.207208
19860 8.486748720000001 6.48256572 -0.31330197000000004 0.7128939999999999 0.34126100000000004 -0.178124
19880 9.59085441 8.47237707 -3.6176729400000003 0.949297 -0.47119 0.06064600000000001
19900 9.02188422 10.04905008 -5.36694309 1.572271 -0.931459 0.336915
19920 6.31956276 8.48734713 -2.43992358 2.221238 -0.989571 0.453686
19940 5.14644372 7.2588506399999995 -1.70480142 2.930785 -0.909327 0.28441900000000003
19960 5.009927760000001 7.578587970000001 -1.6199351100000001 2.931369 -1.136379 1.118996
19980 7.2473336999999995 9.35269704 -2.5506981000000004 2.016723 -1.75268 1.521458
20000 9.45957699 10.84434678 -2.9720670300000007 1.821752 -2.214985 1.950113
20020 11.794572810000002 10.221941520000001 -1.043784 1.591271 -3.898325 1.934637
20040 11.09522772 8.93432016 0.28680516 1.3285129999999998 -5.2341120000000005 1.6129790000000002
20060 8.75200131 9.14567661 -0.8752285799999999 1.84861 -3.766616 1.542092
20080 6.70096575 9.07337691 -1.37294874 1.749282 -2.838751 0.8277049999999999
20100 5.17129245 10.19125584 -1.5802634699999998 2.248691 -3.477946 0.402587
20120 5.0427127800000004 10.030195260000001 -1.04467671 2.677665 -2.8610130000000003 0.5287069999999999
20140 4.01106375 7.60658571 -2.00387889 2.470134 -1.204263 0.646912
20160 5.660782020000001 7.03237698 -2.6933453100000007 2.074119 -1.2753219999999998 0.379317
20180 7.025490360000001 6.43482045 -3.91705452 1.104466 -1.6506009999999998 -0.036104
20200 7.529047470000001 6.434222040000001 -4.054168890000001 0.02114 -1.566807 -0.337539
20220 5.6510505 5.17728636 -3.45391461 -0.6183310000000001 -1.082518 -0.479359
20240 3.81780675 5.66047791 -2.1654005400000003 -1.438569 -0.831325 -0.514252
20260 2.5563879 6.07481307 -1.22924205 -2.043056 0.231841 -0.262395
20280 2.6220952800000004 7.630679070000001 -0.7282355400000001 -2.1403380000000003 1.284085 -0.11594000000000003
20300 2.79019944 8.53315983 -1.52262972 -2.143916 1.93489 -0.093299
20320 3.8082321900000005 9.34072884 -1.67487111 -2.007116 2.6526 -0.140264
20340 6.35054274 11.80115532 -0.40086603 -2.118258 2.827668 -0.400843
20360 5.316794370000001 9.624384990000001 0.5234616000000001 -1.455314 2.715384 -0.601167
20380 8.315956620000001 10.355171130000002 0.36733545 -0.197888 2.498536 -0.476738
20400 10.117465020000001 11.33039304 -1.81483038 -0.019359 3.127194 -0.401521
20420 7.990382340000001 12.886553339999999 -2.71280835 -1.362517 3.828659 -0.43103
20440 3.71886309 10.55978811 1.26157581 -0.507832 2.209581 -0.40803
20460 2.87402589 10.047402 -3.39957702 -0.6922689999999999 1.924088 -0.248719
20480 4.59349326 11.14941816 -8.25623334 -0.680848 2.160263 -0.179508
20500 5.761668060000001 10.2437982 -8.478822240000001 0.012836000000000002 1.722074 -0.424065
20520 4.155810300000001 5.5402759800000005 -3.12235623 0.177001 1.845411 -0.507466
20540 3.1919581800000003 4.41296964 -4.2807995100000005 0.328591 2.072021 -0.299462
20560 5.38130493 6.390057420000001 -7.6788854099999995 0.488826 2.480974 -0.409962
20580 5.33789568 4.7764203300000005 -9.02802528 -0.111923 2.302609 -0.572026
20600 3.23028585 4.14263547 -7.772884830000001 -0.17719100000000002 2.077845 -0.5177149999999999
20620 1.68923295 3.5739693900000002 -4.87865034 0.148822 1.49202 -0.287156
20640 1.5477825600000001 5.99368437 -6.69393198 0.180374 0.3728 0.121491
20660 -0.04355640000000001 2.88256059 -3.1530419100000002 -0.20957 0.088381 0.190703
20680 0.8490358800000001 3.9645054900000005 -2.9743135200000004 -0.476266 -0.482333 0.087022
20700 0.70458363 1.99774764 -5.39643195 -0.597476 -0.403027 0.073255
20720 2.7982828800000004 1.7956616400000003 -8.594227080000001 -0.27695 -0.095087 0.043053
20740 4.34771352 0.00718092 -4.67657415 -0.309579 -0.252558 0.023799
20760 2.13321393 0.95396364 -3.988755810000001 -0.690516 -0.123966 0.164115
20780 3.2579794800000004 5.1503382900000005 -3.4341572700000005 -0.798275 0.177513 -0.010076
20800 7.489827090000001 11.83408749 -2.01166803 -0.932678 0.216089 -0.216163
20820 5.68652346 13.36301523 -1.44449307 -1.037737 0.766338 -0.26674000000000003
20840 5.27188419 11.367062820000001 -7.737411870000001 -0.894207 0.446983 -0.713982
20860 8.500070700000002 8.95842333 -2.6997904800000003 -1.290543 0.459458 -0.825725
20880 6.4174567499999995 4.54409991 1.00875249 -1.20857 0.998957 -0.481876
20900 4.12018038 5.34673449 -1.4202427499999999 -0.975472 1.591491 -0.477803
20920 3.19659831 6.427933830000001 -1.7402841900000001 -1.0888639999999998 1.360207 -0.882086
20940 2.428249680000001 8.02661067 -0.71625753 -0.603851 1.03465 -0.874008
20960 3.75374745 9.27875907 -1.21053438 -0.073375 1.145699 -0.334198
20980 5.795797050000001 7.666308990000001 -2.35205541 0.302194 1.1465379999999998 -0.336917
21000 7.77139371 7.734419820000001 -0.8840575800000001 0.44525 0.55218 -0.477229
21020 8.24619771 6.977735280000001 -1.2573869400000002 0.190165 -0.355865 -0.414822
21040 7.488630270000001 5.36694309 -1.78922628 0.005375 -0.538863 -0.312261
21060 7.091649 7.938595350000001 -1.01893527 0.465754 -0.699964 -0.117627
21080 7.05856968 7.50104973 -1.6856424900000002 0.799095 -0.911623 0.043069
21100 6.906033990000001 6.98956614 -1.7107953300000003 0.927023 -1.162334 0.291044
21120 6.77415816 7.035221880000001 -1.8857763000000003 1.2533299999999998 -1.03523 0.456598
21140 7.26814071 6.75515619 -1.45901187 1.706547 -0.643468 0.6611560000000001
21160 7.894430730000001 6.859632690000001 1.77336351 2.09878 0.147071 0.8273879999999999
21180 8.13483459 8.134236180000002 1.2081407400000002 2.423526 0.653361 1.007401
21200 6.358930290000001 11.62766547 -3.3281798400000002 1.543875 0.36098 0.8285790000000001
21220 5.66346996 11.30658417 -1.1201254200000001 0.20062 -0.885941 0.532375
21240 6.86038806 11.116181880000001 -0.52615935 -0.130976 -2.232487 0.562762
21260 10.60634637 12.256957350000002 -0.73586772 0.459854 -2.0461 0.326301
21280 8.060141250000001 6.737488379999999 -1.7929737 1.105327 -1.961443 0.17474
21300 6.227348760000001 5.91165315 -1.11278754 0.677557 -2.556929 0.278269
21320 6.73599726 8.753649390000001 -2.75891535 0.710028 -2.660388 0.547821
