time Ax Ay Az Gx Gy Gz
20 -13.354627680000002 37.933818120000005 -0.7044364800000001 0.6183850000000001 1.60107 0.272528
40 -17.11196559 33.22295802 -3.3757779599999997 0.782379 -0.137371 -0.689772
60 -6.96651264 15.331117050000001 -1.90359126 0.438395 -1.95682 -1.46644
80 -6.80050782 6.793169939999999 -0.10148445 -0.173804 -2.680137 -2.001764
100 -9.28803933 5.28161571 3.06412407 -0.4512060000000001 -2.206084 -1.762891
120 -8.48495349 6.6984249600000005 2.43348822 0.732654 1.32872 -0.980417
140 -4.6529222400000005 4.066598160000001 0.7909508700000001 0.07004400000000001 0.7540180000000001 1.318777
160 0.31075136999999997 2.17782 0.8523320400000001 -2.953825 -1.763335 2.898941
180 4.5056348999999996 2.16284994 1.09511973 -1.057409 1.6865330000000005 2.195263
200 6.06523851 -0.6247989 0.7693983000000001 -0.059747 -0.336539 1.093873
220 3.4019706600000004 -4.04369181 1.0523088900000002 1.393155 -1.252322 -0.252515
240 -1.00740852 -4.6388547 0.76042215 2.824076 -1.033656 -1.03008
260 -2.3192802 -0.23890293 -0.20462679 2.484161 -0.883667 -1.214244
280 -1.3251936599999998 2.0600117100000004 -2.62134972 1.791118 -0.341665 -0.292563
300 5.551508429999999 4.19233293 -10.61292888 1.464724 1.353521 0.43899
320 7.587269820000001 16.018042680000004 -8.87084946 0.810335 0.807971 -0.026354
340 -8.083489049999999 27.441081360000002 2.71101312 0.390152 0.32163 -0.317085
360 -2.2073088600000004 30.462100290000002 -4.76549199 0.482573 0.417397 -0.369974
380 -9.552232440000001 11.9212101 -3.39942987 1.422931 0.147576 0.222326
400 -6.856042230000001 12.08975571 -2.54486115 1.427494 -0.24442 0.478166
420 -6.03829044 9.5296302 1.12281336 -0.4310020000000001 -0.426912 0.041334
440 -9.59579865 14.30215596 3.26621007 -2.281677 -0.275336 -1.093421
460 -12.95810748 18.33357546 5.914949310000001 -2.437695 -0.289764 -0.81355
480 -7.38429111 18.962867340000003 3.52860795 -0.206656 1.255735 0.235161
500 -2.18006649 15.661037160000001 -2.64844494 0.087344 1.004341 1.041908
520 -1.2464585999999998 10.421476920000002 -2.2094082 -0.075806 -0.5870380000000001 0.6155189999999999
540 -0.13142457 5.401670490000001 -2.07064575 -0.066095 -2.470991 -0.586954
560 1.4822223300000001 -1.6440284700000003 -3.0602393100000005 0.339251 -1.084372 -0.845477
580 1.8655677000000002 -1.22594589 -4.48766298 0.083946 0.541143 -0.334461
600 2.6156599200000006 0.018707670000000003 -3.3623088300000004 -1.769737 1.353282 0.106613
620 0.73302282 1.9896642 0.70144443 -2.713508 -0.488662 -0.651783
640 -1.00246428 1.78683264 1.41021693 -2.217249 -0.227118 -0.421121
660 0.09774684000000002 0.9967744800000001 -10.401268320000002 0.578684 1.632945 0.593745
680 3.28596741 2.4831856800000005 -11.793375990000001 2.047561 2.639619 1.187032
700 0.45549792000000006 6.4452975299999995 -5.51946897 1.394695 2.644288 1.650347
720 -3.59342262 19.1309715 -1.20963186 0.10648 1.939801 1.520474
740 -4.944671639999999 27.150989850000002 -0.11077452 -0.562711 0.79093 0.895567
760 -14.93294877 38.60711766 -5.44372596 -0.529636 0.069225 -0.06895
780 -10.23765714 25.783583760000003 -4.636461060000001 -0.748151 -0.95477 -1.143795
800 -7.9614918900000005 12.929815440000002 -3.5784623700000004 -0.9761 -2.034596 -1.835143
820 -9.171731970000002 8.641982160000001 0.96474483 -0.730833 -0.816896 -1.538025
840 -10.60664067 8.72461179 2.2878391500000004 -0.326411 0.8014789999999999 -0.879249
860 -6.88882725 4.510118070000001 1.5025780800000001 -2.770916 -2.41555 0.94514
880 -1.49898762 2.31493437 1.3591755 -2.338064 0.259993 2.273603
900 3.9682431 3.52771524 1.5946351200000002 -0.992818 0.57734 1.667297
920 6.897960360000001 3.29405085 -0.11541465 0.061329 -0.801951 1.226707
940 5.25257811 -1.4043799799999999 -1.5331166100000002 1.471525 -0.6633020000000001 0.23118200000000005
960 1.3697997299999998 -3.8318841000000003 -0.71042058 2.651136 -0.5248189999999999 -0.257479
980 -1.00815408 -3.1533460200000003 0.07918631999999999 2.0372470000000003 -1.029058 -0.433104
1000 0.5762982600000002 0.50310585 -2.43843246 1.433404 -1.438399 -0.373773
1020 6.34425453 4.92116688 -5.848035300000001 1.607437 -0.323692 -1.429389
1040 4.8081556800000005 16.534617660000002 -4.57433433 1.708718 0.302617 -1.498918
1060 -6.396502590000001 23.68299789 0.89558433 1.370194 0.589869 -1.3788049999999998
1080 -1.6573504500000003 20.48729229 -4.2926205600000005 0.6711239999999999 0.407561 -1.269155
1100 -11.44235457 11.638446660000001 -1.3910580000000001 0.565013 0.013453 -0.124257
1120 -6.2923105800000005 11.736791909999999 -1.69283322 0.631938 -0.141508 0.739532
1140 -5.7925008899999995 9.40119768 -1.1148770700000001 -0.806874 0.000407 0.064866
1160 -7.26125409 15.717611430000002 0.56028834 -2.245626 0.106191 -0.898173
1180 -10.44198963 18.96736032 4.76399106 -2.360562 0.146214 -0.684315
1200 -7.839053280000001 19.45834101 6.710550120000001 -2.035674 0.101454 0.103155
1220 -1.53895356 16.372948860000005 1.4516838 -0.264114 0.6932229999999999 0.8283440000000001
1240 1.47892617 11.5133103 -2.55473982 1.133543 0.812755 1.425475
1260 1.03285566 7.335192060000001 -2.87641953 1.618437 -0.594915 0.8495530000000001
1280 1.6697797200000002 0.44398098 -3.4328133000000003 0.418179 -2.643359 -0.259679
1300 1.37594079 -0.86669388 -3.24659988 -2.101864 -2.712652 -1.523808
1320 1.8965574900000002 0.29189655000000003 -3.00994344 -1.380957 -0.107187 -0.501959
1340 0.9876413700000001 0.68707278 -0.48304440000000004 -0.38073 1.469339 0.248626
1360 -2.0240874900000003 1.14017706 1.57741857 -1.301626 1.024532 -0.40351
1380 -2.3891862600000002 -0.13636880999999998 -0.1505835 -1.90037 0.37009 -0.06075
1400 -0.7530842700000001 -1.2169697400000001 -3.9480443100000002 -0.981602 0.913583 0.6895220000000001
1420 1.3063290300000001 -1.66842594 -10.869941070000001 0.439088 2.146043 1.071744
1440 3.7486560600000005 2.62180098 -8.76711852 1.0874620000000002 3.038797 1.5611700000000002
1460 -0.40625172 12.114604439999999 -7.06530915 1.012528 2.637992 1.691483
1480 -10.69690248 28.695024990000004 1.87470081 0.48873 1.633067 0.907173
1500 -12.38000418 42.324332670000004 3.39449544 -0.28797399999999995 -0.444654 -0.706468
1520 -14.08420719 34.661319840000004 -3.79445895 -0.8846129999999999 -2.497531 -1.763408
1540 -6.17600322 15.478865460000002 -0.77119353 -0.6768569999999999 -2.873043 -2.075533
1560 -4.2290027100000005 4.83374997 -0.07095573000000001 -0.237349 -1.571077 -1.707732
1580 -8.67611115 5.58189 3.9080685600000002 0.046426 1.171758 -1.0929
1600 -7.885150470000001 7.327716840000001 4.91682105 -2.572509 -1.46689 1.430283
1620 -3.8148147000000003 3.0626329500000002 1.5702376500000002 -3.599321 -0.694185 3.022317
1640 0.7349750100000001 0.0011968200000000001 -1.2472041600000001 -1.077775 1.353145 1.403995
1660 5.90177448 0.26808768000000005 -2.98374093 0.052599 -0.29738400000000004 1.061493
1680 6.658449210000001 0.54950715 -1.5825099599999999 2.580898 0.130956 -0.353881
1700 1.50002748 -0.38589597 -0.64950048 3.5081620000000004 -0.644443 -0.921114
1720 -2.9680253100000002 -1.0912349700000001 0.43829118000000006 2.644385 -0.72055 -0.8533430000000001
1740 -2.4104347200000005 -0.27437589 1.6847497800000002 1.866443 -0.014673 -0.345867
1760 2.34697383 1.73444724 -4.414764870000002 1.79947 1.062475 0.205624
1780 10.141264080000001 9.24927021 -8.33077953 1.228672 0.807574 -0.289418
1800 0.27527841000000003 26.924957640000002 0.6617727900000001 0.7206560000000001 0.7666310000000001 -0.532196
1820 -0.20357712 32.351476860000005 2.4255519300000006 1.0770620000000002 0.706145 -0.367259
1840 -13.359866219999999 10.823991030000002 -2.06046297 1.549947 0.206493 0.030858
1860 -8.25503652 12.23645445 -3.34269864 1.15021 -0.10671 0.113925
1880 -6.92400591 8.67595419 -1.97050527 -0.599601 -0.284397 -0.286903
1900 -7.82497593 9.876609900000002 1.5971759099999998 -2.0244310000000003 -0.316326 -0.922792
1920 -9.55059417 15.382158480000001 5.44672782 -2.175728 -0.612484 -0.788874
1940 -9.13565079 16.75630404 6.95588841 -1.494498 -0.562991 0.094968
1960 -2.54306592 18.49434174 2.97326385 0.025346 0.374433 0.911959
1980 1.3019930100000001 14.281947360000002 -1.26771687 0.5216689999999999 -0.204906 1.237703
2000 0.036826740000000004 8.58015954 -1.46605545 0.017734 -1.915613 0.312363
2020 0.42841251 3.72979143 -2.7366074100000004 -1.788684 -3.0394650000000003 -0.787333
2040 -0.029184750000000002 1.97619507 -2.7500765400000002 -1.814749 -2.125962 -1.437096
2060 1.2433194000000003 -0.12857967 -3.28027761 -0.430047 0.785058 -0.147152
2080 1.76408325 -1.41770196 -2.2200324300000007 -0.606323 1.430002 -0.639523
2100 -0.7450008300000001 -0.19489527 0.20761884 -1.809297 0.32417 -0.909292
2120 -2.40849234 1.6557023700000002 0.054936000000000006 -1.675731 0.056109000000000006 0.208277
2140 -1.0309034700000002 -0.15342840000000002 -4.52733462 -0.587184 0.644764 0.972495
2160 1.3835729700000001 -0.60893613 -10.758725100000001 0.4274020000000001 1.740199 1.607361
2180 2.20476807 3.4581132900000005 -10.110127140000001 1.255291 2.657824 1.583126
2200 -3.49268373 16.340016690000002 -5.2853631299999995 1.284717 2.333717 1.357284
2220 -11.037593970000001 34.44037902 6.356379690000001 0.385172 1.4644469999999998 0.27534699999999995
2240 -12.28405257 44.03647197 -2.0477394 -0.36568 -0.321259 -0.860993
2260 -12.851374680000001 30.07111293 0.60085269 -0.638259 -2.201392 -1.442669
2280 -3.56962356 11.796515190000001 -0.93210696 -0.764369 -2.388103 -2.059674
2300 -2.1044706300000002 2.5093783800000002 0.6210612900000001 -0.648708 -1.470564 -1.711802
2320 -8.65395036 4.74977637 4.53077793 0.023878 1.380726 -0.8508389999999999
2340 -10.54976229 6.88448142 3.92289147 -1.415573 -0.380359 1.239351
2360 -5.188656149999999 4.15849824 1.70495838 -4.066193 -1.593602 2.975343
2380 1.70345745 1.05350571 -0.86953878 -1.187496 1.343393 2.071948
2400 6.13424205 1.01339262 -2.53108791 0.363991 -0.406703 1.222973
2420 7.311697110000001 2.9954246400000004 -2.2748212800000003 2.650184 -0.271351 -0.505638
2440 2.9472183000000003 0.5294457 -0.6768900000000001 3.508028 -1.03395 -1.282743
2460 -0.46837845000000006 0.1704978 2.04295212 3.5760300000000003 -0.227338 -1.125205
2480 -1.34764875 0.12424365 2.5005493800000003 2.766821 0.8877940000000001 -0.371712
2500 -0.16165899 0.0953532 -0.98839674 2.431212 1.479179 -0.120578
2520 5.9460862500000005 2.2709267100000003 -7.65313416 1.316876 0.545733 -0.951832
2540 6.00820317 15.03488448 -6.408774899999999 0.962934 0.4486350000000001 -0.871927
2560 -9.62289387 24.716000700000002 5.429364120000001 1.436743 0.22863000000000006 -0.8768809999999999
2580 -7.653281310000001 28.20599649 -0.5387259600000001 1.7335310000000002 0.059399 -0.372527
2600 -8.76742263 14.262788430000002 0.66686418 0.904865 -0.103701 0.106866
2620 -7.552248120000002 14.58267291 -4.03441155 -1.249226 -0.409254 -0.20155
2640 -5.839353450000001 9.265878540000001 1.78922628 -2.48065 -0.478832 -1.180008
2660 -7.46617518 11.469145680000002 7.584130620000001 -2.199386 -0.391037 -1.001899
2680 -7.94952369 14.60722734 7.32007485 -0.714791 0.782014 0.061303
2700 -2.26239201 16.145121420000002 5.37682176 0.29337 1.2985799999999998 1.073948
2720 -0.14385383999999998 15.48006228 -0.6230036700000001 0.744408 0.155908 1.655403
2740 -1.79491608 9.34701705 -2.21943402 0.437836 -2.019887 0.982002
2760 -1.16592831 7.910901720000001 -2.33708535 -0.839872 -3.000961 -0.583134
2780 -0.70532919 5.456900790000001 -4.26328866 -1.339626 -0.937066 -0.796504
2800 0.49980969000000003 2.6331707700000004 -5.13088506 -0.676582 0.486011 0.524489
2820 1.4441987699999999 1.34449974 -3.4248770100000003 -0.946565 0.7600899999999999 -0.381463
2840 0.33006726 1.9034441100000001 0.28769787 -2.053586 -0.054687 -1.058995
2860 -1.75404762 0.65803518 2.99437497 -1.08453 0.304255 -0.28784
2880 -1.91661894 -0.42481224000000006 -2.4736013100000003 0.530604 1.435078 1.364919
2900 -0.34892208 0.14459940000000002 -9.56286648 0.7997890000000001 3.059675 2.448962
2920 -0.91774512 -1.6018160399999999 -13.095221850000001 0.161616 3.193192 2.38024
2940 0.8940932100000001 6.542141850000001 -10.39334184 -0.09709 2.297189 1.832652
2960 -6.66009729 21.804255360000003 3.2814744300000003 -0.173924 1.383698 0.440324
2980 -10.25592336 40.89914568 2.2065633 -0.349333 -0.063402 -1.156039
3000 -17.59546125 46.35874422000002 -7.727680350000001 -0.131663 -1.432613 -2.059684
3020 -7.325617500000001 20.478767400000002 -0.85487283 -0.223271 -2.063137 -2.010378
3040 -2.17332702 5.49941733 -1.30109049 -0.456749 -1.342922 -1.564278
3060 -6.177357000000001 3.42832032 2.48213601 0.227124 1.0772700000000002 -0.797756
3080 -10.566821880000001 5.811365520000001 5.16216915 -0.378294 0.199717 1.53
3100 -4.86278757 4.44874671 4.11718833 -3.298459 -2.536479 2.603764
3120 1.83922785 2.94542307 0.32122845000000005 -0.8301950000000001 3.137683 2.469523
3140 5.13372015 2.4010073100000002 -1.9636186500000001 0.028351 0.155056 1.6899259999999998
3160 6.0079088700000005 0.62420049 -1.73249505 0.476522 -1.286322 -0.013183000000000002
3180 3.33611613 -0.11780829000000001 0.10432935000000002 1.556064 -2.418159 -1.35122
3200 -1.2481066800000002 -0.67958775 1.10455695 1.915668 -2.015328 -1.43575
3220 -2.2403881800000005 -0.58213521 0.78481962 1.869372 -0.362201 -1.350598
3240 -1.6853481900000002 0.29713509 -0.92523015 1.517429 0.904588 -0.823773
3260 2.1743766900000003 1.66244184 -8.502170040000001 -0.07032200000000001 1.000635 0.507768
3280 7.89742278 5.31933516 -9.904754790000002 0.378642 1.111258 0.426373
3300 -0.6782437800000001 21.340821150000004 -1.69312752 0.996252 0.900942 0.005804
3320 -8.31685914 23.95064412 7.58802519 1.473417 0.575917 -0.378211
3340 -11.358233819999999 12.36698631 -6.6681807300000004 1.427856 0.47567 -0.311102
3360 -5.8739337 13.96266129 -2.26030248 0.653147 0.39653 -0.361278
3380 -2.9810529900000002 17.129476440000005 -2.42391366 -0.122465 0.5304760000000001 -0.950116
3400 -7.26439329 15.592926330000001 1.75135968 -0.094276 0.987011 -0.5915819999999999
3420 -8.776251629999999 17.81085942 7.06770279 -0.390887 0.808092 0.185309
3440 -8.41116267 19.35534582 6.549626879999999 -1.278618 -0.253599 0.324679
3460 -3.3985371600000005 15.2558253 2.23409997 -0.891697 -1.283157 -0.15093099999999998
3480 -1.57337685 13.1474601 -1.04452956 -0.396066 -2.359036 -1.124581
3500 1.1036544300000002 7.181910810000001 -0.57390462 -0.190796 -1.545061 -1.594208
3520 1.94850144 1.9434100500000002 -1.7970154200000001 -0.5511199999999999 0.723481 -0.094507
3540 0.8482903200000002 2.32616682 -2.14519194 -2.041707 1.5190860000000002 0.968693
3560 1.3774319099999999 1.30154175 -1.9928034 -2.011635 0.066973 0.180279
3580 1.3016889 -0.27377748 -1.55287395 -1.542234 -0.486188 0.11056
3600 0.50190903 2.6725383000000003 -3.0093450300000004 -0.086907 0.6597 0.5337270000000001
3620 0.54336609 3.71467422 -7.048995120000001 0.906453 2.0881380000000003 0.762093
3640 0.8720893800000001 2.3019165 -7.806719520000001 0.693928 2.95498 0.487101
3660 -2.31823053 0.7863107400000001 -4.33303776 0.108513 2.948798 0.409313
3680 -5.12130069 5.9980302 -7.8374052 0.093873 2.09449 0.677361
3700 -0.9225324 22.527105210000002 -3.4042171500000005 -0.144122 0.595641 0.6188670000000001
3720 -12.554838000000002 31.066396290000004 -1.20529584 -1.148962 -1.001555 -0.552604
3740 -14.709457350000001 25.778041110000004 -3.5052601500000002 -1.0894620000000002 -1.922932 -1.423745
3760 -9.48547539 21.68256231 -2.7749252699999998 -1.057533 -2.187302 -1.672078
3780 -6.24561498 14.669795520000001 -1.12041972 -0.598194 -0.5272859999999999 -1.084543
3800 -7.4622806100000005 10.548859770000002 2.2697298900000002 0.307109 0.670084 -0.006191
3820 -7.5157254899999995 8.64242361 2.56686498 -2.142547 -2.798223 1.524723
3840 -4.77731304 6.899902740000001 2.12812254 -0.185014 1.307949 2.606698
3860 -0.11824974 3.28701708 1.2521484 0.283287 1.277074 1.398645
3880 2.1794680800000004 0.5307994800000001 1.95687918 0.114082 -1.307699 0.850641
3900 3.40856298 -1.07237034 1.28477646 0.923385 -1.748277 0.0386
3920 3.36544803 -2.37675699 0.45475236 1.942405 -1.591696 -0.308064
3940 0.48394692000000006 -2.5014519 -0.37676286000000003 2.134759 -1.0268959999999998 -0.525361
3960 -1.98307188 -1.29181023 0.20357712 2.000891 -0.129928 -0.942984
3980 -1.4792204699999998 0.58184091 -0.7011403200000002 2.229687 1.333238 -1.010559
4000 2.79034659 3.42622098 -6.86397852 1.802076 1.422975 -0.969864
4020 6.65740935 7.42545387 -5.696107830000001 0.980269 1.171027 -0.920802
4040 -4.674033360000001 20.06157753 4.43737692 0.24144 0.720279 -0.779039
4060 -6.82640622 24.77333034 -0.6372281700000001 0.392274 0.202889 -0.195141
4080 -11.393108370000002 14.32984959 -7.9616390400000006 0.304814 -0.095661 0.214828
4100 -7.93664316 13.763430000000001 -3.38371425 -0.55595 -0.103199 -0.083868
4120 -4.01494851 12.59091918 -1.94565654 -1.224478 0.030727 -0.760621
4140 -3.9218418000000006 13.239664290000002 0.8866081800000001 -1.37937 0.147803 -0.6005510000000001
4160 -4.78405251 15.894397440000002 4.86488691 -0.435202 0.951923 0.218999
4180 -6.26028093 17.53333452 6.871905000000001 0.040942 0.409028 1.038074
4200 -3.23117856 17.43244848 3.6715690800000003 -0.012997 -0.995539 0.951902
4220 -1.2261028499999997 13.011395400000001 -1.19092419 -0.533516 -3.007923 0.091995
4240 -1.38881151 7.49102391 -3.2153157900000005 -0.901403 -2.924371 -1.300439
4260 -1.8342836100000002 3.59058753 -2.7175956300000004 -0.264901 -0.175813 -0.824156
4280 -1.49509305 0.34743096000000007 -3.25528173 0.016876 2.090352 0.713148
4300 -0.24488703 -0.30761217 -3.2956989300000004 -0.93088 1.109991 0.280495
4320 1.25154999 -1.00784997 -2.0187018 -2.542683 -0.31291 -0.26305100000000003
4340 0.019011780000000002 -0.49411989 1.21787226 -1.590262 0.095174 0.221642
4360 -0.77463684 1.7440218 1.79641701 0.205568 1.054462 0.660246
4380 1.3986901800000002 1.95089508 -5.2775739900000005 0.165204 1.885309 0.978298
4400 2.5953041700000004 1.6274201400000001 -9.09164313 -0.314413 2.0096380000000003 1.470443
4420 0.04041720000000001 3.5425381500000004 -7.9561062 -0.209667 2.101643 1.281982
4440 -3.4385031 11.18743191 -6.37464591 -0.269425 0.947904 1.079012
4460 -6.99659991 26.70446808 1.8612316800000002 -0.6391720000000001 -0.511073 0.222653
4480 -13.127104350000002 36.70651845 0.01915893 -0.5509149999999999 -1.709516 -0.916056
4500 -14.67218916 30.09581451 -2.79573228 -0.28097 -1.974842 -1.663722
4520 -5.7059865 17.265246840000003 -2.5075831500000003 0.114577 -0.307198 -1.595798
4540 -4.64753655 9.162441900000001 -2.3673295800000003 0.358994 0.568431 -0.736362
4560 -8.28108207 10.27508229 2.5393185000000003 -3.006217 -3.015457 1.18782
4580 -7.892488350000001 8.480460509999999 2.7789669900000002 -1.546001 0.371155 2.29288
4600 -6.47059752 5.291043120000001 2.00792061 -0.41543 -0.5712109999999999 0.947479
4620 -1.78249662 1.95343587 0.5051953800000001 0.873662 -1.633032 0.298752
4640 2.11090599 2.47959522 -0.60788646 1.946109 -1.0588540000000002 -0.362132
4660 3.91839849 -0.35491599000000007 -2.41746849 2.125226 -0.649193 -0.399862
4680 2.82088512 -1.98576963 -0.54546543 1.2020879999999998 -0.465866 -0.157649
4700 -0.11137293000000001 -2.98584027 0.9607031100000001 0.464201 -0.8254819999999999 0.103645
4720 -0.73885977 -2.57315319 1.17251082 1.228824 0.28920500000000005 -0.12852
4740 2.7981357300000003 -0.87298209 -4.00521699 1.169664 0.654701 -0.369751
4760 6.699621780000001 5.878573830000001 -6.919365780000001 0.918861 0.97135 -0.750059
4780 1.69147944 16.369956809999998 -1.2913687800000002 1.048966 0.794721 -0.914499
4800 -6.31476567 23.762488320000003 2.4620843700000004 1.557285 0.208255 -0.41561
4820 -4.71189996 21.31702209 -5.114718180000001 1.039277 -0.117022 -0.141074
4840 -14.108163209999999 14.801367240000001 0.5330459700000001 -0.2274 -0.023968 -0.468371
4860 -6.919512930000001 14.32671039 -1.7486619300000001 -1.513452 -0.121869 -0.7111689999999999
4880 -4.53871422 12.492269819999999 0.17528508000000004 -1.771335 0.097864 -0.5594279999999999
4900 -3.7769481000000003 13.796813430000002 4.41985626 -0.993818 0.762099 -0.310225
4920 -5.51333772 16.518450780000002 5.5847349 -1.263673 0.362582 0.464999
4940 -4.26448548 16.841925720000003 6.935228550000001 -1.983942 -1.1821549999999998 0.8443709999999999
4960 -2.21389137 14.471751240000003 2.1065699700000002 -1.767977 -2.327839 0.785391
4980 -2.70682425 10.1253915 -0.2809682100000001 -0.5810850000000001 -1.939151 0.590221
5000 -1.02237858 4.774468140000001 -2.75875839 -0.07993 0.385826 1.084261
5020 -0.01241946 0.9017253900000001 -4.4099775900000004 -0.82996 1.488031 0.758211
5040 1.2507946200000002 0.18621342 -4.4393193 -0.730591 1.323036 -0.15635
5060 2.5662665700000002 0.75158334 -3.41439993 -0.020125 0.623743 -0.121649
5080 1.3823761500000002 0.7491897000000001 -0.7277842800000001 0.531338 0.793823 0.556033
5100 -0.8132588100000001 0.85547124 1.3078299600000003 0.596321 0.8764870000000001 1.138562
5120 0.5815367999999999 0.82179351 -2.77972236 0.198074 1.439718 1.292087
5140 1.66154913 0.84439575 -6.946451189999999 0.117251 2.213485 1.534086
5160 -1.34630478 4.82147766 -4.75980219 0.45218 2.74137 1.36697
5180 -4.891972320000001 11.531566710000002 -2.9475224100000004 0.642358 2.094909 0.895904
5200 -5.00559174 23.231541690000004 1.45587267 0.271436 0.020567 -0.316461
5220 -7.340136300000001 31.71814326 2.9713214700000004 -0.125252 -1.12684 -1.277024
5240 -10.724301810000002 33.68295873 2.89707939 -0.535987 -1.458444 -1.377745
5260 -4.87401021 17.1327726 2.4611818500000004 -1.005556 -1.931721 -0.631595
5280 -4.76159742 10.731188430000001 1.3192095600000002 -1.940049 -2.963352 1.884204
5300 -7.705970820000001 10.37433006 1.54314243 -1.196626 -2.310519 2.350032
5320 -7.57949049 9.7547697 0.6719555700000001 -1.064114 -1.92322 1.020525
5340 -6.07885479 6.350091480000001 1.76647689 0.8787940000000001 -1.3713799999999998 0.129673
5360 -2.48708025 2.94393195 3.3888056400000006 1.965719 0.33198 -0.009127
5380 0.64560591 0.75742029 2.5444098900000003 2.627742 0.058665 -0.165454
5400 3.90851982 -1.2424168800000002 -0.61327215 1.827391 -0.6420560000000001 -0.5942310000000001
5420 4.58241777 -1.31187168 -1.2244547700000001 0.854662 -1.139227 -1.160137
5440 -0.5330459700000001 -1.1349385200000002 0.7357205700000001 0.667874 -0.259517 -1.212775
5460 0.34263387 -0.03742515 -2.03936166 0.580132 0.355723 -1.014419
5480 2.22093495 3.78113697 -5.738163300000001 0.644841 0.78996 -0.971795
5500 2.41327962 14.19931773 -3.29314833 1.251444 1.133115 -0.998976
5520 6.130504439999999 19.472859810000003 -4.138897860000001 1.833342 0.528107 -0.987727
5540 -1.45092843 20.14076385 -2.53962261 1.5021719999999998 0.249934 -0.933068
5560 -10.06806186 19.22497092 1.21726404 0.697684 0.383292 -0.552161
5580 -6.65980299 10.977723540000001 3.28132728 -0.542755 0.317263 0.251107
5600 -1.33881975 13.1531499 -0.17348985 -1.428776 0.129644 -0.545325
5620 1.14840765 14.308444170000001 0.10777265999999999 -0.99652 0.618475 -0.088938
5640 -0.6948521099999999 17.98974477 4.11479469 -0.591773 0.245556 0.642894
5660 -3.9844099800000006 17.79858711 5.471870850000001 -0.794816 -0.965268 0.453952
5680 -4.27989699 18.36695889 3.57576462 -1.30176 -2.337551 -0.651303
5700 -3.1022947800000003 14.936990490000001 0.23770611 -1.546621 -2.466112 -1.853531
5720 -1.6257720600000003 7.841289960000001 -1.7482106700000002 -0.506501 -0.523414 -1.066816
5740 -0.29653668000000005 2.7378042300000005 -2.7415516500000003 -0.70508 1.3717780000000002 0.152482
5760 0.21330864 1.30154175 -2.3667311700000004 -1.450335 1.7757630000000002 0.204443
5780 1.9570263300000001 0.046107 -2.0779836300000003 -2.1504830000000004 0.163761 0.072363
5800 1.2695121 -2.7949867200000003 -1.1424235500000002 -1.068144 -0.10446400000000003 0.409279
5820 1.66423707 -1.53355806 0.07619427 0.514791 0.8953610000000001 1.018328
5840 0.7878116700000001 -1.61334279 0.1764819 0.9006139999999999 1.094093 1.068838
5860 0.58753071 0.56926449 -6.511161870000001 0.345383 1.343786 1.178939
5880 1.63624914 0.058977720000000004 -9.15810588 -0.032905000000000004 1.953354 1.448981
5900 -0.55833615 4.13814249 -4.957689510000001 0.308025 1.925004 1.050815
5920 -5.2021350900000005 13.08174291 -1.7697730500000002 0.6483760000000001 0.847024 0.204269
5940 -1.3973462100000003 30.658349340000004 3.89474658 0.288185 -0.933402 -0.726387
5960 -7.86629565 37.08597906 1.52472906 -0.410142 -2.2768490000000003 -1.95052
5980 -11.697277230000001 28.661798520000005 1.33162902 -0.710055 -2.972773 -2.148276
6000 -6.05461428 14.11968996 -0.60219666 -0.353284 -2.066579 -1.570106
6020 -5.9857480800000005 6.60097242 -2.54321307 0.487416 0.325586 -0.5909439999999999
6040 -11.1748653 8.22659733 2.49336846 -3.04485 -3.051053 2.395755
6060 -10.7382222 9.914633460000001 2.68092585 -2.63939 -0.073264 2.756898
6080 -6.91188075 7.31514042 1.81691991 -1.346035 0.842144 0.755434
6100 -1.9154123100000002 4.014497250000001 2.3643375300000002 0.989513 -1.892929 -0.341039
6120 2.3050557 2.70038889 2.15521776 2.485974 -1.364376 -1.148454
6140 5.94114201 3.0617304300000003 0.6524925300000001 3.057036 -1.554863 -1.160244
6160 5.9839528500000005 0.47570652 -0.9304686900000001 2.898143 -0.972706 -0.353456
6180 2.03127822 -0.47855142 -0.4252635 2.283576 1.029792 0.233617
6200 -1.1573936100000002 -0.72689157 0.016618140000000003 1.94977 1.73122 0.669425
6220 -2.48064489 -2.49949971 0.05268951 1.404414 0.943462 -0.32468400000000003
6240 0.6391705499999999 0.17842428 -2.333799 1.072322 0.560055 -1.124474
6260 5.700895110000001 2.9939237100000002 -7.6113729900000004 1.200769 0.970266 -1.521482
6280 3.89505069 18.952086150000003 -7.36019775 1.733927 0.565196 -1.384779
6300 -9.691750260000001 35.79252075 7.17308181 1.814929 -0.050948 -0.553415
6320 -4.72417227 18.99205209 -4.10925204 0.403586 -0.425315 -0.015864
6340 -8.88686919 13.467942990000003 -1.14586686 -1.2809780000000002 -0.361172 -0.210379
6360 -7.341185970000001 9.309591900000001 -1.05799869 -1.754171 -0.060093 -0.5003529999999999
6380 -4.76145027 6.0950216699999995 2.4411204 -1.029463 0.343906 -0.394328
6400 -7.41393693 13.15853559 7.3199277 0.180939 1.194301 0.34370100000000003
6420 -5.6308419 17.11914651 8.07930018 0.12423499999999997 0.941104 0.8403520000000001
6440 1.2220611300000002 16.223709330000002 5.09750163 0.222254 -0.554937 0.321662
6460 2.9289618900000005 15.79784742 2.0868126300000003 -0.632199 -2.064522 -0.5123800000000001
6480 -1.64462688 11.752811640000001 1.8106317000000003 -1.20668 -2.901379 -1.72348
6500 -3.38835438 11.249411490000002 -1.26920799 -0.565203 -0.186049 -1.200118
6520 -3.2757846300000004 7.722137700000001 -4.176018900000001 -0.371728 2.168599 0.131357
6540 -1.8029995200000002 1.33911405 -5.40555525 -1.321482 1.298819 0.017947
6560 -0.78092505 -0.5945644800000001 -5.843993580000001 -2.002002 -0.325495 0.017411000000000003
6580 0.90112698 0.14400099 -3.14885304 -0.252302 0.508636 0.6257
6600 1.0547025300000001 -0.01362609 1.8365301 1.248917 1.219695 1.324278
6620 -0.08292393 -1.54747845 2.4697165500000002 0.819923 1.913709 1.566084
6640 0.17963091 0.9139977 -5.80597983 -0.322997 2.238583 1.234013
6660 0.43454376000000006 1.96675785 -7.9556549400000005 -0.904978 1.706668 1.291518
6680 -0.36568737 3.23956611 -7.574850360000001 -0.25821700000000003 1.421445 1.1959879999999998
6700 1.1951130600000002 10.28017368 -6.29830449 0.354879 0.6540060000000001 0.509046
6720 -0.5848329600000001 24.89652432 0.35535744 -0.164599 -0.7477020000000001 -0.68599
6740 -10.106683830000001 37.609440660000004 3.7390716900000003 -0.787145 -2.0107470000000003 -1.83599
6760 -16.96152924 33.390463770000004 -0.24009975 -0.664898 -1.361391 -1.560367
6780 -7.9153947 14.663203200000002 -2.12034321 0.132845 0.586112 -0.965496
6800 -6.3758427300000005 5.838755040000001 -3.8218484700000004 -1.371043 -1.250567 0.904287
6820 -10.758577950000001 6.14786814 2.06914482 -3.163729 -1.325447 2.799706
6840 -11.761640640000001 8.81711028 3.35063493 -2.329667 0.753505 1.130032
6860 -6.85214766 7.493564699999999 4.26269025 -0.5025149999999999 -1.048003 0.37812
6880 -0.6039918900000002 7.60838094 4.04069976 1.73725 -0.4959 -0.569411
6900 2.08830375 3.9645054900000005 2.8089071100000003 3.295943 -0.629831 -0.927956
6920 4.563710100000001 2.105971560000001 -0.24473988000000002 2.662459 -0.5763729999999999 -0.694236
6940 5.3652950100000005 0.66820815 -2.6867628000000003 1.476044 -0.163689 -0.038618
6960 2.42031339 -0.30326634 -2.0561269500000003 1.587819 0.5907 -0.178741
6980 -1.40318316 -2.13620598 -0.41613039 1.440984 0.664555 -0.671244
7000 -2.8479803400000003 -2.23650342 -0.04745097 0.893919 0.322911 -1.073074
7020 2.34966177 2.0824668 -5.66317566 0.7159409999999999 0.912232 -1.2406469999999998
7040 8.95333194 7.22832192 -7.69549374 1.073717 0.5954659999999999 -0.923684
7060 0.11016630000000001 26.96567895 -2.39502321 -1.482885 -1.299368 -0.379366
7080 -3.6351936 28.322755110000003 1.0666805400000001 0.5344800000000001 0.136781 -0.569009
7100 -14.0412492 17.70383232 -0.73017792 0.500088 0.758097 -0.604228
7120 -8.665329960000001 13.445193600000001 -0.6723970199999999 -0.455011 1.488727 -0.538129
7140 -5.765258520000001 6.014197080000001 -0.60130395 -0.8492940000000001 1.938255 -0.19215
7160 -4.73615028 7.54760799 1.19840922 -1.776647 0.884215 0.46502
7180 -6.2266032 14.64509394 4.84168626 -1.620937 -0.731629 0.285513
7200 -4.9573952100000005 14.779520370000002 6.333483149999999 -0.641677 -1.485288 -0.435209
7220 0.5890218299999999 13.6450233 4.66040727 -0.53515 -1.222048 -1.088554
7240 1.5756233400000001 13.110790320000001 1.6396924500000003 -0.379952 0.168615 -0.278471
7260 -1.38027681 10.755733050000002 -0.10762551000000001 -1.722279 1.176498 0.052692
7280 -2.14369101 8.91111951 -3.1802842800000004 -2.124345 0.944499 -0.455088
7300 -0.15014205 2.39696559 -10.43525016 -1.828053 0.125602 -0.254348
7320 -0.56851893 -1.51454628 -2.3781009600000003 -0.26505 0.640185 0.5068699999999999
7340 1.0190824200000002 5.1681532500000005 1.20754233 1.148459 1.272943 1.415376
7360 -1.26681435 -0.19205037000000003 2.5611751800000007 1.169758 1.591135 1.744129
7380 0.055534410000000006 -0.6385721400000001 -3.34150182 0.370786 1.976936 1.860899
7400 0.95231556 5.11111791 -9.752817510000002 0.211094 2.193913 1.285871
7420 1.18613691 3.6455235300000006 -5.9200406999999995 0.634468 1.490849 0.382808
7440 -1.14780924 5.873786550000001 -4.7458818 0.49289 -0.462198 -0.459573
7460 2.2968251100000003 19.58541975 -2.80007811 -0.354483 -2.281967 -1.518563
7480 -7.81868772 30.809678400000006 4.2728632200000005 -0.672566 -2.641738 -1.848268
7500 -17.155678950000002 32.88137382000001 1.08329868 0.006584 -0.076797 -1.311632
7520 -8.74152423 19.2067047 -0.15043635 0.21733 0.174982 0.008771
7540 -6.58226475 9.02967336 -2.20895694 -2.898741 -2.515911 2.70801
7560 -9.42649767 5.41528677 0.7553307600000001 -2.245765 0.664075 1.842168
7580 -10.98296208 6.30160065 4.53706614 -0.849612 -0.615398 0.652879
7600 -7.842486780000001 6.4080293400000015 3.61797705 0.938585 -0.591084 -0.05037
7620 -3.7157238900000005 4.36881483 3.6110904300000004 2.652694 -0.157606 -0.714069
7640 0.1155618 2.6719398900000004 2.1625556400000003 2.974232 -0.23051 -0.876236
7660 4.972208310000001 2.5825806 0.23890293 2.146822 -0.151645 -0.4345310000000001
7680 6.611900760000001 -0.76595499 -1.30723155 1.733075 0.614741 -0.189508
7700 3.7077876000000005 -2.10851235 -0.98660151 1.534298 1.321542 0.117982
7720 -2.03936166 -0.33530580000000004 0.9006757200000001 0.700765 0.732244 -0.17443699999999998
7740 -3.2817785400000004 -0.75562506 -0.60025428 0.295949 0.774396 -0.5073989999999999
7760 2.42899524 1.7884807200000001 -7.196733720000001 0.566802 0.813652 -0.436123
7780 8.45247258 11.114985060000002 -7.5254472 1.494762 0.45182 -0.265739
7800 -3.62336274 33.624873720000004 1.25664138 1.476364 0.387039 -0.033981
7820 -1.1814967800000005 28.9557846 -2.2522190400000004 -0.087275 0.389552 -0.371782
7840 -15.414050790000001 12.70662813 -2.01675942 -1.605089 0.035471 -0.817765
7860 -6.35817492 11.50357878 -1.14961428 -1.57654 0.110583 -0.44592
7880 -4.01480136 5.98246173 0.10628154000000001 -0.08355599999999999 0.808254 0.410714
7900 -4.71369519 11.19417138 2.59784496 0.16413 0.060191 1.0543360000000002
7920 -7.118145810000001 16.870070610000003 5.54312088 -0.16531400000000002 -1.608048 0.279712
7940 -6.137234100000001 16.61724729 5.78082699 -1.345229 -3.779576 -0.969158
7960 -1.1020063500000001 15.335904330000002 2.40385221 -1.254779 -1.245609 -1.2324190000000002
7980 1.04213592 12.16011303 -1.27190574 -0.510278 1.191292 -0.16852899999999998
8000 -0.99887382 7.310049030000001 -1.0298538000000002 -0.744329 1.523622 -0.222932
8020 -1.5206873400000003 3.15199224 -1.0876347 -2.200017 0.249139 -0.455794
8040 -1.07057511 1.46859624 -2.31134391 -1.780171 -0.192871 -0.307017
8060 0.64950048 -0.98689581 -3.86166726 0.26054 0.705919 0.662145
8080 1.66258899 -1.09078371 -3.1963040100000004 1.078831 1.537123 1.7435630000000002
8100 -0.52929855 0.49891698 -0.07918631999999999 0.331479 2.3483560000000003 1.719143
8120 -1.6257720600000003 1.4449443300000002 0.61642116 -0.716757 1.5548 1.278072
8140 -0.37018035000000005 1.0656308700000001 -8.93042559 -1.090511 0.724074 0.756302
8160 0.86505561 2.2073088600000004 -14.716500930000002 -0.555461 0.183706 0.095229
8180 1.33432677 8.363711700000001 -10.79824959 -0.022706 -1.0524870000000002 -0.5136930000000001
8200 -4.52284164 22.07639457 -0.45924534000000006 -0.08881499999999999 -2.288184 -1.526314
8220 -7.83320652 34.95590433 5.215751370000001 -0.546125 -2.5748450000000003 -1.903018
8240 -12.98983302 37.15813161 -1.5789195000000003 -0.10341 -0.273746 -1.248055
8260 -6.63540552 19.35026424 -2.95590015 0.333903 0.34023600000000004 -0.12629
8280 -3.93845994 9.43263873 -4.0664412 -3.657141 -2.949209 2.23325
8300 -7.448664330000001 5.232369510000001 2.1791639700000003 -1.969654 0.619644 2.323786
8320 -11.05107291 8.90093673 4.481826030000001 -0.469562 -0.4171470000000001 0.562344
8340 -11.086840170000002 8.518631220000001 2.86429437 1.192071 -0.27639 -0.113096
8360 -5.38041222 6.427933830000001 0.47391129 2.232997 0.093774 -0.6105010000000001
8380 0.67434921 3.99189501 -2.0580693300000004 2.359096 -0.332895 -0.846218
8400 3.5911859400000004 2.67927777 -1.90613205 1.91444 -0.307579 -0.398567
8420 4.45488777 0.430659 -1.37324304 1.586726 0.487872 -0.037612
8440 2.66296374 -2.98329948 0.67554603 1.402673 1.428697 0.075265
8460 -0.4176313200000001 -3.6140824800000004 2.91203964 0.711658 1.0101719999999998 -0.422544
8480 -2.63856627 -2.7810663300000003 2.7762790500000003 0.357076 0.7574890000000001 -0.594544
8500 0.06735546 0.7469432100000001 -4.159547910000001 0.503038 0.454524 -0.6145010000000001
8520 6.55172622 3.93771438 -8.87773608 0.994145 0.154354 -0.034914
8540 3.4606540800000003 19.62673947 -5.21380899 0.915735 0.224291 0.391737
8560 -7.9879887 30.863868840000002 1.8018027 -0.214331 0.06461499999999999 0.27722600000000003
8580 -6.60412143 24.65912232 -4.78719171 -1.651014 -0.210238 -0.338139
8600 -11.57932179 14.678330220000001 -0.01092834 -2.053991 -0.283896 -0.482933
8620 -6.39694404 11.299403250000001 0.04266369 -1.056302 0.550964 0.328406
8640 -4.579572870000002 7.971370560000001 1.81168137 -0.639362 0.656814 1.200715
8660 -6.00341589 12.418479000000001 5.870794500000001 -0.187186 -0.40772 0.8901120000000001
8680 -6.80409828 14.646742020000001 6.13783251 -0.49076 -1.461819 -0.042147
8700 -4.34786067 15.01752078 2.81849148 -1.226893 -1.655857 -0.961438
8720 -1.4284831500000004 13.30433181 -1.08509391 -0.198962 -0.707572 -0.834764
8740 -1.83982626 9.771525180000001 -1.7542045800000001 -0.383681 0.90724 -0.372379
8760 -2.01286485 7.62469497 -1.2826869300000001 -1.114668 1.382292 -1.054278
8780 -1.50826788 4.408633620000001 -3.25138716 -1.501707 0.116606 -0.950674
8800 -0.26869590000000004 1.7756100000000004 -3.60869679 -0.264352 0.111474 0.057831
8820 1.7717154300000002 -0.14654178 -3.99758481 1.218964 0.7127859999999999 1.309764
8840 1.73564406 -0.27123669 -2.2270662000000003 1.530272 1.706727 2.360727
8860 -0.5587874100000001 -0.24833034 0.66387213 0.949759 1.872869 2.075516
8880 -1.22460192 0.2371077 -0.9605559600000001 0.264869 1.2014479999999998 1.146513
8900 -0.45161316 -0.020355750000000002 -7.91150013 -0.230606 0.412111 -0.028844
8920 -0.39084021 0.60085269 -8.638381890000002 -0.374648 -1.055501 -0.786408
8940 -1.12041972 8.23303269 -7.79189661 -0.365362 -2.603383 -1.317402
8960 -2.7858536099999998 23.030505360000003 2.6337691800000003 -0.440875 -2.619043 -1.863771
8980 -4.54110786 37.675903410000004 6.239326770000001 -0.019183 -0.329371 -1.529406
9000 -14.8362516 38.94885882 -2.7711876600000003 -0.395963 0.095346 -0.589342
9020 -8.85947967 19.35849483 -1.1870296200000001 -3.697565 -3.113746 1.32519
9040 -6.8374817100000005 7.015611689999999 -2.53886724 -2.653936 -0.066607 2.43739
9060 -8.4536694 2.93479884 0.86235786 -0.808022 -0.808227 1.4182629999999998
9080 -12.163703490000001 4.3824409200000005 3.1871709000000004 0.919354 -0.929066 0.570565
9100 -10.90227483 3.60735282 1.7063023499999999 2.578304 -0.065732 -0.448719
9120 -4.146078780000001 3.88277838 0.95890788 2.835057 -0.244356 -1.022469
9140 1.66019535 4.3783992000000005 -0.9758203200000001 1.812002 -0.427132 -0.515566
9160 6.06359043 5.156930610000001 -0.52211763 1.193617 0.093043 -0.326135
9180 6.699768929999999 3.9603166200000004 0.27198225000000004 1.3369950000000002 0.89789 -0.325097
9200 5.2317711000000005 0.51148359 1.29675447 0.8239110000000001 0.663148 -0.583685
9220 1.77665967 -0.7432056000000001 1.59313419 0.340816 0.745537 -0.787991
9240 0.13486788 -0.86370183 0.32871348000000006 0.496327 0.6058859999999999 -0.631833
9260 2.1592594800000002 1.87395525 -8.75289402 0.981259 0.30806100000000003 -0.100363
9280 5.447022120000001 10.72100565 -7.647895620000001 0.684988 0.182276 0.176535
9300 -5.92213023 26.399102400000004 1.94819733 -0.356543 0.036071 0.079716
9320 -8.181235890000002 26.200763820000002 -2.64081276 -1.344865 -0.052303 -0.405637
9340 -15.264811259999998 12.91274604 0.61058421 -1.630545 -0.286634 -0.697889
9360 -7.366329 14.912288910000001 -1.10530251 -1.0180129999999998 0.23337600000000006 -0.202895
9380 -2.4382755 11.72721735 0.46418958 -0.094474 0.484683 0.6182880000000001
9400 -3.9493882800000004 13.39803693 3.6157305600000003 0.268275 -0.203666 0.881282
9420 -7.31409075 16.87620186 5.91480216 -0.020988 -1.116307 -0.007262
9440 -5.86211265 16.25814243 5.47036992 -1.321785 -2.352117 -0.720859
9460 -1.26427356 13.559401620000003 1.21397769 -0.7156680000000001 -0.925701 -0.982304
9480 -1.35498663 9.975406410000002 -0.94752828 0.74021 0.890388 0.4687060000000001
9500 -2.07229383 7.437579030000001 -1.6510622400000001 -0.134999 1.287254 -0.249352
9520 -1.60107048 4.738848030000001 -2.53512963 -1.7859619999999998 -0.003556 -0.492102
9540 -0.48902850000000003 1.96287309 -3.2885082000000003 -1.45781 -0.73134 0.071939
9560 1.10800026 0.97312257 -3.8749892400000006 0.382405 -0.201121 0.4131260000000001
9580 2.3284035000000003 -0.0432621 -2.5135770600000003 1.316124 0.267219 1.562045
9600 1.5658918200000003 -0.16106058000000004 0.47720745000000003 0.6936479999999999 1.46639 1.91722
9620 -0.38051028000000003 -0.5402268900000001 1.4741388900000003 -0.165371 1.297227 1.5429
9640 -0.9108585 -0.4192794 -2.54934432 -0.510437 1.025117 0.893496
9660 0.57345336 -1.4618567700000002 -6.896155320000001 -0.336668 0.5755899999999999 0.47227
9680 -0.6914088 1.15664805 -7.19374167 0.122548 -0.311319 -0.041474
9700 -1.4507812800000002 12.24917802 -6.332129370000001 0.368204 -1.209539 -1.0042799999999998
9720 -5.8823212499999995 28.887379470000003 2.8645886700000003 0.058329999999999986 -1.801146 -1.971359
9740 -9.26378901 41.304651840000005 3.5566056900000005 -0.179308 -0.785971 -1.491483
9760 -10.19110869 29.28300696 -0.9651960900000001 -0.448399 -0.577181 -0.991566
9780 -6.046530840000001 15.09520617 -1.09707192 -3.144017 -3.76537 0.232828
9800 -6.17929938 7.82392626 -2.33454456 -2.977866 -1.019916 1.625568
9820 -11.037750930000001 7.37651178 1.75195809 -0.5467930000000001 -0.113802 0.959863
9840 -12.83910237 9.51960438 3.1364237700000004 0.643001 -1.059588 0.6831020000000001
9860 -11.6263215 6.45068322 3.11561676 2.330792 0.494282 0.11178699999999997
9880 -4.76788563 6.75365526 2.105226 2.674439 0.49626 -0.147529
9900 0.34743096000000007 6.71742693 -0.29383893 2.174173 0.408858 -0.50022
9920 3.32159733 5.9923404 -0.33440328 1.78207 0.054505999999999985 -0.256814
9940 4.874608620000002 3.1726521 -0.18142614 1.678852 0.313991 -0.057042
9960 4.8181815 0.19264878 0.40985199 1.556002 0.700155 -0.350019
9980 3.10843584 -1.19930193 1.2573869400000002 0.5302560000000001 0.600274 -0.589929
10000 0.6590750400000001 -1.8871300800000002 1.24421211 -0.112564 0.456547 -0.8527440000000001
10020 1.5028723800000001 -1.4567751899999999 -3.7564353900000005 0.380281 0.319085 -0.736962
10040 4.05566982 4.75411239 -6.1412758200000015 1.442949 0.241384 -0.342744
10060 0.0577809 14.69120094 -1.6483743 1.529751 0.216288 0.262509
10080 -6.99255819 22.37442237 2.4683627699999997 0.384414 -0.139701 0.502792
10100 -8.42927193 26.23249917 -4.0101612300000005 -1.107491 -0.449991 0.271647
10120 -15.157627200000002 14.483130840000001 -0.39637305000000006 -1.532223 -0.19547 -0.404626
10140 -6.577320510000001 12.395572650000002 0.49636638 -0.735891 0.171489 0.110008
10160 -2.29952286 8.23407255 0.8476919100000001 -0.727698 0.072809 0.8034680000000001
10180 -1.70944155 10.137663810000001 3.4828050600000005 -0.743916 -0.960526 0.289796
10200 -2.8228275000000003 12.63806604 5.4286087499999995 -0.781479 -1.950618 -0.8949239999999999
10220 -2.02274352 12.35859876 5.11800453 -1.094378 -1.933259 -1.7666650000000002
10240 -1.10695059 13.421835990000002 2.6595204300000006 -0.740209 -0.592572 -0.8856940000000001
10260 -3.1343342400000003 11.649826260000001 0.5742087300000001 -0.679312 1.094912 -0.162108
10280 -6.48047619 11.52199215 -1.53910071 -0.902731 1.2742790000000002 -0.6008020000000001
10300 -6.067033739999999 9.85790223 -2.9026122300000003 -1.037773 0.357929 -0.430723
10320 -3.60974646 5.68817154 -3.46424454 -0.144579 -0.489845 0.345722
10340 -0.90636552 0.5897772000000001 -3.32279415 0.529645 -0.637152 1.166742
10360 1.1817910800000002 -0.6330294900000001 -3.2042403000000004 0.437787 -0.136243 1.454946
10380 2.7623586600000003 -0.24803604 -1.28252997 -0.075598 0.624704 1.548661
10400 2.2788630000000003 0.12558762 1.0565075700000002 -0.369578 0.684291 1.022035
10420 0.5300441100000001 1.11338595 -2.07902349 -0.148788 0.262147 0.372502
10440 0.35461188 2.25910566 -7.09869258 0.292098 -0.219677 0.070688
10460 -1.34899272 3.64956525 -7.03911645 0.7482260000000001 -0.740538 -0.33886
10480 -0.66282246 11.80789479 -4.74438087 0.632379 -1.336024 -1.037524
10500 -2.17093338 25.70589837 3.3090209100000005 0.168821 -1.530219 -1.355638
10520 -7.939939320000001 38.20893957 0.11675862 0.080532 -0.781779 -0.901083
10540 -13.037892209999999 30.18398679 -0.8899043400000001 -1.06179 -1.849224 0.097502
10560 -5.84130564 13.556262420000001 -0.5041555199999999 -4.595857 -4.5913260000000005 0.783493
10580 -4.66564581 5.01951213 -2.41222995 -4.032426999999998 -0.955249 1.552958
10600 -8.376876720000002 2.56282326 0.60683679 -0.5980979999999999 -1.56048 0.480658
10620 -10.967844870000002 4.940924219999999 1.7476122600000001 1.994518 -0.507054 -0.13497
10640 -9.596397060000001 8.39320056 1.73339757 2.519724 0.541127 -0.577024
10660 -6.762189960000001 7.477849080000001 2.55593664 2.054884 0.190995 -0.526412
10680 -2.19054357 6.91262631 1.15005573 1.82514 -0.28342399999999995 0.031272
10700 1.80718839 6.15654999 -0.43125741 1.131249 -0.501855 0.37815
10720 3.15887886 3.48071553 -0.57884886 0.599412 0.285399 0.568911
10740 4.07887047 0.92552445 -0.22872015 0.5208729999999999 0.634781 0.111784
10760 2.8074159900000004 -1.2057471000000002 0.5924651400000001 0.302048 0.743336 -0.470997
10780 0.7833186900000001 -1.67815746 1.38567231 0.376589 0.7713800000000001 -0.8881870000000001
10800 1.6908810300000003 0.08636724000000001 -3.07146195 0.775087 0.575371 -0.967405
10820 3.46739355 4.0374036 -7.396867530000001 0.98553 0.118973 -0.768798
10840 1.32040638 14.70841749 -1.4988306599999999 0.801316 0.101161 -0.151561
10860 -8.09097408 24.04389798 5.4744116400000005 0.138309 -0.219174 0.344146
10880 -9.11544219 30.95936919 -5.285804580000001 -0.603404 -0.692972 0.391915
10900 -15.89065983 16.59898107 -1.3623147 -0.609129 -0.378292 0.557046
10920 -8.489897730000001 10.34154504 1.96182342 -0.251752 -0.058185 0.648863
10940 -1.40153508 4.934783159999999 0.69515622 -0.264691 0.018239 0.994779
10960 -0.45625329000000003 7.674088320000001 2.9958660900000003 -0.231084 -0.255031 0.839403
10980 -2.7505278000000004 11.34670707 5.335659000000001 -0.004843999999999999 -1.470503 -0.156246
11000 -0.97387794 11.53770777 6.2644698000000005 0.26069200000000003 -2.214562 -1.592333
11020 0.5860297800000001 12.55858542 4.25954124 0.746504 -2.60753 -2.308418
11040 -1.1036544300000002 13.06872504 3.3224900400000004 0.125916 -1.309585 -1.082756
11060 -5.05199304 12.53493351 1.6408892700000002 -0.588276 0.375875 -0.247077
11080 -6.63196221 12.759611940000001 -1.2657646800000002 -0.995682 0.154827 -0.026381
11100 -6.267765960000001 9.760008240000001 -3.5929811700000003 -1.084367 -0.950848 0.561938
11120 -4.9969098899999995 5.675752080000001 -4.720581810000001 -0.30869 -1.549346 0.907818
11140 -2.65397778 2.06914482 -3.4058652300000003 0.69798 -1.408015 0.922146
11160 -0.6093873900000002 0.6283893599999999 -1.7603358300000003 1.101688 -1.617948 0.8568690000000001
11180 0.08741691000000001 -0.34563573000000003 -0.35611281 0.776408 -1.775752 0.90821
11200 -0.2989303200000001 -0.9876413700000001 -0.87193242 0.389736 -1.800391 0.7453069999999999
11220 0.31075136999999997 0.88600977 -3.3920919900000004 0.411164 -2.042293 0.481916
11240 -0.6333336 4.233642840000002 -4.91712516 0.743658 -2.051318 0.31974400000000003
11260 -2.10911076 6.18424362 -4.12781256 1.226911 -2.018135 0.127592
11280 -2.83630644 11.07023184 -5.178777480000001 1.406863 -2.013879 -0.027117
11300 -2.1139078500000004 21.30803613 -0.83227059 1.0759530000000002 -2.058508 -0.034712
11320 -5.84145279 28.72511226 0.81535815 0.656068 -2.140342 0.014803
11340 -11.572739279999999 27.69016707 0.57645522 0.8191 -1.454836 0.272505
11360 -4.5087741 17.73332118 1.27939077 0.342229 -1.988309 1.159686
11380 -2.1155461200000003 7.788159000000001 -0.51298452 -1.876264 -4.305401 1.7795470000000002
11400 -4.271215140000001 3.6576486900000003 -0.14190165000000002 -0.6789890000000001 -3.184396 1.191474
11420 -6.961725360000001 4.639149 1.4664969 1.023468 -1.00314 0.356675
11440 -9.03670713 6.55426701 0.78272028 1.080665 -0.7420770000000001 -0.242533
11460 -9.81329616 8.477017200000002 0.46957527000000004 1.651866 -0.9335 -0.286368
11480 -8.30772603 8.39768373 -0.7969447800000001 1.7143970000000002 -2.1781 -0.251221
11500 -4.60666809 6.696924030000001 -3.44642958 1.353278 -2.911189 -0.159869
11520 -1.72366605 5.5760530500000005 -3.6818892 1.009741 -2.515411 -0.002542
11540 0.08607293999999999 4.80560508 -1.5563172600000001 0.826003 -1.7832150000000002 0.06894299999999999
11560 1.5521185800000001 3.2992893899999998 0.40999914 1.111699 -1.466221 0.201924
11580 1.52592588 2.71086597 1.5200889300000002 1.131533 -1.597183 0.168047
11600 0.39218418 2.93060997 1.5901421400000002 0.7118939999999999 -1.948183 0.130315
11620 0.37721412000000004 2.4536968200000002 0.8705884500000001 0.394471 -2.147047 0.053577
11640 2.99571894 1.65810582 -4.677319710000001 0.424873 -2.096705 0.22464
11660 4.810245210000001 3.5512200000000007 -11.144022660000003 0.715124 -1.950073 0.5992890000000001
11680 -2.48213601 17.28096246 -4.48916391 0.755977 -2.0664290000000003 0.89028
11700 -10.58853141 28.36540899 0.65683836 0.59111 -2.196866 0.885022
11720 -10.02166056 19.152818370000002 -0.8722365300000001 0.6080810000000001 -2.134523 0.731237
11740 -7.74848736 20.064275280000004 -2.8530717300000004 0.7306090000000001 -1.746876 0.919603
11760 -3.7913197500000004 13.327385310000002 -1.20185253 0.592191 -2.305079 0.773005
11780 -2.08081872 11.698621200000002 0.49906413000000005 0.100922 -3.506779 0.151545
11800 -5.6875731300000005 12.172385340000002 1.60346412 -0.573612 -4.467843 -0.282428
11820 -6.449937660000001 11.416309020000002 2.44022769 -0.3421 -3.718955 -0.482597
11840 -6.24980385 10.6514037 0.04475322 0.733815 -3.31695 -0.182904
11860 -5.97887127 9.17936415 -1.6392411900000001 0.351633 -1.635858 0.12633
11880 -5.60644443 8.306970660000001 -2.5312350600000006 -0.167505 -1.1191879999999998 0.306844
11900 -5.538480750000001 8.083489049999999 -2.9774625300000004 -0.523727 -1.219482 0.6548609999999999
11920 -4.08246093 8.524772279999999 -3.6763563599999998 -0.162698 -0.942269 1.080043
11940 -2.30146524 6.756353010000001 -4.163589630000001 0.7258140000000001 -0.309046 1.52875
11960 -0.21735036 3.8287350900000003 -3.95238033 1.000725 0.6334390000000001 1.361752
11980 1.7212724099999999 0.9484308 -2.51537229 0.664104 0.957395 1.092998
12000 2.060168670000001 -0.97791966 -0.53049537 0.191851 0.635876 0.921333
12020 0.68841675 -1.97619507 -1.9681116300000001 -0.204149 -0.24555900000000006 0.312946
12040 1.53190998 -0.49816161000000003 -5.1319249199999994 -0.248643 -1.307078 -0.586516
12060 1.5621542100000003 2.46642039 -5.2078248899999995 -0.195776 -2.197761 -1.136208
12080 -1.6790599800000001 9.55911906 -5.3931357900000005 -0.356623 -2.908692 -1.431249
12100 -5.48848899 20.947734450000002 -2.5414178400000003 -0.950014 -2.9481900000000003 -1.428934
12120 -8.76262554 25.940906730000002 1.57397526 -1.5034299999999998 -2.7368740000000003 -1.047443
12140 -8.484355080000002 28.16812008 -5.554794780000001 -1.7644810000000002 -3.617441 0.138657
12160 -8.72280675 23.24501082 -5.16755484 -0.182276 -3.800414 1.631567
12180 -4.07691828 15.780787830000001 -1.19706525 1.590516 0.153028 1.642089
12200 -3.2844664800000003 10.45335942 1.5488322300000001 1.529702 0.685534 1.4615200000000002
12220 -4.01599818 8.53075638 1.24840098 1.259648 0.308311 0.394032
12240 -2.98898928 7.18655094 0.29114118 1.275592 -0.8872209999999999 -0.078615
12260 -2.3962200300000003 6.847811640000001 -0.28500993 1.6533639999999998 -1.420121 -0.872187
12280 -2.12034321 7.30450638 -0.4107447 1.684543 -0.361897 -1.532419
12300 -1.5952335300000002 7.439678370000001 -0.65204127 1.725769 0.668587 -1.126459
12320 -1.6995628800000002 7.554043350000001 -1.69896447 1.592881 0.56571 -0.859131
12340 -1.2088863 6.1766016299999995 -1.56230136 1.124563 0.232318 -0.7295159999999999
12360 -1.03225725 2.33184681 -0.28905165000000005 0.732665 0.018202 -0.391216
12380 -1.11144357 -0.09744273000000002 0.008985960000000001 0.392584 -0.323827 -0.078028
12400 0.85202793 -0.008985960000000001 -3.3036254100000004 -0.021342 -0.37849 0.097544
12420 0.22333446 2.37960189 -4.717893870000001 -0.388745 -0.323454 0.239117
12440 2.4138780300000002 8.10190242 -6.926693850000001 -0.567412 -0.418876 0.014733
12460 -0.23650929 13.047613920000002 -2.62464588 -0.515134 -0.383091 -0.18791
12480 -5.14973988 19.60697232 2.4307904700000003 0.01865 -0.070476 0.291845
12500 -2.98270107 11.260035720000001 -1.53326376 0.363389 -0.8084060000000001 0.71501
12520 -0.9904862700000001 16.010851950000003 -2.15521776 -0.021837 -2.378893 0.584009
12540 -1.57846824 17.23425705 -1.74057849 -1.6606009999999998 -4.877707 -0.7381489999999999
12560 -4.2685272 19.16405082 1.12760064 -1.0962690000000002 -2.886007 -0.8692190000000001
12580 -8.85094497 19.026485190000002 3.9561277500000003 0.642497 -0.296331 1.085908
12600 -7.49626245 15.459549570000002 1.1017120500000002 0.028755000000000006 0.44028 0.692913
12620 -5.13656505 10.534193819999999 -2.58467994 -0.474508 0.516138 -0.257144
12640 -4.3613298 7.5485007 -3.3674002200000004 0.410973 1.4834120000000002 -0.226562
12660 -4.1694265800000005 6.53077206 -3.77515287 1.253235 2.11328 0.301943
12680 -2.61670959 6.230046510000001 -3.45197223 1.587295 3.2463330000000004 1.1766299999999998
12700 -1.11757482 4.53287727 -2.0062823400000003 1.125423 3.174075 1.797338
12720 0.12663729 2.22242607 -1.04527512 0.167472 1.891568 0.477309
12740 1.1365866 -0.33231375 0.032186610000000004 -0.588354 0.6766949999999999 -0.8819870000000001
12760 1.3780303200000001 -1.5308701200000001 0.11360961 -0.698956 -1.299661 -1.516887
12780 0.79424703 -0.49786731 -1.84461354 -0.954318 -2.869802 -1.580752
12800 1.1723636700000002 0.02365191 -6.06313917 -1.603486 -2.849004 -1.6899990000000005
12820 1.12760064 1.52413065 -7.15107798 -2.29259 -2.850651 -1.480098
12840 -1.8772416 9.315576 -7.963444080000001 -2.59911 -2.963701 0.148013
12860 -13.978828170000002 30.09387213 1.13074965 -0.762793 -0.406106 1.251421
12880 -15.066619830000002 35.22954447 0.7506906300000001 -0.332752 0.209762 1.3764809999999998
12900 -10.845543600000001 31.776218460000003 -8.057149200000001 0.464909 -0.34177 1.147751
12920 -1.4296799699999998 18.19316493 -2.7514303200000003 1.05438 -0.23543200000000006 0.418932
12940 -0.8381075400000001 9.32306103 2.22122925 1.55732 -1.014396 -0.220695
12960 -3.4248770100000003 4.490664840000002 4.1634424800000005 1.534842 -1.168339 -0.597737
12980 -4.14861957 3.1081317299999998 3.71362455 1.65475 -0.51886 -1.946896
13000 -3.6914735700000003 -0.1764819 1.0021699800000001 1.42108 0.273114 -1.863017
13020 1.2766930200000002 2.3063996700000002 -2.8497755700000003 1.351019 0.769271 -1.205049
13040 2.91908322 4.30849314 -3.6847341 1.236864 0.123002 -0.662361
13060 0.17453952 3.26291391 -2.6450016300000003 1.187552 0.087216 0.07014
13080 0.34323228 0.16420959 -2.02304763 0.6715439999999999 0.0047810000000000005 0.618912
13100 2.1775257 2.68690995 -2.2701811500000004 -0.32803000000000004 -0.16354000000000002 0.422002
13120 4.20371253 5.96344995 -2.7039793500000004 -1.2768620000000002 -0.095118 -0.14766600000000002
13140 3.01503483 12.392433450000002 -5.03044047 -1.537778 -0.06005700000000001 -0.696463
13160 2.4840882 13.87988451 -1.5453889200000002 -1.346664 0.20900900000000006 -0.21797800000000006
13180 -3.7020978 12.85556355 -2.89707939 -1.026246 -0.485142 0.200688
13200 -8.95467591 11.30464179 -3.96360297 -0.409467 -1.565675 0.28436100000000003
13220 -5.798494800000001 11.75026104 1.57412241 0.907336 -1.818397 -0.260524
13240 -4.51491516 12.938644440000001 -0.8671451400000001 1.152219 -2.439756 -1.726822
13260 -6.02855892 16.40812752 0.5998030200000001 -0.165683 -0.65255 -1.302484
13280 -5.7207996 20.216810969999997 4.519849590000001 -1.908337 0.774977 0.457831
13300 -7.6451978700000005 19.106269920000003 3.15678933 -2.087401 0.103294 0.220296
13320 -6.050415600000001 12.385546830000001 -0.56088675 -1.954525 -0.30089 -0.315574
13340 -3.6727659000000004 8.182883970000002 -3.80104146 -0.14561400000000002 0.70104 0.103839
13360 -3.4768209600000004 5.214260250000001 -3.36500658 1.4208120000000002 1.82556 0.712612
13380 -2.7677443500000005 0.8039785500000001 -3.74521275 1.261588 2.5833310000000003 1.292709
13400 -0.57375747 0.07574300999999999 -3.48460029 0.221789 3.225085 2.078313
13420 1.7248628700000002 0.6155186400000001 -1.4711370300000002 -0.089241 2.435323 1.647727
13440 2.3942678400000004 0.29907747 0.8599642200000001 0.061554 0.823787 0.66274
13460 0.9050215500000001 1.31741433 0.37272114 -0.252197 -0.786755 -0.700439
13480 1.6021201500000002 1.88488359 -4.32690651 -0.569833 -2.631098 -1.668103
13500 2.6002386000000004 1.86407658 -6.6623437800000005 -0.804277 -2.5007080000000004 -1.837619
13520 -0.5322906000000001 1.9603224900000003 -4.601429550000001 -0.794423 -0.636988 -1.452174
13540 -2.70502902 7.0838696699999995 -5.92198308 -2.707585 -3.216376 0.29285700000000003
13560 -1.6947756 22.567071150000004 -2.3792977800000004 -1.354636 -1.036348 2.461595
13580 -13.230540990000003 39.67514217 2.12842665 -0.662587 0.516436 1.95917
13600 -19.43813241 35.9574759 -5.41468836 0.313657 -0.500067 1.171467
13620 -7.072794180000001 18.92843424 -2.56177359 1.433604 0.240912 0.315217
13640 -5.563182330000001 6.89286897 -1.25693568 2.958483 0.6143310000000001 -0.08374
13660 -8.24679612 5.41334439 2.5394656500000004 2.497841 0.14518 -0.375844
13680 -8.09531991 5.32846827 3.3449451300000006 2.013029 -0.066169 -1.446114
13700 -4.6092186900000005 2.7084723299999998 3.74296626 1.161247 0.477213 -1.529672
13720 -0.59905746 0.44547210000000004 3.14630244 0.974173 1.016523 -0.905691
13740 3.3867063000000006 3.53190411 -0.25776756 1.401122 0.599627 -0.6500739999999999
13760 5.08417965 2.6888621400000003 -1.7465724 1.485239 0.740408 -0.231992
13780 1.61424531 0.9803133 -0.80861868 1.285152 0.224313 0.332361
13800 -1.44584685 -0.5987533500000001 -0.22752333 -0.183435 -0.102952 0.595987
13820 0.50459697 0.10657584 -2.16554769 -1.7789150000000002 -0.1109 -0.028307
13840 4.96532169 2.8889959500000004 -5.830230149999999 -2.246776 -0.442091 -0.714813
13860 3.8233494 13.829745599999999 -5.689074060000001 -2.143698 -0.582649 -0.286624
13880 -0.9774684000000001 25.79915223 -0.28860039000000004 -0.712271 0.27021300000000004 0.176276
13900 -0.4784042700000001 19.4264487 -2.12049036 0.689642 0.35247399999999995 0.50002
13920 -12.76620426 12.92726484 1.17041148 1.7333310000000002 -0.5693 0.472172
13940 -6.2698653 11.874955950000002 1.20364776 1.510873 -2.29611 -0.6658930000000001
13960 -3.5603433 11.415563460000001 0.04491018000000001 -0.361586 -2.968929 -1.81363
13980 -5.87318814 17.56851318 2.19862701 -0.848166 -0.176791 -1.139081
14000 -9.7547697 21.338280360000002 5.290748820000001 -0.58705 1.012833 0.835292
14020 -9.9577386 17.52256314 3.3970362300000003 -1.527361 -0.027318 -0.368488
14040 -3.9221459100000007 12.320133750000002 -0.0031392000000000004 -2.0589150000000003 0.012398 -0.5153939999999999
14060 -1.061442 7.5914586900000005 -3.64208022 -0.024431 1.533847 0.32474000000000003
14080 -1.76437755 3.2230951200000004 -3.45826044 1.834735 2.70345 1.1267120000000002
14100 -0.8285231700000001 0.14684589 -4.595445450000001 1.175314 3.461099 1.904141
14120 1.57846824 -0.44561925 -3.1172648400000003 0.204558 2.856943 1.982524
14140 3.77260227 -0.19085355 -0.27093258000000003 -0.235611 0.873225 1.077208
14160 0.89139546 0.34279083000000005 1.8905733900000001 -0.650649 -0.461154 -0.262464
14180 -1.30618188 1.07461683 1.26322389 -0.638388 -1.535415 -1.221333
14200 0.20462679 -0.12589173 -2.81833452 -0.234183 -2.6496150000000003 -1.590959
14220 0.84843747 -0.7006890600000001 -9.78500412 0.06365900000000001 -1.027697 -1.192511
14240 0.10088604 -0.09744273000000002 -10.978469100000002 -0.11325 0.8461690000000001 -0.784882
14260 -1.9556823600000002 6.524631 -9.24073551 -3.288163 -3.057284 0.970123
14280 -4.356836820000001 22.83486453 -1.4890991400000002 -1.850907 -0.613884 2.205487
14300 -11.69936676 41.98079628 1.43267202 -1.347302 0.612168 1.523771
14320 -17.83929861 43.5258909 -5.97168054 -0.067785 -1.025393 1.006037
14340 -4.83344586 19.06300782 -3.9053806200000003 1.606194 -0.457939 -0.09288
14360 -2.9539577700000006 5.3890940700000005 -2.14189578 2.667246 -0.232269 -0.70319
14380 -9.45808587 5.38070652 2.410591680000001 2.407828 -0.16053599999999998 -0.834348
14400 -10.670415479999999 7.426807650000001 3.61183599 1.792817 -0.203613 -1.249855
14420 -6.915765510000001 3.7580834700000003 2.72672874 0.948069 0.492033 -1.321808
14440 -1.55720997 1.8826371000000002 -0.01212516 0.927248 0.7377670000000001 -0.951595
14460 6.00880158 2.64260799 -3.2277352500000003 1.317047 0.412525 -0.407936
14480 5.16485709 1.52877078 -1.55347236 1.936959 0.267509 0.154192
14500 0.04715667 -0.66820815 1.14167799 1.435156 -0.34283800000000003 0.574485
14520 -1.20978882 -2.430192060000001 1.8666173700000002 -0.547601 -0.244072 0.770949
14540 0.7548795 -1.1499085800000002 -0.18621342 -2.055887 0.055952 0.04432
14560 6.00521112 2.0877053400000003 -6.57597654 -2.285917 0.007039 -0.576793
14580 7.44926274 10.647656280000001 -8.41908915 -1.302227 0.6688890000000001 0.089391
14600 0.52436412 23.636900699999998 0.5185173599999999 0.041933 1.31557 0.773068
14620 -2.50549362 16.991018099999998 -2.9910788100000003 0.026564 0.167777 0.909027
14640 -9.417511710000001 15.486350490000001 -2.24667639 0.693535 -2.182691 0.18283
14660 -8.3261394 13.18517955 0.34159401 0.465197 -3.281336 -1.3951209999999998
14680 -6.51774438 12.8724858 0.18531090000000003 -0.551451 -0.373672 -0.646443
14700 -7.738157429999999 16.16159241 1.31681592 -1.570991 1.566234 0.492289
14720 -9.10601478 19.36597986 5.13956691 -2.391669 1.018318 0.229817
14740 -9.689650920000002 17.59860045 5.07459528 -2.350305 -0.130893 -0.393332
14760 -4.79318562 13.596522660000002 0.58004568 -0.568137 0.8392370000000001 0.009911
14780 -1.1036544300000002 7.97796288 -3.8098802700000003 1.634522 2.573856 0.675758
14800 -0.21615354000000003 1.62606636 -4.224813840000001 1.926657 3.565442 1.001267
14820 -0.6342263100000001 -0.38828961 -4.905 0.834358 3.496418 1.360126
14840 -0.8942403600000001 0.45190746000000004 -5.23670553 0.322624 2.903304 0.677922
14860 2.0281292100000003 2.6939437200000005 -2.53707201 0.086976 0.941931 -0.131991
14880 2.50249176 2.1661461 1.6021201500000002 -0.286989 -0.403569 -1.124189
14900 -0.27333603 1.6717220999999998 3.3624559800000005 -0.512423 -1.460674 -1.6392919999999995
14920 1.839375 1.89985365 -4.73330538 -1.098023 -2.093638 -1.350947
14940 3.74880321 2.09473911 -12.12179517 -1.702019 -0.931252 -0.8706139999999999
14960 2.10537315 3.09107214 -8.70768954 -2.561041 -1.566387 0.196694
14980 -2.17033497 10.161315720000003 -6.73599726 -2.340434 -2.284468 2.1550700000000003
15000 -6.8226588 24.076535850000003 1.06158915 -1.21104 0.118496 2.049853
15020 -12.583287 37.385959050000004 -0.03398184 0.449978 -0.61333 0.8734620000000001
15040 -14.71485285 33.539409 -3.92932683 1.438165 -0.628648 -0.14724600000000002
15060 -6.4928956499999995 18.77426028 -2.11180851 2.336726 -0.203126 -0.2462
15080 -5.5938680100000004 8.781784470000002 -0.59471163 1.888781 -0.6149020000000001 0.02039
15100 -9.027878130000001 7.7170561200000005 2.4039993600000003 1.484604 -0.853973 0.216563
15120 -8.19156582 5.99578371 3.5215741800000004 0.990139 -0.199883 -0.68824
15140 -4.42045467 1.97694063 2.6147672099999997 0.63827 0.25116900000000003 -0.759642
15160 1.281186 -0.14789556 0.64710684 0.7695770000000001 0.466902 -1.2760209999999998
15180 7.616611530000001 2.24278182 0.0925083 0.938645 0.719279 -1.13309
15200 7.1162034300000006 -0.36434340000000004 -0.22931856000000003 1.666771 0.408997 -0.361691
15220 0.54860463 -2.0092743900000003 0.73347408 1.165626 -0.6618649999999999 0.403164
15240 -2.9650332600000002 0.50310585 -0.8129547 -0.860849 -0.602182 0.554507
15260 -2.7407962800000005 1.9820320200000001 -2.84109372 -2.129767 -0.160581 -0.353297
15280 3.79924623 3.8893608900000003 -7.093297080000001 -2.164764 -0.265202 -0.266881
15300 6.274054169999999 12.723844680000001 -8.66442744 -0.8819790000000001 0.558269 0.481301
15320 -2.5253981100000003 24.037609770000003 -0.20687328 -0.190035 0.689354 1.1984709999999998
15340 -0.3634408800000001 20.500614270000003 -1.9746941400000002 0.160343 -0.551349 0.8094020000000001
15360 -12.46069143 11.3456574 -0.7059276 0.37696 -2.77125 -0.475584
15380 -6.845712300000001 10.45665558 0.00538569 -0.419966 -2.761564 -1.67223
15400 -4.731215850000001 10.788959520000002 -1.59148611 -0.769301 -0.640472 -0.869813
15420 -5.700895110000001 16.2740052 0.32617269000000004 -1.017648 0.695236 0.180008
15440 -8.04187503 19.54126494 5.56588008 -1.527417 0.928269 -0.111203
15460 -7.847578169999999 19.75127742 6.595439580000001 -1.83854 0.194766 -0.225668
15480 -3.2245960500000006 15.63454035 0.9969314400000001 -0.432329 0.743772 0.321835
15500 -1.5849035999999999 11.34101727 -3.3787700099999998 1.174777 2.215004 0.7712829999999999
15520 -1.85568903 6.2526487500000005 -4.49350974 1.345916 2.497026 0.957987
15540 -0.05343507 -0.89199387 -5.667217379999999 0.8095859999999999 2.394131 0.781321
15560 -0.19100070000000002 -2.55264048 -5.551204320000001 0.399837 2.033803 0.669962
15580 2.78735454 -1.2467529000000002 -2.49217164 -0.123702 0.8351639999999999 0.110229
15600 2.28020697 1.79132562 1.96735626 -0.779155 -0.635466 -1.047213
15620 -1.0181799 1.2290949000000002 3.10289319 -0.882683 -2.0415970000000003 -1.497992
15640 0.48409407000000004 1.1518509600000002 -4.428538110000001 -0.649863 -1.309257 -1.291137
15660 2.67777684 0.67210272 -11.89022031 0.049673 0.795459 -0.765519
15680 2.70352809 2.5709067000000005 -8.54916975 -2.082134 -2.098446 0.169743
15700 -1.2493035 9.14987529 -5.542669620000001 -2.665946 -1.907325 1.363965
15720 -4.48766298 25.411156920000003 -0.74365686 -1.103646 -0.29493 1.715711
15740 -11.355840180000001 37.09152171 2.3831923500000003 0.637915 -1.779225 1.09739
15760 -15.801594840000002 33.93038655000001 -2.01975147 1.826531 -0.539794 -0.06025700000000001
15780 -7.82018865 18.133735950000002 -0.78721326 2.893084 0.022451 -0.13044
15800 -5.72828463 8.88117939 -1.64612781 2.503595 -0.129156 -0.506844
15820 -8.21866104 7.807160970000001 1.98891864 1.769337 -0.589307 -0.68123
15840 -8.64167805 7.315738830000001 2.15656173 1.680139 0.23311 -1.142243
15860 -4.66968753 2.4480070200000004 0.00074556 1.7455189999999998 0.6361140000000001 -1.2811709999999998
15880 0.83540979 0.15118191 0.08023599000000001 1.718059 0.637738 -0.864758
15900 4.8720678300000015 0.31134978 1.20245094 1.68598 0.488509 -0.28261
15920 5.622905610000001 0.27946728 1.3105277100000001 1.435067 -0.105361 0.594476
15940 2.6018866800000002 0.92657412 1.54403514 0.30371 -0.398702 0.873233
15960 -0.49411989 -0.52196067 1.2376296 -1.314638 -0.073937 0.448111
15980 -0.39548034000000004 -1.3046907600000002 -0.29833191000000003 -2.131186 -0.100522 -0.452729
16000 3.98157489 2.0847132900000003 -7.3468757700000005 -1.694007 -0.101199 -0.396263
16020 6.45457779 9.61704711 -8.5458834 -0.34973000000000004 0.807546 0.28601
16040 -1.08389709 24.59715255 -0.7643069100000002 -0.191136 0.177924 0.691713
16060 -6.451438590000001 18.752707710000003 -2.0311310700000003 0.166172 -1.573299 0.62595
16080 -14.309346690000002 14.404091670000001 0.73826136 0.277992 -3.863078 -0.675702
16100 -9.8478666 13.564041750000001 0.9803133 -0.395188 -3.264977 -1.277238
16120 -4.8716165700000005 12.50723988 -0.67719411 -0.482624 0.47984 0.567513
16140 -4.80500667 14.52624579 2.01241359 -1.0190549999999998 1.342368 1.384123
16160 -7.045394850000001 16.702564860000003 6.230792070000001 -1.737259 0.14894300000000002 0.222683
16180 -7.58353221 16.35588927 6.73779249 -1.240178 -0.180713 -0.086411
16200 -3.8321784 14.408584650000002 1.5094647 0.711412 1.331764 0.67197
16220 -2.65143699 9.02548449 -1.98412155 1.7771439999999998 2.424624 0.8414510000000001
16240 -2.7098163000000004 4.65666966 -3.2486894100000003 1.231049 3.032271 0.938339
16260 -2.91203964 2.274968430000001 -5.021160210000001 0.299386 2.849591 0.810288
16280 -0.78481962 1.71513135 -5.69700054 9.9e-05 2.053537 0.610529
16300 2.11001328 1.6066131300000002 -3.29599323 3.2e-05 0.659537 -0.298879
16320 3.43221489 1.17341334 1.1858328 0.03476 -0.718194 -1.576601
16340 1.1514095100000001 0.7095278700000001 4.21163901 -0.363671 -1.438395 -1.479116
16360 1.28836692 2.22452541 -2.74798701 -0.936173 -1.184577 -1.320002
16380 2.39636718 2.70233127 -10.7126181 -1.7574919999999998 -1.814325 -0.566495
16400 0.98899515 2.10357792 -8.764420770000001 -3.285963 -3.947712 1.7307849999999998
16420 -1.8821858400000002 5.74655085 -8.06193648 -1.534053 -1.416677 2.357212
16440 -5.76181521 20.873198070000004 -1.93382568 -0.26225 -0.4810100000000001 0.901432
16460 -12.1295745 34.85860875 4.17182022 1.380731 -0.502029 -0.060215
16480 -18.35962101 37.72230471000001 -3.2518384200000003 2.526986 0.12628399999999998 -0.470688
16500 -5.8880012399999995 20.03029344 -0.8000839800000001 3.003514 0.063821 -0.4480520000000001
16520 -2.5219548000000005 8.8669647 -1.67935428 2.14577 -0.5217 -0.332584
16540 -6.22914399 5.47576542 3.1106823300000004 1.422693 -0.4481850000000001 -1.03955
16560 -7.1117104499999995 7.509437280000001 3.02431509 1.478801 0.683837 -0.996812
16580 -4.8559009500000005 5.41200042 2.89602972 1.676626 1.036867 -0.741646
16600 -0.0489519 2.6900589600000004 0.54517113 1.510683 0.736883 -0.4379770000000001
16620 4.20176034 2.4039993600000003 -0.7044364800000001 1.558741 0.512262 0.280492
16640 5.9182454700000005 1.35393696 -0.67210272 1.276415 -0.511628 0.831034
16660 3.09212181 -0.45670455000000004 1.54179846 -0.357733 -0.346622 0.677335
16680 -1.6986701700000002 -1.6510622400000001 2.70202716 -2.067602 0.476903 -0.253267
16700 -0.5780934900000001 -0.21914559000000003 -2.91908322 -2.512697 0.410255 -0.515868
16720 3.4956855900000003 3.19659831 -6.99734547 -1.914145 0.059457 -0.15552
16740 3.94669053 12.732369570000001 -7.971370560000001 -0.070869 1.170752 0.323812
16760 -0.42077052000000004 21.85485534 -2.2402410300000004 0.458329 0.4903270000000001 0.592232
16780 -2.6216440199999997 21.333336120000002 0.20702043 0.401185 -1.068078 0.35241100000000003
16800 -13.850994060000001 13.359866219999999 0.10882233000000001 -0.219625 -3.102615 -1.007028
16820 -5.4784533600000005 12.28330701 0.7741855799999999 -0.5219520000000001 -1.074371 -1.267044
16840 -3.84745257 10.83341844 -0.43229727000000007 0.030374 1.75777 0.22335500000000005
16860 -4.34202372 14.40020691 0.96878655 -1.124212 1.582826 1.282668
16880 -6.5417004 18.266965560000003 4.70995758 -1.826068 -0.375113 -0.247283
16900 -8.11432188 18.37444392 5.14435419 -1.259622 -0.147125 -0.476491
16920 -4.55652918 14.82396948 1.42982712 0.808718 1.472409 0.048627
16940 -1.3742927100000002 10.15802937 -2.04549291 1.608105 2.581602 0.626425
16960 -2.681073 5.002746840000001 -2.8626462900000007 0.7960010000000001 3.2832260000000004 0.8954549999999999
16980 -1.17146115 -1.37264463 -4.41356805 -0.188779 2.68015 1.248271
17000 0.08846658 -2.73091761 -4.84078374 -0.760592 1.531418 1.036378
17020 2.6003955600000004 -0.62135559 -2.8812068100000006 -0.827722 0.238581 0.194738
17040 2.33889039 4.84362864 0.6227093699999999 -0.803264 -0.935154 -1.2061620000000002
17060 1.09437417 3.6392353200000005 2.5662665700000002 -0.842727 -1.915156 -1.7168599999999998
17080 1.06158915 1.69103799 0.53288901 -0.924763 -1.814926 -1.403505
17100 1.87500492 0.99438084 -9.26872344 -1.050459 -0.444885 -0.786569
17120 2.31882894 2.8927335600000004 -10.67744925 -1.84126 -1.7291 0.8353860000000001
17140 0.63093996 6.17616018 -9.15720336 -2.252578 -1.283072 2.601985
17160 -6.10670538 16.98547545 -2.67449049 -0.465931 1.826811 1.767653
17180 -8.91456282 24.655080599999998 4.40803521 -0.023273 -0.342011 0.566433
17200 -15.78482955 36.76355379 -2.7324185400000003 0.770908 -0.8666290000000001 -0.527616
17220 -11.730209400000001 28.198060200000004 -6.8316447600000005 2.019987 -0.579629 -0.6549229999999999
17240 -3.9189969000000002 15.48305433 -3.9787299900000006 1.881655 -0.684707 -0.365198
17260 -5.75747919 7.910450460000001 1.45976724 1.496417 -0.512629 -0.173693
17280 -7.132066200000001 7.713161550000001 3.9754338300000005 1.695931 0.202316 -0.648574
17300 -6.23438253 6.13229967 3.8118226500000003 1.779856 0.654425 -0.829097
17320 -3.15139383 4.07887047 2.45714013 1.441531 0.257616 -1.202693
17340 2.8788131700000004 2.1582098100000007 0.5980077900000002 1.284084 -0.020369 -1.34551
17360 7.231166820000001 2.3936694300000005 -1.58729724 1.473514 -0.434698 -0.461305
17380 5.717807550000001 -0.42032907 -2.34457038 0.861964 -0.503425 0.471342
17400 -0.44951382000000006 -1.70869599 0.24444558 -0.614476 -0.204389 0.495898
17420 -3.3588655200000006 -1.7598943800000002 0.27572967000000004 -1.950512 0.169736 -0.262738
17440 -2.07603144 0.03771945 -3.0337425000000002 -2.2882 0.188127 -0.8387549999999999
17460 2.9831425200000004 3.2500431899999995 -7.07054769 -1.540159 0.495587 -0.321177
17480 6.781348889999999 9.378301140000001 -8.89899435 -0.464047 1.121857 0.637322
17500 -4.00791474 24.500455380000002 1.7411769000000001 0.164456 0.013796 0.934757
17520 -2.35011303 24.557029650000004 -1.6860937500000002 1.279095 -1.0193709999999998 0.198248
17540 -10.221048810000001 11.833940340000002 -2.1908476800000005 0.697567 -2.4634560000000003 -1.00144
17560 -5.64461514 11.275898490000001 0.18427104 0.148862 -0.9686 -0.860842
17580 -4.93389045 7.555838580000001 0.54561258 -0.17055 1.461512 0.957267
17600 -7.55913474 13.222899000000002 2.38857804 -1.472282 0.910061 0.663666
17620 -8.59917132 16.96526685 5.507647919999999 -2.353589 -0.549944 -0.5573239999999999
17640 -8.40681684 15.98420799 7.01740692 -1.963427 -0.300016 0.005898
17660 -4.3424651700000005 14.739250320000002 1.5027252300000002 -0.092393 0.8220270000000001 0.969315
17680 -2.1333610800000002 12.34542393 -3.16801197 1.068883 2.126331 1.458591
17700 -1.01833686 8.62222482 -3.8396634300000003 0.658591 2.619193 1.371773
17720 0.57046131 2.47644621 -3.82244688 0.303762 2.580505 1.231543
17740 0.45834282000000004 1.42817904 -3.2241447900000004 0.283291 1.956745 1.1264459999999998
17760 2.5276446 1.7380377 -3.2340234600000004 0.006942 0.6092569999999999 0.014223
17780 3.2660629200000004 1.51095582 -0.96654006 -0.348699 -1.156298 -1.441985
17800 1.3804337700000002 0.25866027 1.5060213900000003 -0.571638 -2.402792 -1.750661
17820 -1.02910824 -0.23321313 1.26652005 -0.980499 -1.884988 -1.416623
17840 -1.14017706 0.26569404 -7.296727050000001 -0.536678 -0.6645840000000001 -0.90234
17860 0.8420021099999999 1.06099074 -11.03879079 -3.168916 -3.696313 1.098894
17880 -0.9834525000000001 3.12984126 -7.470364050000001 -0.646209 -0.562733 2.222382
17900 -3.8959532100000005 14.11864029 -5.04061344 0.16755699999999998 0.051049 1.472047
17920 -8.13363777 29.075388120000003 2.79543798 0.810579 -0.8948020000000001 0.355049
17940 -16.73040564 41.61900348 -2.3105983500000002 2.045369 -0.315836 -0.578171
17960 -10.96304778 29.09858877 -5.43489696 2.881019 -0.6070840000000001 -0.928747
17980 -2.8952743499999998 12.541074570000001 -2.67673698 2.275562 -0.858817 -0.5886859999999999
18000 -4.827314610000001 4.87401021 0.43125741 1.70622 -0.449188 -0.5023890000000001
18020 -9.88993188 7.4062949399999995 3.7818825300000003 1.929214 0.587167 -0.655984
18040 -8.40562002 8.44124994 2.7045777600000003 1.456803 0.350387 -0.70705
18060 -4.3266024000000005 4.82715765 0.58737375 0.8917709999999999 0.488423 -0.903454
18080 1.82784825 1.59702876 -0.5740517699999999 0.52618 0.5972770000000001 -0.635887
18100 5.01367518 -0.13457358 -0.19878984000000002 1.211272 0.210432 0.138514
18120 5.6276928900000005 -0.34593003000000005 -0.08007903000000001 1.221925 -0.199901 0.445694
18140 1.16158248 0.53618517 1.66214754 -0.556502 -0.187508 -0.045308
18160 -2.56596246 -1.24167132 1.46201373 -1.881689 -0.083708 -0.8772280000000001
18180 -1.9303823700000002 -0.42062337 -1.10140794 -1.975204 -0.055247 -0.454902
18200 4.8696741900000005 2.338733430000001 -7.98753744 -0.718797 0.395323 0.329894
18220 7.1973321299999995 9.425448000000001 -8.42372928 -0.003557 0.008509000000000001 0.804335
18240 -3.6724617900000003 31.815144540000002 2.9385364500000004 0.507727 -1.135422 0.31799
18260 -5.06038059 23.018537160000005 0.74964096 0.017618 -2.6459040000000003 -0.873497
18280 -14.00876829 12.29378409 0.07603731000000002 -0.436671 -1.311333 -1.489403
18300 -5.805077310000001 15.091468560000001 -1.1632305600000001 -0.6663220000000001 0.350427 -0.475121
18320 -1.5952335300000002 8.91949725 -2.42690571 -1.374951 0.8695139999999999 0.330044
18340 -4.17197718 11.734996680000002 1.3455494099999998 -2.10468 0.135732 -0.416527
18360 -7.80641541 16.54000335 5.145403860000001 -1.756197 -0.203116 -0.429682
18380 -8.355177000000001 16.189433190000003 6.231243330000001 0.179705 0.4625 0.599935
18400 -2.3900789700000002 14.78356209 0.92133558 1.326714 1.514198 1.401356
18420 -0.32048288999999996 11.265725520000002 -2.62793223 0.8450549999999999 2.306504 1.351043
18440 -1.65301443 7.375010850000001 -2.79843003 -0.272269 2.030971 0.8949389999999999
18460 -1.24167132 3.4269763500000003 -3.55196556 -0.539042 1.483532 0.8318200000000001
18480 -0.17154747 0.05239521 -3.55376079 -0.027158 0.345657 0.6947800000000001
18500 2.2312648800000003 -1.15664805 -3.29225562 -0.171541 -1.164917 -0.507111
18520 2.58078537 0.26375166 -0.9680409900000001 -0.734012 -2.529733 -1.832818
18540 -0.9517171500000001 2.4984500400000003 1.19257227 -0.5260640000000001 -1.938827 -1.932535
18560 -0.33335360999999997 2.0404113300000004 -1.5703848 -0.635508 -0.477374 -1.279284
18580 0.94752828 1.70570394 -10.473420870000002 -2.821217 -3.133815 0.257774
18600 2.02528431 1.9639129500000003 -10.69646103 -2.070405 -0.280886 2.23771
18620 0.98569899 7.03551618 -6.24471246 -0.828994 -0.183223 1.248537
18640 -2.276910810000001 20.47666806 -0.31689243 -0.057134 -1.153936 0.6420130000000001
18660 -7.20526842 30.62781081 2.35490031 1.829606 0.608714 0.16796
18680 -15.630498630000002 38.087099370000004 -4.386924090000002 2.979337 1.148246 -0.154781
18700 -9.66913821 21.894674130000002 -2.9621883600000003 2.44939 0.983773 -0.389008
18720 -6.46984215 9.66554775 -3.6642312000000006 1.277976 0.064169 -0.371443
18740 -9.83798793 5.67679194 -0.10807677000000002 1.195484 0.184779 -0.8902610000000001
18760 -11.709098280000001 7.82632971 3.1290956999999997 1.390433 1.009818 -1.18799
18780 -8.54962101 7.04569896 3.48939738 1.078586 1.240748 -1.1253030000000002
18800 -3.5103515400000007 5.362450110000001 2.27766618 0.671536 1.464468 -0.7759199999999999
18820 2.70606888 3.5524168200000004 1.4964370200000001 0.694797 0.728517 -0.036673
18840 5.990241060000001 1.36695483 0.68063742 0.71919 0.248213 0.706527
18860 7.0364187 -0.27692649 -1.53551025 -0.354287 0.167846 0.4235310000000001
18880 2.6020436399999998 -1.5925357800000002 -0.57315906 -1.383162 0.333073 -0.043203
18900 -2.09683845 -2.43064332 0.40550616000000006 -1.816232 0.196506 -0.679509
18920 -1.23418629 -1.05455538 -3.13777755 -1.801687 0.184545 -0.365335
18940 2.2927833900000003 4.12856793 -8.17420212 -0.308235 1.135041 0.402317
18960 1.51275105 16.61095908 -4.67702541 0.166718 0.74662 0.6881430000000001
18980 -3.27817827 24.26005152 2.55309174 0.368039 -0.321517 0.164284
19000 -1.30933089 22.87932345 -3.8676611700000003 0.6989489999999999 -2.080375 -1.164291
19020 -14.77442898 15.883920360000001 0.9198346500000001 -0.051296 -2.198297 -2.191669
19040 -6.456225870000001 11.51884314 2.2987674900000004 -0.209643 0.359497 -0.475147
19060 -1.18133982 7.7149567800000005 0.6914088 -1.246758 1.228789 0.415937
19080 -3.1957056 13.56255063 0.97027767 -2.602325 0.353373 -0.332687
19100 -5.658231420000001 15.669866160000002 3.87768699 -2.549692 -0.619841 0.041737
19120 -5.09735448 14.73625827 5.63203872 -0.113931 0.15901400000000002 0.824736
19140 -2.02034988 13.94545455 2.3394888000000007 1.9657 1.322097 1.468023
19160 -2.5346783700000004 10.42566579 -0.22228479 1.546905 2.264991 2.065298
19180 -3.8019439800000003 7.36019775 -1.5021268200000002 0.36398 2.250228 1.98762
19200 -3.02535495 2.8839045600000004 -4.098922110000001 -0.035176 1.777222 1.541058
19220 -1.74102975 0.2951829 -5.13656505 -0.079827 0.794295 1.233289
19240 0.025751250000000003 0.66102723 -4.23215172 -0.346898 -0.427364 0.081446
19260 0.6421626 0.40220999999999996 -0.3182364 -0.870022 -1.630207 -1.291196
19280 -0.33994593000000006 -0.07320222000000003 2.5560837900000006 -0.907811 -2.230051 -2.033105
19300 -0.9605559600000001 0.43514217000000005 2.19862701 -0.794636 -1.071018 -1.6022379999999998
19320 0.030087270000000003 -0.013469130000000001 -5.702396040000001 -0.935442 -0.739258 -0.797139
19340 2.43603882 2.074089060000001 -8.56399266 -2.715007 -2.344055 1.398365
19360 -0.5526463500000001 4.30025274 -6.86038806 -1.882587 -1.167326 1.575724
19380 -0.6209043299999999 12.6994374 -7.294029300000001 -0.7069409999999999 0.862448 1.250186
19400 -5.507647919999999 26.999503830000002 0.9518741100000001 0.5983649999999999 -0.748404 0.956924
19420 -12.871887390000001 38.94061842000001 -0.6649218 2.51331 -0.404623 -0.093021
19440 -16.52503329 30.44833686 -2.8797156900000003 3.128398 -0.825356 -0.63832
19460 -7.89533325 13.517787600000002 -1.48131981 2.325986 -0.703728 -0.256316
19480 -8.26311996 4.82282163 -1.61828703 1.994711 0.103929 -0.279961
19500 -12.144397410000002 5.88156588 2.52120924 1.876633 0.992273 -0.419725
19520 -11.83917888 7.389686610000001 2.7943883100000004 0.943581 0.993707 -0.768075
19540 -5.6308419 3.80209113 2.59186086 0.318249 1.0709799999999998 -0.901797
19560 -0.1761876 3.61723149 1.6193367 1.073828 1.180177 -0.360412
19580 4.149973350000002 3.96061092 2.27047545 1.557249 0.494804 0.119202
19600 7.52096403 1.83143871 0.25267617 0.6532319999999999 -0.289318 0.123506
19620 6.21357552 0.07634141999999998 -0.43574058 -0.971501 -0.448117 -0.31386
19640 1.76228802 -1.58684598 0.36987624 -1.840218 -0.4127770000000001 -0.938473
19660 -1.6434300600000002 -1.08643788 -0.47391129 -1.488041 0.053886 -0.729376
19680 0.35386632 1.7009166599999999 -3.12266034 -0.250023 0.783231 0.15321
19700 4.53616362 4.74153597 -7.782910650000001 0.094729 -0.064924 0.701498
19720 5.475912570000001 13.329926100000002 -5.78053269 0.514443 -1.243278 0.377996
19740 -6.23423538 27.54407655 3.3691954500000003 0.161197 -2.774017 -0.66189
19760 -9.24207948 26.538914520000002 2.3601388500000002 -0.494613 -2.1756 -1.091322
19780 -12.421922310000001 12.668006160000001 -4.18439664 -0.7501140000000001 0.22109 0.2391
19800 -6.5451437100000005 11.594144700000001 -3.1880734200000003 -0.8835430000000001 0.897026 0.217006
19820 -4.438416780000001 9.904303530000002 -0.07619427 -2.0956900000000003 0.063959 -0.590492
19840 -6.48481221 13.1244066 3.1723578000000003 -1.853753 -0.4556060000000001 -0.34030900000000003
19860 -6.56849151 16.54375077 7.02594162 0.291543 0.698332 0.401725
19880 -3.5512200000000007 16.12536408 6.9864171299999995 1.634615 1.732155 1.240858
19900 1.95089508 14.336441910000001 3.3967321200000002 1.170119 2.454786 1.815664
19920 0.12888378 10.26879408 -1.10530251 0.30394 2.328362 1.415602
19940 -1.7863813800000001 6.07451877 -2.1245320800000003 -0.166633 1.587227 0.684737
19960 -1.80555012 2.01720087 -3.9817220400000006 -0.455366 0.27963000000000005 -0.003539
19980 -2.287692 2.09728971 -5.14644372 -0.600576 -1.379049 -0.930713
20000 -0.06870924 0.2870994600000001 -5.043458340000001 -0.714919 -2.472604 -1.750505
20020 1.17640539 -0.6032463299999998 -0.75697884 -0.594276 -1.62341 -1.631109
20040 -0.75038652 1.3409092800000002 2.48572647 -0.49824 -0.124968 -1.082224
20060 -0.11077452 2.1468400200000004 -2.44336689 -2.920435 -2.737714 0.6550199999999999
20080 1.65211191 1.61424531 -9.76883724 -2.784308 -1.261658 2.237185
20100 -0.20821725000000002 1.2901719600000003 -9.21588678 -1.0575139999999998 0.418758 1.421358
20120 0.14474655 8.388560430000002 -7.4919166200000005 0.424004 -0.645399 0.923528
20140 -3.6443169 23.09727222 0.04250673 2.313098 0.442641 -0.278171
20160 -10.55170467 38.73824793000001 2.6716455900000002 3.547743 0.34086 -0.67
20180 -14.80406499 37.04152014 -3.89370672 2.577676 -0.320931 -0.564833
20200 -6.81592914 18.23552451 -1.6374459600000002 1.3724379999999998 -0.558127 -0.409509
20220 -5.663921220000001 7.125032429999999 -2.9570969700000003 1.686727 0.6046050000000001 -0.8104560000000001
20240 -9.34761546 6.23423538 2.5770379500000002 1.716001 1.332334 -1.13806
20260 -11.522590560000001 8.31925278 3.7006066800000004 1.146155 1.169853 -1.037146
20280 -7.522308000000001 5.3949310200000005 2.02304763 1.014421 1.171028 -0.6844859999999999
20300 -0.19145196 2.1863547000000003 0.795591 1.24464 0.425853 0.050877
20320 4.547994480000001 2.7264344400000002 0.59830209 0.7162729999999999 0.016116 0.409839
20340 6.07646115 0.7909508700000001 -1.12132224 -0.702146 -0.029402 0.235483
20360 4.4712018 -0.60354063 -0.2573163 -1.914378 -0.13608299999999998 -0.538763
20380 0.7845155100000001 -2.40340095 1.49898762 -1.7632009999999998 -0.022524 -0.829477
20400 -1.18238949 -1.2283493400000003 1.65211191 -0.22150100000000006 1.202818 0.161418
20420 0.6617727900000001 1.60525935 -3.64835862 -0.066461 0.326957 0.876127
20440 4.91009139 5.226532560000001 -7.587868230000001 -0.330773 -1.926699 0.4562890000000001
20460 1.5968816099999998 19.645751250000004 -3.42862443 -0.96843 -3.786022 -1.015656
20480 -4.56311169 27.2234367 3.42248337 -0.450153 -1.099474 -0.646941
20500 -8.36326044 23.88628071 -3.3787700099999998 -0.038058 1.31247 0.286472
20520 -12.676089600000001 15.035188590000002 1.6039153800000001 -1.489579 1.536319 -0.08821699999999999
20540 -4.810392360000001 10.392135210000001 -0.45745011 -2.487725 0.05735 -0.7288859999999999
20560 -2.9952676800000004 9.08939664 0.30521853 -1.6593950000000002 -0.145351 -0.307302
20580 -4.074073380000001 12.2539653 3.93427107 0.704889 1.217198 0.8226899999999999
20600 -6.762189960000001 15.637826700000002 6.89959863 1.751689 2.497431 1.835695
20620 -3.5253216000000003 14.88639051 5.620364820000001 0.683934 3.287195 1.863544
20640 0.11077452 13.811773680000002 1.31725737 -0.374813 3.224629 1.644721
20660 -2.41867512 8.35726653 -1.44748512 -0.489756 2.49743 0.850093
20680 -3.7480576500000002 3.8592736199999997 -3.42681939 -0.108713 0.787413 0.050574
20700 -3.46484295 2.9503673100000007 -6.082298100000001 -0.238246 -0.826207 -1.23547
20720 -1.3780303200000001 1.4319264600000001 -6.114180600000001 -0.546655 -2.178828 -2.102219
20740 0.6652161000000001 -1.0653365700000001 -3.7500000300000003 -0.653035 -1.836539 -1.827799
20760 0.87417891 0.44966097000000005 1.62801855 -0.494944 -0.14187 -1.120636
20780 -0.38096154000000004 1.8835298100000002 2.46642039 -1.925476 -1.4501389999999998 0.14543699999999998
20800 0.45505647 1.6564577400000002 -9.42844005 -2.552645 -1.320686 2.145943
20820 3.2099202900000003 2.05223238 -13.59622836 -1.356554 0.849334 2.161131
20840 2.3397831 5.780081429999999 -5.952374460000001 -0.681817 -0.280443 0.92495
20860 -4.30534413 19.896622380000004 -0.30416886 0.8674959999999999 -0.547095 -0.332934
20880 -7.36244424 31.69838592 4.95095004 2.572387 -0.291273 -0.7838930000000001
20900 -14.762156670000001 38.898258840000004 -3.9763265400000005 2.655854 -0.556481 -0.86736
20920 -8.256527640000002 23.194263690000003 -1.4715882900000001 1.87452 -0.57521 -0.56835
20940 -6.4036835100000005 10.13856633 -3.1870237500000003 2.204065 0.262352 -0.651511
20960 -9.47140785 4.899761460000001 1.3341796200000002 2.000058 0.785712 -0.552126
20980 -11.30269941 8.91516123 4.15071891 0.994405 0.527514 -0.911333
21000 -9.345212010000001 7.25062005 3.67620921 0.342493 0.593508 -0.599777
21020 -3.15289476 5.79414897 2.01406167 0.271932 0.370187 0.162727
21040 2.7306233100000004 4.28752917 0.46658322 0.817361 -0.003571 0.450094
21060 8.05923873 3.9413048400000004 -0.26360451 0.330495 0.018687 -0.164358
21080 8.17465338 -0.32407335000000004 -0.28965006000000004 -0.8617879999999999 -0.057580999999999986 -0.8359540000000001
21100 3.03927534 -1.5619972500000001 0.6484508099999999 -1.517321 -0.222296 -0.901211
21120 -1.88802279 -1.87156161 -0.18590931 -0.8567100000000001 0.291351 -0.189023
21140 -2.2129986600000002 -0.7750881000000001 -3.02371668 -0.232904 0.115218 0.4255140000000001
21160 2.35819647 2.01930021 -7.896382920000001 -0.08745499999999999 -0.717424 0.464985
21180 6.40038735 8.31745755 -7.650593370000001 0.048778 -1.840514 -0.112669
21200 -3.54897351 24.32576871 2.24652924 -0.31655 -2.848881 -1.504753
21220 -2.54290896 22.02654996 -3.0505077900000006 0.288117 -0.932619 -1.18786
21240 -13.00061421 17.9744706 -0.93600153 -0.563141 1.261088 0.27112
21260 -7.019055000000001 12.46787235 -0.032932170000000004 -1.878863 0.993928 0.290046
21280 -4.374504630000001 8.585398080000001 0.41478642000000004 -2.355399 -0.315058 -0.154918
21300 -4.00611951 9.68501079 0.30835773000000005 -1.352308 -0.4603060000000001 0.133217
21320 -8.05130244 13.51569807 4.20685173 0.91369 0.71233 0.62397
21340 -9.995310900000002 15.9005385 5.21545707 1.7938439999999998 1.453962 1.141914
21360 -5.77603971 15.238157490000003 2.1112101 1.008961 2.1762490000000003 1.54784
21380 -0.95830947 15.63559002 -3.1063365 0.154026 2.437784 1.886568
21400 -1.18133982 9.91403505 -2.2965210000000003 0.035314 1.835399 1.583136
21420 -0.7021899899999999 4.199366700000001 -2.9713214700000004 0.178842 0.740777 1.0727950000000002
21440 1.3966006500000003 -0.09310671 -3.03793137 0.031011 -0.196111 0.264319
21460 2.4577385400000002 -0.88361613 -2.21165469 -0.5043810000000001 -1.319811 -0.909821
21480 2.34906336 -1.6423803900000002 -0.20956122 -0.96515 -1.6767169999999998 -1.2992780000000002
21500 -0.42750999 -0.69245847 1.7597374200000002 -1.112893 -0.617046 -0.835923
21520 -0.27617112 1.0659349800000002 -0.68961357 -2.216651 -1.046197 -0.185058
21540 1.28312838 -0.13711437 -7.50300192 -3.2675970000000003 -2.949604 1.7285669999999995
21560 1.52846667 0.41208867000000005 -6.9269979600000005 -0.293817 0.457528 1.985322
21580 -2.16808848 4.18738869 -4.40504316 -0.058816 0.691856 0.726162
21600 -4.002529050000001 17.35236945 -4.862189160000001 0.266977 0.003653 0.186663
21620 -8.06642946 29.00593332 3.7402685100000004 1.48084 0.550495 -0.154868
21640 -14.655571020000002 37.19659662 -1.15485282 2.399169 0.478107 -0.164384
21660 -11.225004210000002 26.56855053 -2.9207214900000005 1.542062 -0.404771 -0.013279
21680 -7.257810780000001 13.05734544 -2.15656173 1.127671 -0.663778 -0.416425
21700 -7.32037896 6.66728802 -1.7266581 1.786384 0.451973 -0.822383
21720 -10.93895442 7.56182268 3.3028798500000005 1.7973990000000002 0.739449 -1.326875
21740 -11.036848410000001 7.57470321 3.3901496100000004 1.275001 0.878469 -1.274086
21760 -7.568856450000001 5.98155921 3.94400259 0.679045 0.637223 -0.900857
21780 -2.5643143800000003 5.538480750000001 2.8586045700000002 0.693477 0.372016 0.138963
21800 1.87769286 4.9572382500000005 1.2261028499999997 0.43475 0.263368 0.626541
21820 4.2510065400000006 2.51207613 -0.85936581 -0.431717 0.11759 0.271367
21840 5.639975010000001 -1.86137883 -1.14287481 -1.3319 -0.050081 -0.439733
21860 2.96473896 -3.40137225 0.32018859000000005 -1.818063 -0.154192 -0.622456
21880 -0.41658165 -1.7830950300000001 0.49846572000000006 -1.442487 0.20326 -0.029564
21900 0.5623778700000001 1.6835529600000003 -2.63840931 -0.292883 0.309382 0.672674
21920 4.740192 4.56670215 -5.76331614 0.57282 -0.725028 0.728116
21940 4.65980886 13.473485640000002 -3.6116888400000002 0.632215 -2.316835 -0.316286
21960 -2.05373331 26.3384766 4.836594870000002 -0.734611 -2.752858 -1.44584
21980 1.3956981300000002 22.680533610000005 -2.52001242 -0.8202209999999999 -0.939129 -0.996904
22000 -12.461584140000001 15.4209276 -2.8708768800000004 -0.432358 0.973985 0.559753
22020 -8.68838346 11.31901344 1.0524658500000001 -1.09939 1.308927 0.227789
22040 -6.2568376200000015 7.22128815 0.043860510000000005 -1.9972 0.274104 -0.215127
22060 -5.67544797 11.375293410000001 1.03255155 -1.081875 0.169229 0.17595999999999998
22080 -6.86682342 13.88138544 4.10955615 0.534985 0.727583 0.8669959999999999
22100 -8.856183510000001 15.37123995 6.814732320000001 0.954695 1.760873 1.574698
22120 -4.950508590000001 14.968568880000001 3.3700881600000003 0.346557 2.454639 2.03317
22140 -1.4115609000000002 13.165422210000001 -0.27647523 -0.066379 2.230987 1.578714
22160 -1.7787492000000003 8.79990354 -2.06181675 -0.308379 1.266478 0.566654
22180 -1.7266581 4.744832130000001 -2.84618511 -0.6295970000000001 -0.584667 -0.56126
22200 -0.29099403 0.7226928900000001 -3.79924623 -0.34076 -1.995784 -1.436581
22220 1.10021112 0.5405211900000001 -3.91076631 -0.047891 -2.401512 -1.72564
22240 1.5877485 0.00164808 -1.4898545100000002 -0.19374 -1.193739 -1.536995
22260 0.30237363000000006 -0.1850166 1.3793841 0.034491 0.351058 -0.441385
22280 -1.2581325 1.4266879200000002 1.11204198 -3.041443 -3.906892 1.966382
22300 -0.25866027 0.6197075100000001 -4.6666954800000005 -0.671817 1.727514 3.332355
22320 2.0877053400000003 -0.27513126000000004 -9.649086570000001 0.254011 -0.091175 1.7986400000000002
22340 2.14668306 1.5470370000000002 -8.64482706 1.155314 -0.7465 -0.000587
22360 -0.40820391000000006 9.852212430000002 -7.349122260000001 2.47741 -0.770429 -1.0221559999999998
22380 -9.990974880000001 27.82264131 5.122350360000001 3.105092 -1.017277 -1.107186
22400 -13.708494 42.06327876 5.1597656999999995 2.195688 -0.293225 -0.768362
22420 -15.44713011 35.75179944 -3.12325875 2.008401 0.907309 -0.864144
22440 -7.13909997 16.1319564 -2.66820228 1.24144 0.862454 -0.703869
22460 -6.0185331 5.711077889999999 -0.75592917 0.639145 0.359217 -0.608087
22480 -9.65148021 5.19046119 3.01368105 0.558045 0.233443 -0.253843
22500 -10.137820770000001 5.67709605 3.5057114100000004 0.966139 -0.250872 0.094664
22520 -6.23782584 2.5038455400000004 1.64358702 0.714959 -0.61741 0.066674
22540 0.12214431 0.8900514900000001 -0.01078119 -0.289992 -0.426288 -0.236488
22560 5.53115268 2.7288280800000004 -1.42683507 -1.283908 -0.644317 -0.794354
22580 7.7468392800000005 2.9271666600000006 -0.38649438 -1.513852 -0.769328 -1.0340129999999998
22600 3.25752822 1.68834024 1.0933245 -0.17620999999999998 0.142414 -0.296243
22620 -1.67786316 1.09407006 1.3823761500000002 0.173123 -0.122034 0.5301359999999999
22640 -2.1044706300000002 -1.1036544300000002 -0.41703291000000003 0.055692 -1.173771 0.443069
22660 1.4260797 0.27527841000000003 -6.46535898 0.119354 -2.725274 -0.560763
22680 5.991594840000001 4.78958535 -9.492960420000001 -0.363446 -3.13716 -1.566668
22700 1.9999941300000001 23.4692478 -5.4088514100000005 -0.112653 -0.393803 -0.255587
22720 -10.014175530000001 27.16431183 2.54620512 -0.4489 1.077649 1.023113
22740 -12.35231055 13.23233622 -2.24622513 -1.428558 0.540555 0.057695
22760 -4.748422590000001 15.95487609 -0.30866184 -2.29969 -0.687348 -0.342059
22780 -1.3892627700000002 12.01805442 -0.39383226000000005 -0.836391 0.06767000000000001 0.052823
22800 -4.53422124 11.60476893 3.6489668400000004 1.073215 1.462077 0.537597
22820 -9.358690950000002 17.59306761 6.8255037000000005 1.441969 2.678045 0.894333
22840 -8.74676277 17.49381984 5.02685001 0.311848 2.848401 1.362648
22860 -3.4599085200000004 13.081899869999999 -1.13479137 -0.456848 2.295905 1.400715
22880 -3.43221489 10.16655426 -3.53565153 -0.361118 1.332141 0.974262
22900 -2.92880493 6.09592419 -3.18731805 -0.545234 0.012456 0.021813
22920 -1.8567387 2.9681822700000002 -5.143902929999999 -0.948522 -1.162801 -1.160952
22940 0.11989782 2.56057677 -3.91839849 -0.925741 -1.526359 -1.371834
22960 1.88727723 0.7667103599999999 -1.63445391 -0.552492 -0.27423800000000004 -1.268283
22980 2.30086683 0.23636214000000003 1.1544015600000002 -1.409365 -1.477005 -0.774935
23000 0.09924777 0.6099857999999999 2.2132929600000004 -3.535706 -3.5390940000000004 0.728662
23020 0.24713352 0.6706017900000001 -3.94400259 -0.535561 0.277438 1.943272
23040 1.47593412 0.79350147 -11.120527710000001 1.002787 0.413958 1.634444
23060 -0.49143195 0.25791471 -8.06927436 1.290542 0.225732 1.037423
23080 -3.3289254000000006 6.15894363 -7.030434600000001 2.503613 1.005916 0.15293099999999998
23100 -4.941973889999999 22.51992429 -0.01227231 2.4270150000000004 -0.077751 -0.508513
23120 -13.02067566 36.19323963 2.53453122 1.414787 -0.908697 -0.688639
23140 -17.037870660000003 37.705392270000004 -4.20056352 1.427485 -0.223971 -1.170127
23160 -6.716534220000001 19.71040896 -1.1349385200000002 1.635111 1.163027 -1.352052
23180 -5.03403093 7.64235297 -2.43169299 1.177173 1.156974 -1.3061049999999998
23200 -8.35367607 7.083124110000001 2.66296374 1.7585990000000002 0.906872 -1.070987
23220 -9.32246262 9.425448000000001 3.6908751600000005 1.990925 0.188083 -0.54181
23240 -6.63016698 7.028629560000001 2.9885380200000005 1.192439 -0.380776 0.41581
23260 -0.82373589 3.0211660800000004 1.45811916 -0.191389 -0.4839310000000001 1.037595
23280 3.8293335 3.68997264 0.34667559 -1.45185 -0.406026 0.497784
23300 5.43534822 3.2850648900000006 -1.4245885800000002 -1.716232 -0.474324 -0.5732649999999999
23320 4.0080618900000005 0.9487251000000001 -1.0548594900000001 -0.8760379999999999 0.315711 -0.136847
23340 0.8244814500000002 -1.18478313 0.25282332 -0.753564 0.434141 0.509063
23360 -0.5902186500000001 -4.27331448 0.09894366 -0.445369 -0.535311 0.521004
23380 1.61409816 -0.8491830300000001 -3.0205676700000006 0.844117 -1.50246 -0.359647
23400 5.25571731 3.49897194 -5.4745686000000005 0.39363 -2.111313 -1.154634
23420 1.38387708 14.38329447 -2.7976844700000005 -0.286523 -1.189765 -0.5869310000000001
23440 -3.6176729400000003 24.334293600000002 3.9046350600000013 -1.311093 1.079233 0.575913
23460 -7.56721818 22.059629280000003 -3.0858336000000004 -1.84504 1.246046 0.614698
23480 -12.21175287 12.477456720000003 0.39756987000000005 -2.021826 -0.050228 0.194245
23500 -5.91330123 13.123955339999998 1.2310372800000002 -0.8925489999999999 0.13198 0.269198
23520 -3.0876288300000003 11.85699384 0.12962933999999998 0.8431489999999999 1.039143 0.741631
23540 -3.35721744 12.956459400000002 4.2366447 1.588219 1.618217 1.003535
23560 -8.084685870000001 17.3089602 8.00969823 0.896474 2.812175 0.8583040000000001
23580 -7.938595350000001 16.918571250000003 7.17263055 0.271838 3.249638 0.692079
23600 -5.56437915 13.381124490000003 -0.08592579000000002 0.132966 1.849031 0.7548600000000001
23620 -5.33415807 8.501865930000001 -4.33812915 -0.212536 0.006903 0.056191
23640 -3.3419530800000006 1.97888301 -5.282361270000001 -0.881293 -1.310609 -1.551262
23660 -3.3682929300000004 0.10657584 -5.01592167 -1.343352 -1.894655 -1.880617
23680 -0.1357704 -0.18112203000000002 -5.2837150500000005 -1.391625 -1.489419 -1.41466
23700 3.29524767 1.5874443900000004 -1.9267919100000002 -0.785442 0.851748 -0.532143
23720 3.57322383 1.8535995 1.2148704000000001 -2.308469 -2.589014 2.096931
23740 1.33267869 2.1773687400000004 0.79754319 -0.949705 1.162521 2.873939
23760 1.3409092800000002 3.05948394 -6.60785904 -0.898874 1.278797 0.927845
23780 2.1944381400000004 2.54964843 -5.989044240000001 -0.028243 -0.928185 0.372733
23800 -0.7192495799999999 3.05844408 -3.8124210600000006 1.0834549999999998 -0.980226 -0.628904
23820 -0.53364438 14.56021782 -6.1153872300000005 2.31143 -1.04615 -0.924686
23840 -5.8335165 26.791590690000003 0.14729715000000002 2.144362 -0.54428 -0.27915300000000004
23860 -16.9247025 34.592169150000004 0.8297199900000001 1.192006 -0.157725 -0.217935
23880 -14.2897365 27.32058513 -2.12931936 1.285939 0.721018 -0.5378029999999999
23900 -8.69017869 15.111824310000001 -2.67673698 1.2581 0.651842 -1.062406
23920 -7.80731793 9.17202627 -1.9736444700000002 0.585386 0.545226 -1.522031
23940 -9.04553613 8.20938078 2.54665638 0.206343 0.495348 -1.507523
23960 -7.68981375 7.75207782 2.9150415000000005 0.6802739999999999 0.112711 -0.270994
23980 -4.24846575 4.81937832 3.09631068 0.839382 -0.04643 0.493032
24000 2.84947146 3.4856499600000004 2.63736945 -0.10998 -0.011261 0.247074
24020 6.448289580000001 0.22063671 2.06316072 -1.533599 -0.224498 -0.603288
24040 7.506886680000001 -2.4954579900000002 -0.11810259 -1.91756 -0.307938 -0.7158899999999999
24060 3.78996597 -2.2956282900000002 -0.13412232000000002 -1.630051 -0.011177 -0.054101
24080 -1.5621542100000003 -0.12888378 0.31434183000000004 -0.100645 1.03323 0.641043
24100 -4.16209851 0.11810259 -0.54112941 0.8084859999999999 0.6826260000000001 1.216136
24120 0.52496253 2.24772606 -4.981488570000001 1.325226 -0.633207 0.291011
24140 7.70462685 7.38220158 -8.59677768 0.5987439999999999 -2.684398 -1.074487
24160 2.93001156 24.8924826 -1.4335647300000003 -0.632777 -2.697503 -1.258261
24180 -5.71706199 26.342822430000002 1.72680525 -0.849809 0.12457 0.486355
24200 -6.25219749 19.50639039 -4.96651851 -0.787978 0.924825 0.108679
