time Ax Ay Az Gx Gy Gz
20 18.66049371 19.82327301 -5.17219497 -0.959699 2.050346 1.706234
40 13.1446152 8.541841680000001 3.8377210500000003 -2.633285 2.809031 0.708671
60 -0.8753757300000001 1.81483038 6.05416302 0.58314 -5.3055900000000005 -1.173786
80 -11.59204536 -3.09137625 9.846071370000002 -5.94085 1.014502 -1.065085
100 -13.01154255 -11.33831952 11.6698779 -2.318767 2.789654 -4.035218
120 -11.56629411 -11.53306764 11.89621422 -4.757399 -1.634745 -2.1131
140 -4.52808018 -6.398140860000001 6.018238800000001 -4.0666910000000005 -1.907642 -3.196444
160 2.5833261600000004 -0.44202879000000006 -3.5745678 -6.266342 -0.301263 -2.608185
180 4.59200214 3.76676532 -10.60993683 -4.556142 -0.4738 -2.768002
200 11.12651181 5.42007405 -8.99030583 -3.2395110000000003 -0.879024 -2.473071
220 7.14254328 1.6193367 -4.92655257 -1.519614 1.166287 -2.095142
240 2.2763124 -4.31313327 6.8256606600000005 -0.52349 -0.14768699999999998 -0.707426
260 -5.69654928 4.89272769 15.705339120000001 -0.809944 -0.488153 0.499169
280 -20.401376310000003 23.872360320000002 -10.639425690000001 0.133712 0.064272 1.657664
300 7.020703080000001 37.23148098 7.82901765 2.583832 -0.902681 1.053244
320 10.051443720000002 15.70189581 -6.86247759 2.697882 -0.036877 0.754897
340 7.6640625 27.33271029 2.13246837 4.0853660000000005 -1.366825 0.7385189999999999
360 9.51840756 26.05601727 -3.7489503600000003 4.563086 0.059705 0.5594979999999999
380 5.8308285600000005 29.761862490000002 -1.15425441 5.631754 1.784541 -1.202086
400 -1.33447392 17.53918128 -6.58001826 6.530764 -1.632246 -2.400655
420 -3.5890866000000003 12.50769114 -8.382566520000001 6.975906 0.415824 -3.736516
440 -3.2566257 1.26592164 -9.62558181 7.530046 -0.663832 1.7690130000000002
460 9.524695770000001 -0.80173206 3.4148511900000003 4.7750059999999985 3.440228 2.1376150000000003
480 16.28163738 -3.7254554100000004 -1.63624914 3.569608 0.037102 2.009643
500 3.35661903 1.48476312 -8.07630813 3.768783 -4.168913 1.913874
520 -5.0464602 4.7702792700000005 -8.34798627 3.845128 -3.267448 1.255228
540 -2.4462117900000004 4.8835945800000005 3.5405859600000005 2.639261 -0.958308 0.531342
560 -3.77350479 5.988897090000001 -5.79505149 -0.623804 0.58005 -0.92484
580 -1.6522688700000001 10.420731360000001 7.084919340000001 -4.091695 1.491049 -0.629764
600 1.0904796 26.03535741 3.43341171 -5.740251 1.765235 0.162741
620 -1.14002991 32.14744848000001 -7.393571370000001 -4.8248440000000015 0.869985 -0.259143
640 -15.24520107 47.241761939999996 2.3773554000000003 -1.843413 0.338648 0.293269
660 -24.708368520000004 32.737824090000004 -5.805224460000001 0.935185 3.576124 1.320136
680 13.06183842 23.489456400000005 -14.863189859999999 0.229147 2.210018 2.036936
700 14.200367400000001 18.897905520000002 -10.70962605 -2.54531 2.826466 1.333104
720 8.519533740000002 8.66697804 2.0130120000000002 -0.396653 -5.8078699999999985 0.07410599999999999
740 2.52300447 0.06242103000000001 9.83754648 -4.960817 3.362517 0.4438760000000001
760 -8.285123790000002 -9.75805605 10.242297270000002 -4.728824 0.281827 -3.23699
780 -14.31727317 -18.35063505 17.600248530000002 -5.615389 0.222651 -2.589355
800 -7.78471569 -10.332863190000001 15.825236940000002 -4.052903 -3.121332 -3.921184
820 0.0925083 -3.87738288 5.3130469499999995 -6.830289 -1.11439 -2.571558
840 3.6739627200000005 0.5550498 -6.440058990000001 -6.201986 -1.112085 -1.829031
860 8.79675453 8.63419302 -17.743199850000003 -4.547086 -0.6340939999999999 -1.852267
880 8.66712519 13.542489180000002 -8.76472488 -2.755126 1.287238 -1.967195
900 5.497916399999999 1.3040923500000001 -0.74186163 -1.740791 0.652717 -1.345069
920 0.6991979400000001 -1.4115609000000002 17.0806815 -0.018162 -1.389329 -0.198104
940 -25.634942640000002 10.644212970000002 0.5776520400000001 0.057938 2.506914 1.731985
960 10.267450110000002 28.454630940000005 12.648543120000001 0.98188 1.445275 1.620158
980 -5.8203416699999995 21.036505140000003 -11.90130561 2.970303 -1.397051 0.7393149999999999
1000 4.47344829 16.102614690000003 7.985889360000001 2.409119 0.348425 0.820752
1020 -0.6191091000000001 29.164305960000004 -9.63531333 4.2275870000000015 0.5599430000000001 0.694315
1040 4.551280830000001 29.29513212 2.7931914900000003 4.265682 -1.332754 0.055005
1060 -5.92961526 27.579696660000003 -5.520822750000001 5.215259 0.975124 -1.687863
1080 -2.25176778 16.379835480000004 -7.37007642 7.879261 0.6929609999999999 -2.431603
1100 -10.711126980000001 7.98409413 -11.45687337 6.8535 0.772921 -1.293737
1120 0.9909375300000001 2.88615105 -2.06660403 6.290155 2.285533 2.140064
1140 11.62258389 -0.95695569 -1.49164974 5.306001 2.425607 2.861538
1160 12.55215006 0.96130152 -2.13725565 3.970712 -0.7231390000000001 3.167098
1180 3.7538946 -0.14594337000000002 -1.0912349700000001 4.671459 -4.755522 1.30884
1200 -2.7674402400000004 2.9802976200000004 -11.602826550000001 3.530089 -3.710454 0.160804
1220 -2.13395949 3.7773993600000004 2.53317744 1.577625 -1.926464 -0.190542
1240 -1.53011475 4.25444985 -1.13553693 -1.331848 -0.391134 0.399259
1260 -3.3410505600000007 6.00341589 -2.09714256 -4.190996 1.149163 0.237377
1280 -3.91540644 14.693143320000003 8.34305184 -5.251268 1.264333 0.061044000000000015
1300 -7.8002743500000005 25.989407370000002 -0.75787155 -5.5969760000000015 0.552834 0.068087
1320 -19.627485030000003 41.132368619999994 -2.39112864 -4.918283 0.142344 0.102196
1340 -25.79496336 33.77786067 -3.7284474600000004 -2.068168 1.348327 0.272246
1360 -1.3245952500000002 26.215282620000004 -16.19108127 1.229768 1.98765 1.368026
1380 10.80932508 18.63459531 -10.387495079999999 1.862157 2.263518 2.426425
1400 18.32114619 10.96739361 -0.20447964000000002 -3.561091 2.710444 2.1892810000000003
1420 4.01539977 -6.151605750000001 2.6626596300000003 -1.7759740000000002 -5.540973 0.059857000000000014
1440 -7.32382227 -9.31258395 7.774228800000001 -3.061522 2.906454 -1.967137
1460 -10.14455043 -8.895698190000001 16.993264590000003 -7.156644 3.855765 -4.045807
1480 -6.120468810000001 -7.78620681 19.33409736 -4.863527 -2.442607 -5.915677
1500 -1.91901258 -7.79234787 7.037164260000001 -3.281235 -9.144955 -3.120795
1520 1.52188416 -6.296352300000001 2.3652302400000003 -5.43494 -5.243178 0.953656
1540 3.248091 -2.78945388 -1.80330363 -5.909889 2.69303 0.8568479999999999
1560 5.6175199199999994 9.317969640000001 -8.35847316 -3.61446 3.635011 -0.933621
1580 4.27780746 22.237602300000002 -8.20458369 -1.641648 -0.277542 -0.8304379999999999
1600 0.19848573000000003 15.967001250000001 -13.80818322 0.224093 -2.26021 1.059865
1620 -6.79122756 25.348284630000002 22.73278167 -0.298089 1.938999 1.805001
1640 -11.068730910000001 0.17738442000000001 7.2211311899999995 2.019385 0.684225 0.034593
1660 -7.602838290000001 -2.3456200500000004 -9.71868852 1.961187 0.527827 -0.230532
1680 0.56163231 14.97097233 10.31519538 2.396701 1.909845 0.633862
1700 -8.430321600000001 29.86649595 2.7719332199999998 3.750502 -0.237175 0.6482060000000001
1720 -4.81937832 41.40794133 -2.92087845 3.878536 0.321209 0.492425
1740 -0.11795544000000001 44.75303360999999 -12.1759758 5.843239 1.327382 -0.282421
1760 -3.92453955 15.1661619 -9.812246490000001 7.872944 -0.287499 -1.526675
1780 -13.954734810000001 0.26644941 -11.09058759 7.254119 3.822256 -0.971175
1800 -5.52890619 -4.263435810000001 0.7357205700000001 7.157746 1.315508 2.076865
1820 9.33503904 -0.0005984100000000001 3.6188697600000004 4.306288 2.520073 2.482693
1840 12.8699352 3.0975075 -3.9899526300000003 3.2296720000000003 -1.100115 2.445628
1860 2.45953377 4.10716251 -8.28871425 3.908172 -3.907038 1.306694
1880 -5.38055937 -1.94026104 -8.41116267 3.861464 -2.800176 -0.258927
1900 -2.5836302700000005 -0.16375833 7.00902918 2.343399 -1.879808 -0.79948
1920 -1.96481547 3.88546632 -2.32077132 -2.966116 -0.32066300000000003 0.177314
1940 -2.5939602 5.87199132 -1.2590350200000002 -6.054797 1.351016 0.657798
1960 -2.6550274500000004 14.01206445 5.57485623 -6.093645 1.614948 1.021452
1980 -6.013745820000001 28.592343720000002 -0.97612443 -5.271089 1.4996120000000002 0.913045
2000 -13.01319063 42.70379328 -4.203114120000001 -2.128709 1.072293 0.888541
2020 -25.652453490000003 34.22572641 -1.07251749 2.700367 2.342495 1.39814
2040 -6.959626020000001 24.87961188 -15.407762580000002 -0.224596 3.254061 2.677635
2060 6.633453330000001 20.900587590000004 -13.448479950000001 -3.442158 -1.327229 1.3578
2080 12.3928749 11.647432620000002 -1.79926191 -0.959332 -1.496996 -1.2268290000000002
2100 12.85362117 -1.58401089 2.66535738 -5.1775730000000015 2.2818110000000003 -3.229868
2120 -1.20754233 -7.508240460000001 8.80783002 -6.577413000000001 0.975308 -4.293375
2140 -12.313247130000002 -14.69718504 18.677259 -4.878304 -7.53207 -4.146692
2160 -3.7383261300000004 -9.349253730000001 23.299946820000002 -5.993299 -8.491100999999999 -1.514743
2180 0.17513793000000002 -8.265366450000002 8.31700629 -6.5255269999999985 1.461102 1.7727970000000002
2200 2.46223152 -3.9628574100000002 3.5763630300000004 -4.266074 2.765058 -0.197848
2220 0.6027950700000001 1.8612316800000002 -3.61049202 -2.365575 0.452087 -0.448665
2240 4.70412063 16.7220279 -17.283356100000002 2.004566 -4.576642 0.447155
2260 2.28859452 28.974502080000004 -13.575568500000001 1.216652 3.824202 1.3751950000000002
2280 2.31583689 13.649516279999999 22.26679686 2.0931900000000003 3.820326 0.520336
2300 -16.70031837 11.68560333 -9.047488320000001 2.541767 0.563336 0.242427
2320 -3.010689 1.8208144800000001 -8.93836188 3.531685 -0.389293 0.517618
2340 -3.95836443 10.5127884 2.4807920400000003 4.835552 -2.089705 -0.02123
2360 -1.5375997800000003 23.255939160000004 7.646698800000001 5.027302 -0.630718 -0.8752690000000001
2380 -4.540205340000002 44.268645240000005 -3.8622656699999998 6.224742 1.986638 -1.905366
2400 -6.962323770000001 43.99770285 -17.28230643 7.463694999999999 1.875438 -2.077099
2420 -8.28617346 15.3139005 -6.441550110000001 5.202775 4.920154 1.96886
2440 -13.159134 1.47907332 -10.997480880000001 5.862374 1.158801 2.428008
2460 -0.62015877 -0.34518447 3.5110971 4.405566 0.47928 2.327904
2480 11.0072124 2.7229911300000005 -7.03417221 3.261805 -3.595565 2.295226
2500 5.01008472 2.5596742500000005 -3.03613614 3.274664 -2.57395 0.684197
2520 -3.29629734 -2.2667378400000002 -11.63275686 3.2212490000000003 -1.57216 -0.44123
2540 -1.96137216 -0.4221243 7.256015550000001 1.766645 -3.347315 -0.942634
2560 -1.58624757 4.81518945 -0.43140456000000005 -3.724845 -0.10608900000000003 0.18883
2580 -2.7113074200000002 5.292396899999999 -1.09602225 -6.062061 1.406505 0.906571
2600 -3.2951005200000005 10.64540979 1.6055634600000002 -5.693168 1.313863 1.110093
2620 -7.70103639 28.96357374 0.00958437 -4.472201 1.173043 0.635965
2640 -19.72193571 43.75595502 -5.0814819 -0.5038630000000001 -0.052513 0.248648
2660 -23.412359610000003 42.39318906 -3.59642448 1.939239 3.424306 1.386096
2680 -5.410195379999999 20.315450520000002 -7.11799866 0.355554 0.816642 2.19236
2700 6.11014869 16.964070030000002 -15.730187850000002 -1.867384 3.666516000000001 1.125255
2720 9.51376743 13.129350840000003 -4.56071805 -1.763164 -2.551976 1.154248
2740 10.288855530000001 2.80666062 4.16688579 -0.532722 -1.020531 -1.667771
2760 1.4888048400000002 -3.2272839900000005 7.81299792 -7.2909229999999985 4.203965 -2.297444
2780 -11.27949876 -8.19096741 18.83668131 -8.188311 0.453786 -4.610539
2800 -7.072794180000001 -20.04062337 25.0427718 -4.493606 -8.337938000000001 -4.6161949999999985
2820 1.13419296 -8.124053400000001 11.6433909 -4.702884 -9.823225 -0.10572
2840 2.90351475 -0.6412698900000001 2.7315160200000004 -6.6290429999999985 3.47541 1.894475
2860 3.75239367 3.3407562600000005 -2.62285065 -5.434428 7.954925999999999 -0.211591
2880 1.87844823 13.25807766 -16.710354000000002 -1.6673490000000002 -0.862369 -1.874589
2900 0.6225524100000001 23.552770140000003 -16.81992189 2.7961150000000004 -7.860167 -0.6839689999999999
2920 8.38900188 5.01008472 -8.84719755 0.105528 2.518452 0.405571
2940 -3.48191235 13.73079213 25.36325469 -0.010023 5.586519 0.221371
2960 -14.80720419 9.70746588 5.9257305 2.13877 0.8979290000000001 0.035153
2980 -3.1183145100000003 4.16538486 -16.74747504 2.174671 0.140569 0.789471
3000 1.6551039600000002 8.93941155 3.0606807600000003 2.958679 -0.01475 1.388009
3020 -5.12878572 23.42778093 9.50702796 3.944945 -1.298178 0.476804
3040 -11.95488783 35.76228633 -3.63204459 4.088628 -1.233531 -0.09591
3060 -9.5151114 48.57788394000001 -9.2720196 4.888321 0.70806 -0.420757
3080 -6.9031989 14.10741765 -14.546297430000001 8.918357 0.98342 -1.644916
3100 -8.76831534 -0.4076055 -1.25648442 7.289285 2.562714 0.158727
3120 -2.7738854100000006 -5.583243780000001 5.382207449999999 5.32526 3.058354 2.053286
3140 6.94300788 -0.8678907000000001 -6.94211517 3.071844 1.084341 2.954473
3160 5.46154092 5.0983943400000005 -7.06380822 3.910309 -4.807588 3.264846
3180 -0.95680854 -0.6786852300000001 -3.11307597 4.400182 -2.35542 0.204669
3200 -4.7764203300000005 -3.2718998700000004 -5.71556106 2.735242 -2.182121 -0.928816
3220 0.45326124000000007 0.43574058 1.78548867 -0.67319 -2.718983 -0.115518
3240 2.6258427 3.7061395200000002 0.7951495500000001 -5.121957 0.207457 1.5759040000000002
3260 0.65937915 6.765329159999999 -3.46603977 -5.472399 1.365453 2.134925
3280 -0.49876002 6.49514214 -0.5632803900000002 -4.945737 2.006768 1.674174
3300 -3.91735863 15.279928470000002 3.31590753 -3.3208519999999995 1.812795 0.290674
3320 -10.60484544 41.48383149000001 3.98036826 2.313348 0.031412 -0.270165
3340 -27.630895050000003 51.17123592 -8.31311172 3.171928 1.235834 1.4819
3360 -20.752397730000006 29.49211692 -2.98943073 -0.13784100000000002 3.101384 2.68805
3380 2.69350227 22.837258170000002 -21.70621422 -3.486161 2.834841 0.58838
3400 9.47844162 18.04527918 -4.306845060000001 -1.2993940000000002 6.136796 0.657108
3420 18.27459774 9.512717760000001 7.61690583 -4.976418 -2.990737 -2.215442
3440 -1.7085488400000002 -9.787250610000001 8.60979555 -5.875701 2.61928 -2.569675
3460 -11.01798378 -16.68235626 18.00800118 -7.397458 -6.056704 -3.817938
3480 -0.86489865 -18.0265617 22.116056400000005 -5.466154 -7.691783 -0.731215
3500 3.15947727 -4.612662 11.081905740000002 -5.986547 -4.286899 3.111727
3520 5.1085771200000005 -4.39755813 2.67209685 -5.3783910000000015 5.449823 0.96385
3540 2.9901861000000003 1.97484129 -2.1312715500000006 -4.51135 9.964829 -0.14469400000000002
3560 -0.9788123700000001 12.865000770000002 -16.744924440000002 -0.055959 -2.210712 -0.6833560000000001
3580 -6.90079545 30.878387640000003 -19.37870343 2.49444 -5.0056650000000005 0.218255
3600 6.48810837 8.879835420000001 -3.5096059800000003 0.8611709999999999 0.402593 0.604772
3620 1.18209519 -9.226815120000001 26.376353010000003 2.266906 3.312178 -0.425313
3640 -24.92466921 31.74732801 -38.72701548 2.483939 3.060591 -0.301697
3660 10.031087970000002 15.084434790000001 7.97706036 2.237189 2.078285 0.208448
3680 -2.1752792100000002 16.36502238 2.04264801 3.466721 -1.591923 -0.2408
3700 -2.4845296500000003 20.346293160000002 5.6056890600000004 4.235182 -2.503277 -0.504525
3720 -9.38263716 37.17399438 -3.0072456900000004 4.114218 -1.742696 -0.127126
3740 -7.67154753 49.043711789999996 -13.96071891 7.616989999999999 0.045246 -1.931609
3760 -14.371610760000001 11.337426810000002 -15.71896521 9.862337 3.082204 -0.913552
3780 -11.169773910000002 1.8904164300000001 -2.03276934 5.8738980000000005 4.4900660000000014 1.0511549999999998
3800 2.1562674300000007 -3.1021476299999997 0.9607031100000001 3.820386 0.474587 2.676336
3820 8.340658200000002 -2.41746849 -1.6753125600000003 4.090145 -6.841077 2.280602
3840 6.8889744 1.97139798 -5.133573 3.507426 -2.279013 -0.013173
3860 -0.41029344 1.7121393 -4.5640044 2.63782 -2.257304 -0.691186
3880 -5.4947772 0.12185001000000001 -5.81540724 0.461346 -1.002352 -0.151453
3900 -3.63967677 -0.14610033 3.6407264400000003 -3.158169 0.8257680000000001 1.093174
3920 -0.47900268000000007 4.79393118 -3.0130826400000004 -5.267642 2.541616 1.666967
3940 -1.8944581500000002 5.104829700000001 1.43207361 -5.355254 1.7271740000000002 1.353342
3960 -3.4916438700000003 7.04479644 0.2604555 -4.128634 1.936423 0.444039
3980 -3.7396701 29.50215255 5.07639051 1.612008 -0.523313 -0.265807
4000 -13.64637708 61.049650859999986 5.08836852 2.387007 3.458426 1.25672
4020 -27.71336772 43.30150676999999 -3.67201053 1.2385540000000002 -0.692739 2.197258
4040 -6.89286897 20.401229160000003 -14.299909470000003 -1.6767849999999995 4.067204 0.658192
4060 8.4909474 22.43699055 -9.14403834 5.1323360000000005 -12.140632 -3.723689
4080 15.74905248 10.989397440000001 3.9814179300000005 -8.223924 2.455717 2.267064
4100 11.77046964 -4.7921359500000005 3.9345653700000005 -6.262632 -2.255677 -1.10694
4120 -8.533905390000001 -10.885509540000001 16.12088091 -6.46589 5.835744999999998 -2.1581080000000004
4140 -6.3023462100000005 -20.221598250000003 21.728963610000005 -6.797453 -0.918241 -4.230529
4160 0.74978811 -12.319084080000001 13.786326540000001 -6.008393 -7.470803 1.217424
4180 6.39230391 -5.85133146 3.97349145 -4.773065 -8.102451 2.526888
4200 4.74363531 -1.38207204 -1.38581946 -3.867319 4.037815 1.38107
4220 1.01758149 7.11380979 -9.52783497 -2.987689 7.9574729999999985 -0.039612
4240 -3.0795453900000003 25.76786814 -26.985730590000003 -1.812426 3.188816 -0.6704979999999999
4260 1.07760888 12.442572360000002 -7.318279620000001 1.485233 -4.263124 -0.24908200000000005
4280 5.385503610000001 -9.536663970000001 -1.4133561300000002 1.197039 -2.2915520000000003 0.32962800000000003
4300 -2.31897609 0.7125199200000001 31.940732160000003 1.787489 2.203502 0.452974
4320 -24.558824880000003 43.63830368999999 -52.300641600000006 1.922082 2.891228 -0.085351
4340 15.09012459 18.67202046 16.773373440000004 2.232701 2.335927 0.516803
4360 0.64560591 13.05645273 -2.4339394800000003 2.917234 -0.783906 0.10043
4380 0.023799060000000004 17.43708861 13.177841670000001 3.487832 -2.67834 -0.566137
4400 -10.137820770000001 31.879203840000002 -2.7369115200000005 3.40777 -1.371491 -0.435911
4420 -5.40571221 51.03562248 3.1022947800000003 6.093165 2.582958 -1.466942
4440 -1.88622756 13.48710192 -18.7492644 8.186917 3.131162 -0.782176
4460 -19.29397446 0.00837774 -12.542418540000002 6.265795 0.687905 0.493675
4480 -5.20766793 -1.19391624 4.511766150000001 4.610663 3.000336 1.465119
4500 3.23476902 -3.62231307 -4.211491860000001 3.196857 -2.313013 2.361496
4520 7.3196334 1.20529584 -4.342769280000001 3.018142 -4.801121 1.890213
4540 2.04250086 2.8758211200000003 -4.6687948200000005 2.969576 -2.41743 -0.362856
4560 -2.8298612700000003 2.19817575 -4.07528001 2.146571 -3.08954 -0.468156
4580 -1.5778698300000003 0.55759059 -0.9593591400000001 -0.222068 -2.2582150000000003 0.149825
4600 1.50497172 3.56498343 0.40206285 -3.732948 0.8462629999999999 1.527104
4620 -0.39428352 4.30504983 -0.5445629100000001 -4.714959 2.229072 1.825052
4640 -3.98036826 5.1861153600000005 -2.0044773 -4.532303 2.031176 1.339472
4660 -3.96061092 12.5576829 2.8645886700000003 -2.981748 2.229286 0.271145
4680 -4.096087020000001 36.65936178 8.00265465 1.031828 1.691051 -0.475659
4700 -16.4385189 48.46906160999999 7.12458117 4.096396 -1.243573 0.542954
4720 -14.804810550000001 34.07349483 -1.20754233 1.256519 0.476787 2.218317
4740 1.59508638 22.794751440000002 -15.081285780000002 -0.281644 4.037318 -0.002868
4760 7.403155740000001 21.26043801 -13.06243683 -0.638916 1.488818 1.460298
4780 11.524680090000002 8.99808516 -0.3583593 -5.131762 -0.374992 -0.873919
4800 7.889790600000001 -2.78945388 2.8213363800000004 -5.114495 0.166533 -2.044196
4820 -3.93441822 -7.46797041 11.33443476 -7.162674000000001 3.131044 -3.425352
4840 -3.25992186 -15.100150410000001 15.927329610000001 -6.602797 -4.386821 -0.664341
4860 -1.3924019699999999 -12.21430347 16.2740052 -6.4282580000000005 -6.467321 2.114785
4880 2.0360655000000003 -6.520589280000001 9.52230213 -4.9506260000000015 0.737924 1.969527
4900 4.1796093600000015 -2.5761452400000002 2.2170403800000003 -4.365018 4.443612 0.23407600000000006
4920 3.73698216 4.66490025 -3.41230059 -3.456932 6.474192 -0.859247
4940 -1.6136469 16.32430107 -15.76880982 -0.754654 -1.562248 -0.538449
4960 -4.51999674 25.483760730000004 -24.73666056 1.351984 -5.27231 -0.573459
4980 8.08528428 -2.1143493000000007 -1.06249167 0.394067 2.694957 0.238581
5000 -0.9648919800000001 7.7130144 26.008566300000002 2.470269 4.9793 -0.32668400000000003
5020 -10.72504737 19.786603230000004 -10.38315906 2.617887 2.6598080000000004 -0.35793200000000003
5040 4.7364543900000005 14.092889040000001 2.2758709500000003 2.6891830000000003 1.214336 0.6175689999999999
5060 -0.04699970999999999 14.92127487 3.4377477300000003 3.351606 -1.207344 0.121098
5080 -0.38604312 24.51481722 8.41640121 2.982229 -1.327332 -0.187908
5100 -13.433215590000001 37.94563917 -8.33960853 4.989317 -0.626807 -0.488843
5120 0.39742272 43.27381314 -1.9863680400000001 6.862498 -0.175968 -1.635357
5140 -3.0904737300000003 12.10128246 -11.590848540000001 7.589594 -1.786976 0.206991
5160 -14.615909190000002 -0.47481381 -10.36369602 5.638741 2.514384 0.355563
5180 -2.5740459 -1.10245761 8.60695065 3.059239 -0.94152 1.82787
5200 4.74573465 -0.91609704 4.503829860000001 2.795967 -5.265085 1.95869
5220 5.1380659799999995 6.58824885 -10.7211528 3.0928720000000003 -3.912463 -0.090887
5240 -0.4972689 4.27181355 -7.0421085 2.476412 -2.613516 -0.981345
5260 -5.39882559 -0.3930867 -3.2485422600000002 1.399067 -1.413209 -0.782105
5280 -5.34597912 -0.49786731 -2.24712765 -1.935901 0.535877 1.133061
5300 2.5518949200000005 2.6800233300000005 1.9434100500000002 -4.097675 2.918197 2.3818200000000003
5320 3.68817741 4.2290027100000005 -0.02604555 -4.8415230000000005 3.3341510000000003 2.369682
5340 2.3366439000000003 4.954246200000001 2.47151178 -3.68792 3.137932 1.1570129999999998
5360 0.9845021700000001 26.551638090000004 5.07130893 0.494513 2.653261 -0.07685800000000001
5380 -3.01532913 36.484675110000005 5.526954000000001 4.460355 -2.108142 0.119315
5400 -26.41916385 42.76516464 1.50961185 2.043533 -0.680412 1.614274
5420 -14.04843993 30.332922210000003 -3.05948394 1.780963 3.780145 -0.082135
5440 2.0686935600000007 20.47846329 -14.731461180000002 0.25222100000000003 -2.14812 2.0405450000000003
5460 11.495789640000002 21.015845280000004 -9.12323133 -4.4753 0.354485 0.744883
5480 12.124335960000002 8.57506815 3.1747514400000005 -3.672887 0.774567 -2.4344200000000003
5500 0.8198413200000001 -1.7024077800000001 6.1710687900000005 -7.216552 4.160662 -2.98694
5520 -1.7691746400000001 -9.254057490000001 13.198648680000002 -6.32957 0.470055 -1.769993
5540 -1.3389669 -13.704305130000002 14.16699378 -6.098965 -5.277758 0.05496
5560 -0.85547124 -11.32320231 11.27006154 -6.765827000000002 -4.24153 2.299718
5580 3.9550780800000003 -8.81920962 4.1674842 -3.942953 3.359246 0.911394
5600 3.5989652700000003 -2.4843824999999997 0.09011466 -3.758626 4.752627 0.219756
5620 3.36664485 7.3447764300000005 -8.79720579 -3.498301 5.822577 -0.374796
5640 -1.34764875 26.77811175 -25.456067100000002 0.697872 -3.312503 -0.73009
5660 1.29061341 10.99044711 -8.62342164 1.0256809999999998 -2.053361 -0.478382
5680 2.39666148 -3.39433848 7.5975997500000005 1.568236 3.173836 -0.122368
5700 -12.13436178 32.89679514 11.98377828 2.840094 3.316793 -0.4779310000000001
5720 11.546085510000001 5.04854973 15.824795490000001 2.743427 1.408896 0.13486199999999998
5740 -3.04287561 13.856987970000002 -3.6515076300000002 2.851832 -0.523068 0.195779
5760 -1.22010894 14.2262658 6.98791806 3.247335 -2.629207 -0.656542
5780 -2.80905426 21.70037727 4.049381610000001 3.473897 -2.521648 -1.11016
5800 -6.22270863 38.96726238 -6.00880158 5.162918 -0.851769 -1.124003
5820 1.2593293200000002 36.4809375 -4.62403179 7.119768 0.032399000000000004 -1.219357
5840 -1.1261095200000002 14.692692059999999 -9.20331036 6.8687710000000015 -2.383479 -0.245933
5860 -14.631026400000001 1.6163348400000004 -11.42828703 4.869801 5.527021 0.213872
5880 -5.361400440000001 -3.0895712100000003 2.406393 2.171843 0.821341 2.106765
5900 3.52292796 -1.9561336200000001 4.1851422000000005 1.69647 -4.551149 2.328246
5920 5.58308682 4.67372925 -9.55179099 1.46547 -4.583323 0.986055
5940 1.20933756 3.28746834 -2.98045458 2.224047 -3.618443 -0.6699
5960 -2.25416142 1.63534662 -2.406393 2.179984 -2.085345 -1.205215
5980 -1.65870423 0.56926449 -0.8129547 -1.840009 -0.5971770000000001 1.216368
6000 1.86871671 3.01263138 0.77044797 -4.444037000000002 2.418426 2.986791
6020 2.18396106 1.62501669 1.4632105499999999 -4.727457 3.463225 2.759146
6040 -2.30101398 2.16868689 -0.56282913 -3.230523 2.582451 1.1448969999999998
6060 -1.63160901 15.41853396 3.05335269 0.959393 3.165653 -0.212068
6080 2.10506904 32.14894941 3.4904372400000003 4.436992 -3.006525 -0.569768
6100 -11.70820557 48.57085017000001 3.47457447 2.882136 -2.538339 1.1759959999999998
6120 -19.01106387 33.32250990000001 -9.56270952 1.164248 3.253343 0.590417
6140 -4.2167304 18.90044631 -5.03178444 -0.633089 -1.866171 -0.8299030000000001
6160 3.34015785 18.75974148 -14.23734129 -4.402985 3.4854540000000003 2.5135560000000003
6180 11.71449378 10.953473220000001 -5.391791820000001 -4.385992 -0.053338 -1.504714
6200 9.06021189 5.5121409 -0.86056263 -4.4877699999999985 4.085228 -2.739184
6220 -0.65055015 -2.06629992 8.303684310000001 -5.674864 0.114877 -2.758411
6240 -5.773646070000001 -12.22702704 13.511057940000002 -6.432108 -4.860197 -0.181842
6260 0.29952873 -20.34838269 18.77291631 -6.6600850000000005 -3.361049 3.397461
6280 3.4783120800000003 -8.4653433 12.85302276 -4.949527 2.408375 2.20988
6300 7.022645460000001 -2.0510355600000003 3.2524368299999997 -3.916378 3.120342 0.6929
6320 4.1990724 6.88837599 -3.3756308100000005 -3.063377 5.883122 -0.7072579999999999
6340 -1.6660323000000001 18.474133140000003 -16.70002407 -1.659144 -0.560932 -0.542845
6360 -5.1163564500000005 21.253698540000002 -32.218247250000005 1.425916 -5.678539 -0.81384
6380 3.6609350400000005 0.3526695 -2.7830087100000003 0.5524100000000001 0.486447 -0.6483800000000001
6400 0.2874035700000001 -4.520153700000001 24.508087560000003 2.274929 3.5543370000000003 -0.783421
6420 -13.722865650000001 33.13718919 -1.0865948400000003 2.758794 2.958373 -0.551747
6440 21.76563339 19.21000086 24.95729727 2.92746 1.512925 0.599622
6460 -4.131412830000001 12.738510630000002 -6.540503580000001 2.95475 -0.923824 0.159623
6480 2.77283574 9.58231971 11.09836692 2.518457 -2.54409 -0.531419
6500 -3.50271936 26.4161718 -6.34485294 3.073297 -1.199252 -0.860416
6520 1.6679844900000003 46.0945413 -7.198234650000001 5.922503 1.22213 -0.935484
6540 7.644001050000001 27.929217150000003 -7.906703040000001 7.123742999999998 1.62597 0.925754
6560 -8.97877908 8.60769621 -11.40882399 6.628412 -5.074031 -1.451255
6580 -14.537321280000002 -2.68047459 -5.400169560000001 4.881037999999998 -0.044734 -0.5031640000000001
6600 -4.42075878 -1.49823225 9.69204456 1.837809 0.6991189999999999 1.52668
6620 0.32318064 -1.29240864 -2.8978249500000004 1.352195 -3.305864 1.833932
6640 2.4267487500000002 4.21463106 -7.90910649 1.907464 -2.442669 0.208734
6660 -0.7424600400000001 2.4789968100000004 -2.8749186 1.549534 -2.146635 -1.049307
6680 -4.287686129999999 -0.2881491300000001 -3.4459881300000004 0.992817 -3.104405 -1.343592
6700 -0.89079705 1.23987609 -0.67135716 -2.135455 -1.847516 1.132585
6720 3.971088 3.7444671900000004 0.08427771 -4.526892 1.7743830000000005 3.212432
6740 3.25932345 3.4703856 -0.6474011400000002 -4.37862 2.2119310000000003 3.420142
6760 1.95343587 3.7456640100000005 -0.18157329000000003 -3.529082 1.386748 2.051264
6780 2.8342071 21.82221747 3.8094290100000006 1.094376 1.861517 0.2627
6800 0.07065161999999998 34.77358548 7.66884978 4.523194 0.005224 -2.027944
6820 -20.425479480000003 40.07346741 8.29036233 3.768345 -3.40179 1.351004
6840 -17.885258460000003 32.739168060000004 -6.65396604 2.921999 -4.326003 1.44028
6860 1.5618501 22.13521533 -5.311702980000001 -2.906247 8.797062 -0.945971
6880 8.05070403 24.29731971 -18.11892285 1.026525 -0.947888 0.921715
6900 6.392902320000001 16.70975559 -3.4618509 -6.276945 2.030184 0.437458
6920 5.022504179999999 5.57275689 0.58213521 -3.302692 1.56298 -0.920242
6940 -2.6746376400000003 -5.65254162 4.10625999 -5.9262739999999985 0.14516800000000002 -1.858627
6960 -2.2731732 -13.601162790000002 7.75776762 -6.170129 -1.565757 1.56765
6980 1.2543948900000002 -16.9158735 12.666956490000002 -7.0010210000000015 -1.6424439999999998 3.348012
7000 2.7753765300000004 -12.346620750000001 15.21062082 -5.443931 1.265427 2.348897
7020 6.1790050800000005 -5.19883893 7.375766220000001 -4.2461150000000005 3.503169 0.614262
7040 7.88215842 4.968764999999999 -0.16390548000000002 -2.889619 5.946157 -0.371771
7060 3.6670761 10.21101318 -8.19455787 -3.1560580000000003 7.556224 -0.249645
7080 -3.82365351 32.369438970000004 -19.57853313 -0.8411639999999999 -2.864288 -0.395311
7100 -7.948169910000001 14.169387420000001 -19.715951610000005 1.191489 -5.041083 -0.715881
7120 2.2192868700000004 -8.09831196 1.1177219699999998 0.142007 0.579757 0.081434
7140 0.4076055 3.74775354 44.00908245 2.048441 2.701068 -0.857617
7160 -11.33667144 28.16767863 -40.23423369 2.673156 3.959348 -0.913618
7180 17.40714849 13.578717509999999 23.843469870000003 3.116123 2.059045 -0.004372999999999999
7200 4.0080618900000005 8.07959448 -13.6188306 2.630072 -0.162699 0.045285
7220 6.53166477 21.192032880000003 7.7766322500000005 2.860196 0.148038 0.192841
7240 -5.689074060000001 37.43984538 -12.10577544 4.818002 1.329186 0.420783
7260 1.8904164300000001 34.28410572000001 -6.844064220000001 3.98741 2.252419 1.22992
7280 -2.00328048 17.64620838 -8.286467759999999 7.281439999999999 -5.341658 0.172006
7300 -12.632376240000003 7.499558610000001 -5.3214345000000005 6.3251230000000005 -11.44195 -2.061577
7320 -10.27522944 -0.5307994800000001 -0.6497947800000001 2.721724 2.363113 0.22108200000000006
7340 0.18590931 -1.4636520000000002 5.77873746 1.432964 -0.184248 1.940522
7360 1.8486552600000001 0.44217594000000005 1.23627582 2.587871 -2.510726 0.919668
7380 1.6780103100000001 4.95379494 -6.88807188 2.549514 -1.570527 -0.533518
7400 -0.91444896 4.16478645 -6.424039260000001 2.119602 -2.30661 -1.762965
7420 -5.07729303 0.09145863 -4.782855690000001 0.316902 -3.995609 -1.398446
7440 0.26659656 -0.43963515000000003 -0.05463189 -2.2873240000000004 -1.397672 1.1897
7460 3.9210962400000002 1.3621675500000001 2.38857804 -3.607973 1.727982 3.0971330000000004
7480 3.6157305600000003 6.73239699 -2.3575980600000004 -3.701949 2.784552 3.224378
7500 2.5495012800000003 10.30786731 3.1762425600000004 -2.167851 2.34136 1.37375
7520 4.28169222 28.812980430000003 7.7068733400000005 2.841003 2.563774 -0.245155
7540 -6.401289870000001 39.87766962 12.811703040000001 4.714607 -1.818449 -0.617422
7560 -24.376662990000003 26.63980056 5.70299445 3.3847059999999995 -1.892298 0.619999
7580 -11.109452220000001 28.179352530000003 -7.33669299 1.092832 0.64946 1.537563
7600 6.33752487 24.31633149 -12.18900348 -3.382992 -0.202555 1.902633
7620 10.44797373 22.125042360000002 -13.19685345 -0.803407 -5.048735 -0.536458
7640 5.147797500000001 17.916689700000003 -1.63220742 -5.95843 4.2814260000000015 -1.246719
7660 1.72396035 5.41229472 2.97446067 -6.1264080000000005 2.862288 -1.851756
7680 -0.7349750100000001 -4.75217001 5.1681532500000005 -4.670215 0.433749 0.273402
7700 0.07663572 -12.485834460000001 8.01403425 -6.062883 -2.0067630000000003 3.864573000000001
7720 -0.45056349000000007 -16.279999110000002 12.210556050000001 -5.254364 0.95849 3.5491589999999995
7740 0.84992859 -10.53060336 12.757973670000002 -3.795312000000001 4.016813 1.242731
7760 7.01815248 -4.988375189999999 4.7244763800000005 -3.19658 4.996101 -0.680346
7780 7.130575080000001 2.8069647300000002 -2.47016781 -2.477325 6.673514 -0.938117
7800 1.09975986 6.7099419000000005 -8.87519529 -2.379602 2.111703 -0.415638
7820 -3.94070643 21.31881732 -20.697912990000003 0.30143400000000004 -3.376404 -0.656934
7840 -5.43654504 18.33237864 -16.93697481 -0.165363 -3.123939 -0.5173760000000001
7860 -1.57936095 19.336491000000002 10.897036289999999 0.909278 2.099871 -0.574248
7880 4.68645282 15.460452090000002 13.96626156 2.304536 4.233446 -1.473088
7900 0.85606965 -8.70560001 11.21423283 2.89811 4.898255000000002 -0.410117
7920 1.3578217199999998 5.82169545 -8.422091009999999 3.232564 1.260602 0.830676
7940 8.28661491 19.60667802 11.868814890000001 2.792863 1.097765 1.173918
7960 5.630096340000001 32.91894612 -8.64138375 4.0742910000000006 0.320581 1.809842
7980 -6.63809346 44.22134142 -8.36924454 2.121996 1.932919 -0.8999159999999999
8000 3.5777070000000006 24.792646230000003 -5.645213550000001 7.794726 -1.209372 2.633616
8020 -8.38361619 7.59011472 -6.59199627 7.291053 -11.562613 -2.0279700000000003
8040 -16.537913820000004 2.39981049 -4.44560751 4.882027 -5.329499 -0.786941
8060 -6.39110709 -4.31657658 -0.01497006 2.778406 3.332578 0.688117
8080 3.7952045100000005 1.0945213200000001 7.1494298999999994 3.0450630000000003 0.406654 0.6264310000000001
8100 4.55248746 1.00815408 -0.61297785 3.4028 -0.350681 0.031695999999999995
8120 1.94745177 4.68016461 -2.36193408 2.6257040000000003 -1.043406 -0.817808
8140 -5.26754817 3.99055104 -8.49064329 1.922844 -2.456991 -1.814353
8160 -5.765258520000001 2.6631108900000005 -6.73538904 -0.799056 -3.810811 -0.026335
8180 1.7973097200000003 1.2162241800000002 -0.16944813 -3.915622 -0.924725 3.140044
8200 5.72424291 2.8331574300000004 1.5179895900000002 -4.128242 2.003018 3.765058
8220 6.28003827 5.57440497 -2.5008534900000003 -1.976761 3.17464 1.947653
8240 7.719292800000001 17.208515610000003 5.39732466 4.972075 1.7424 -0.216398
8260 7.816892490000001 38.8671219 9.305844480000001 6.573766 -3.500176 -1.248555
8280 -7.5218567400000005 39.315438900000004 12.069252810000002 0.087769 6.19169 0.91135
8300 -33.30244845 21.47479632 0.27033417000000004 1.490868 -4.798899 -1.332601
8320 -8.53091334 26.813290410000004 -6.11268948 0.7466520000000001 -7.421928999999999 0.455902
8340 9.04120011 22.306017240000003 -9.902802600000001 -0.794041 -1.411995 0.547465
8360 9.71763885 22.92632316 -8.295453720000001 -3.961046 3.329858 1.349276
8380 0.85637376 16.55332533 2.1980286 -3.716359 -1.2703 -1.448271
8400 -0.10208286000000001 6.108196500000001 6.062246460000001 -5.099628 -0.732003 -0.067798
8420 -0.0058369500000000005 -1.6991214300000002 4.31597817 -5.7522730000000015 -0.660077 0.8910870000000001
8440 2.21449959 -14.243776650000001 5.600901780000001 -4.080178 0.6609189999999999 0.494082
8460 0.6563871 -20.2359699 6.37269372 -4.198576 2.952984 0.16664600000000002
8480 0.69949224 -13.3324767 11.337269850000002 -2.604903 4.968184 -0.6056739999999999
8500 4.64005152 -2.9710173600000003 8.19006489 -1.844976 5.279653 -0.8336379999999999
8520 5.310211860000001 2.34217674 -1.9959524100000001 -1.41605 3.832812 -0.623689
8540 1.8941638500000002 14.3648811 -20.09825712 -0.442849 2.023592 -0.572912
8560 0.9080136000000001 20.734435620000003 -31.68685917 1.0308620000000002 -0.099067 -0.627196
8580 2.19578211 7.473061800000001 -3.96989118 1.9423580000000005 -0.962046 -0.8579370000000001
8600 -4.73540472 35.05649607 14.363527320000001 2.241365 -1.599329 -1.320777
8620 -10.422820890000002 8.38331208 13.543381890000003 2.395018 -0.984463 -0.706264
8640 8.218209779999999 9.01080873 -6.45697143 3.183403 -0.093549 0.919662
8660 9.915231870000001 3.9893542200000005 3.5473254300000003 3.742282 0.247796 0.587707
8680 -1.8074925000000002 17.98779258 -7.352408610000001 4.0794120000000005 -1.531486 1.427692
8700 -5.18596821 19.15057188 -3.62486367 4.0444900000000015 -2.267555 0.384738
8720 -5.01412644 23.89556097 -8.22614607 2.9058040000000003 -1.211912 0.317748
8740 -0.78436836 18.85120011 -7.64250993 2.283352 0.168712 0.8500139999999999
8760 -0.31225230000000004 12.817098540000002 -10.47746259 1.822576 -1.970658 1.056772
8780 -4.84602228 7.312295520000001 -7.35255576 1.659768 -1.582446 1.351035
8800 -8.88268032 3.1784890500000005 -0.8330161500000001 1.175712 -1.305578 1.795952
8820 -4.27720905 3.3756308100000005 1.6227800100000003 0.348673 -2.483019 2.323659
8840 3.22519446 -0.14639463000000003 4.63840344 -2.323689 -5.692185 2.381744
8860 4.38393204 -0.23980545000000003 1.9992387600000001 -2.89145 -3.342617 1.9165
8880 4.48302285 0.6039918900000002 1.55735712 -2.14547 -0.6525350000000001 1.471747
8900 1.1410795800000002 3.58893945 -0.06975891000000001 0.30948600000000004 1.036665 1.02419
8920 -0.8243343 13.767324570000001 1.2145761000000002 2.360466 1.173669 -0.115339
8940 1.7071950599999999 20.040024960000004 2.56746339 0.775787 -3.001653 0.053062
8960 4.92670953 24.9471243 1.8339893100000002 1.823238 2.547081 -0.5160939999999999
8980 -7.161103800000001 29.6904555 -1.5290748900000002 1.459414 -6.9988990000000015 -1.520145
9000 -12.31219746 24.16814163 -2.4131324700000003 0.775446 -1.623088 0.5608350000000001
9020 -1.52667144 16.56260559 -5.016068820000001 -0.468608 -4.109813 0.932415
9040 3.70254906 16.10665641 -0.43365105000000004 -3.19573 -3.660599 0.45025
9060 1.8826371000000002 15.407458470000002 -5.6513448 -2.57073 -3.104559 -0.614319
9080 1.5164984700000002 15.413746680000001 -2.109709170000001 -3.056377 -0.155297 0.725537
9100 -1.44539559 11.40478227 2.12498334 -1.352988 0.984693 0.544763
9120 -3.907323 -0.02006145 4.30773777 -0.002176 1.537662 -0.115217
9140 -1.32848982 -10.687023810000001 4.18245426 0.809525 1.874701 -0.92076
9160 2.34817065 -10.95092262 11.020534379999999 0.994401 3.665494 -1.096952
9180 2.00403585 -6.84526104 5.501359710000001 -0.360287 0.693829 -0.569563
9200 0.35311095000000003 -2.8601055 -1.1801430000000002 1.320833 -4.021903 -0.223834
9220 -1.5533154000000002 2.5765965 -8.66382903 2.610589 -5.906987 -0.655721
9240 -2.3947191 6.0099984 -18.822603960000002 3.53377 -8.119213 -1.276689
9260 1.27070892 4.78554363 -8.12285658 4.730811 -6.865898 -1.918344
9280 0.59501574 28.82959857 1.3681516500000002 2.858715 0.402941 -0.413178
9300 -7.87766544 23.55546789 -6.1173296100000005 0.811649 1.176683 1.005086
9320 8.41549869 3.2319339300000003 9.87361785 0.6382979999999999 -1.544402 1.247711
9340 8.575519410000002 5.94922545 -5.764365810000001 1.146428 -2.501436 1.177712
9360 -0.65219823 15.35371929 -10.559042550000001 0.5443060000000001 -2.800806 1.439877
9380 -4.52059515 16.49360205 -10.88715762 -0.0060420000000000005 -2.466652 1.735775
9400 -3.60944235 18.34704459 -9.39131901 -0.350993 -2.3511740000000003 1.927634
9420 1.21981464 15.613429230000001 -5.7946002299999995 -0.446562 -2.521153 1.894069
9440 -1.35558504 9.365577570000001 -3.9898054800000002 -0.644487 -3.2188790000000003 1.792099
9460 -5.392086120000001 4.46506074 2.0091174300000003 -1.476277 -3.880571 1.752954
9480 -6.4321227 5.451515100000001 4.245768 -2.354736 -2.703056 1.353272
9500 -5.1063306299999995 6.81188742 3.8281366800000005 -0.98169 0.257289 1.242633
9520 3.9215475 10.04022108 2.5664137200000003 0.913889 -0.28557 0.29196500000000003
9540 5.658231420000001 13.37378661 1.93262886 4.446157 -5.3361480000000014 -1.143559
9560 4.619538810000001 17.07065568 -3.14376165 2.04172 -2.91481 -1.181617
9580 -1.70974566 20.03793543 -4.842127710000001 -2.081775 0.6855899999999999 -0.214109
9600 -4.99616433 16.03480797 -9.1100565 -1.433998 -5.868222 0.081893
9620 -1.9570263300000001 14.386580820000002 -5.188656149999999 1.754905 -6.060207 1.104269
9640 -1.2148704000000001 10.6169706 -0.46718163 -2.991168 2.472152 2.145497
9660 -1.0565075700000002 8.31640788 -0.62061003 -1.1237700000000002 -0.756999 1.93408
9680 -0.31778514 8.14231962 -3.0696667200000003 -2.222782 -2.838239 2.010255
9700 -0.5580418500000002 6.94840338 -1.5425440200000002 -3.16216 -3.634264 1.559265
9720 -0.7628157900000001 4.02647526 -0.22019526000000003 -2.391219 -4.059704 0.990492
9740 0.016765290000000002 0.6661186200000001 -0.39876669 -1.997066 -1.684251 0.411225
9760 1.42518699 0.5936619599999999 -1.1915225999999999 -1.806455 0.363533 0.16530899999999998
9780 1.3201022700000002 2.69230545 -0.49203036 -1.446466 -0.183517 -0.005596
9800 0.3412899 5.29852815 1.3638156300000002 -0.377722 -0.209867 -0.203195
9820 -1.95687918 7.60134717 -1.29450798 -0.653151 0.257342 -0.651166
9840 -3.7782920700000004 11.321858340000002 -7.40181177 -0.663818 -0.650184 -0.13199
9860 -1.9959524100000001 8.09427024 -11.15989524 1.159131 -1.236038 -0.391971
9880 -1.7588447100000002 4.95589428 12.81200715 2.407121 -0.6259939999999999 -1.382823
9900 -2.71894941 10.242002970000001 12.8064645 3.460341000000001 -2.335973 -1.7097650000000002
9920 4.302803340000001 24.6607704 -5.44388292 3.705103 -4.3110339999999985 -1.645704
9940 13.74381981 25.54183593 4.28962851 3.711746 -5.561111 -1.524415
9960 2.06645688 14.947016310000002 0.06047865000000001 5.316813 -5.959792 -1.7829529999999998
9980 -5.74684515 17.96129577 -7.329806370000001 6.908378999999999 -5.543464 -1.781983
10000 -6.32300607 17.59875741 -2.7276312600000003 4.009051 -1.019927 -0.696012
10020 -3.3277285800000005 13.77780165 -3.65704047 4.108907 -1.181822 -0.523124
10040 -1.77186258 10.571766120000001 -4.105965690000001 4.2545730000000015 -2.490227 -0.055753
10060 -0.05074713 8.534052540000001 -2.8032173100000004 3.140817 -2.861669 0.025606
10080 -1.5464385900000002 7.116350580000001 -2.71430928 2.35705 -3.185274 -0.153574
10100 -4.40129574 6.234833790000001 -4.87505988 2.228496 -3.3498620000000003 -0.440545
10120 -4.37195403 3.51379485 -3.7254554100000004 2.012318 -2.369775 -0.26171300000000003
10140 0.0865242 1.54194561 -0.09176274 1.178728 -0.886467 0.349064
10160 2.8975208400000003 1.64193894 0.6122224800000001 0.046133 0.373026 1.511378
10180 3.1904670600000005 6.30399429 0.01152675 -0.585381 1.828542 2.236834
10200 1.13883309 9.644446440000001 1.09392291 -0.717623 1.148101 2.0177970000000003
10220 -0.5780934900000001 14.93908002 0.44712018000000003 0.228424 -0.426238 1.6963419999999998
10240 0.13113027000000002 19.56326877 3.98621502 1.653154 -1.658896 1.560458
10260 2.34052866 21.989576070000002 6.94196802 -0.583663 0.885368 2.336331
10280 4.74468498 22.46887305 3.1886718300000005 -4.170318 1.137702 2.2831810000000003
10300 -0.31165389 27.971733690000004 -8.58210192 -3.079262 0.863324 0.42497
10320 -4.62672954 26.400446370000004 -11.85624828 -2.679159 -1.432562 -0.931276
10340 -3.67231464 22.200481260000004 -5.8880012399999995 -3.27911 0.180647 0.290921
10360 0.9334607400000001 20.969443980000005 -3.68563662 -4.344019 0.485206 -0.08971699999999999
10380 2.31703371 14.43313908 -3.54163563 -4.5935440000000005 0.957707 1.31051
10400 0.77539221 7.224878610000001 -0.73362123 -4.458396 0.075888 1.934289
10420 2.9057612400000004 1.53326376 1.91961099 -3.981704 -1.017289 1.838607
10440 0.79664067 -2.64844494 3.1807355400000006 -3.640716 -0.691213 1.783955
10460 -1.40483124 -8.25188751 3.82140702 -2.531853 0.741942 1.000448
10480 -1.3855153500000001 -8.665781220000001 2.7710405100000006 -0.632538 1.078902 0.337098
10500 0.4939727400000001 -3.7513538100000012 1.6703781300000002 -0.043389 2.558516 0.106445
10520 0.26958861 -2.3586477300000004 -1.40961852 -0.217397 2.399251 0.923692
10540 -0.15762708 -1.44973161 -4.223764170000001 1.347344 -0.056979 1.889555
10560 -0.48813579 -2.07394191 -9.052275600000002 3.190831 -0.7680819999999999 0.966512
10580 3.8907048600000005 4.659514560000001 3.82260384 3.467223 -0.400842 -1.0648540000000002
10600 -0.11884815000000001 10.56578202 8.95452876 4.205914 1.902049 -2.177869
10620 1.15065414 18.32414805 3.90298698 4.512461 1.422675 -2.975212
10640 -0.04850064 33.81184251 2.7436411800000005 3.971767 -5.048973 -1.418569
10660 -0.06840513000000001 23.804700750000002 2.03441742 7.967687 -6.835382000000001 -0.902327
10680 0.164808 20.6811477 -6.98313078 6.611149 1.612868 -0.413087
10700 1.22684841 24.220978289999998 -4.58212347 5.089477 0.4895310000000001 -0.291953
10720 2.2820022 26.59129992 -2.72283417 4.040223 -2.538096 0.112658
10740 -0.38259981000000004 15.144010920000001 -3.98860866 3.177099 -3.84161 0.232214
10760 -2.4903665999999998 12.96633807 -4.878208890000001 2.790211 -3.38072 0.12850799999999998
10780 -7.36991946 6.44125581 -6.623721810000001 2.338767 -3.168255 0.134696
10800 -10.064020140000002 2.6301787200000004 -6.6487275 1.402566 -2.66268 0.520614
10820 -1.7594431200000002 3.522771 -6.270610860000001 -0.392111 -1.421918 1.081192
10840 7.6984956 3.49208532 2.06285661 -1.7446080000000002 1.738459 1.794086
10860 8.10400176 0.24369021 -6.36565995 -2.751545 3.4783480000000004 2.0604240000000003
10880 2.5267420800000004 2.57808762 -6.52582782 -2.877761 3.4411440000000004 1.617346
10900 -7.25556429 1.75495014 -5.88755979 -1.815286 2.569424 0.7787850000000001
10920 -7.30630161 3.55390794 2.24638209 0.168827 -0.418907 0.715288
10940 -2.7834599700000004 10.352924640000001 3.24390213 1.287267 -1.28432 1.445259
10960 -3.80837934 24.382499940000002 1.2626254799999999 0.6545529999999999 0.213819 0.572592
10980 1.8702078300000002 38.63436003 -0.57210939 -2.436678 -0.17010899999999998 1.227676
11000 9.42335847 45.57946725000001 5.45600808 -3.58881 5.772993 1.444885
11020 1.4166522899999998 27.867404340000004 -9.23250492 -5.358672 2.7532520000000003 -1.624064
11040 -1.12326462 18.22729392 -12.081377970000002 -3.155422 -0.571472 -1.4035879999999998
11060 5.3332555500000005 19.80831276 -8.27644194 -5.444719 2.019369 -0.7744880000000001
11080 8.220152160000001 12.533285430000001 -3.01967496 -4.289647 -1.449932 1.076436
11100 0.2200383 0.57136383 -0.7611677099999999 -6.05279 -1.766602 1.609319
11120 -3.8736452700000004 -10.8310248 3.3247365300000005 -5.977425 1.124843 1.7386
11140 -2.35894203 -13.099410720000002 10.220744700000001 -3.871411 3.570192 1.1103120000000002
11160 0.15373251000000002 -8.61952707 12.303064350000001 -2.224999 3.205819 0.229246
11180 0.02245509 -6.636749490000001 8.59033251 -1.921848 0.499591 0.339517
11200 -0.6114769200000002 -1.84446639 3.5720172000000003 -1.400813 1.202421 0.483261
11220 -1.8661661100000002 5.98110795 -3.8094290100000006 1.704044 -3.728505 1.460917
11240 -2.15686584 8.17315245 -9.92197134 2.385903 0.648154 1.542324
11260 0.1850166 5.30601318 -11.996649000000001 3.502024 2.823253 0.358402
11280 2.3063996700000002 -5.0587325100000005 -3.18851487 4.118633 2.231663 -1.415122
11300 0.29324052 5.18461443 11.166183450000002 3.689702 1.452979 -0.519814
11320 -0.45146601000000003 23.156249940000002 -2.36537739 4.484854 -3.617009 -1.389046
11340 10.824736589999999 26.989919460000003 21.33513135 4.6258550000000005 -4.951136 -3.006844
11360 -4.49514801 14.80346658 -14.841038880000001 8.030783 -5.057036 -1.056921
11380 1.5959790900000002 21.859044210000004 11.702064510000001 7.675329 0.893652 -0.7636539999999999
11400 -3.80553444 27.122844960000002 -4.54694481 4.263774 3.5519300000000005 -0.574041
11420 3.79940319 31.046933250000002 -2.31089265 3.605547 -1.145825 -0.298086
11440 1.21936338 19.776126150000003 -5.920335000000001 2.825941 -4.195853 0.146893
11460 -1.61140041 14.64060096 -7.41363282 2.250283 -4.360128 -0.363254
11480 -3.6004662000000005 9.04673295 -9.402100200000001 2.132722 -4.2060559999999985 -0.163447
11500 -8.95737366 4.406681430000001 -9.28548873 1.879089 -3.699991 0.041368
11520 -0.45984375 0.3700332 -0.6655202100000001 0.353971 -1.7775310000000002 0.654229
11540 7.578892080000001 4.116138660000001 1.46859624 -1.920919 3.009254 1.700427
11560 8.77580037 2.3999576400000002 -10.763963640000002 -3.786031 6.410417 2.050509
11580 2.06421039 2.03187663 -0.53558676 -4.151071 4.778137 1.637717
11600 -5.088221370000001 1.22998761 -5.36319567 -2.6361950000000003 2.82002 0.893439
11620 -8.75798541 1.9832288400000002 0.79364862 0.056537 -2.008655 0.369369
11640 -6.4315242900000005 4.14053613 0.8678907000000001 1.964347 -0.635051 0.996231
11660 -0.71101899 10.28211606 -1.19886048 0.019082 2.547701 1.156958
11680 1.16098407 29.58732297 3.59582607 -3.058103 4.374956 -0.777927
11700 6.3834749099999994 52.23627819 2.8415449800000006 0.5475270000000001 1.1205040000000002 0.365584
11720 -1.82964348 41.60178693 -5.204675879999999 -7.748021 5.5603620000000005 -0.114657
11740 -4.57808175 19.260600840000002 -10.66831614 -2.884298 1.23881 -1.999013
11760 2.3659758 12.497361210000001 -9.500896710000001 -5.358745 4.5429629999999985 -2.433933
11780 15.304620240000002 13.72959531 -8.4158028 -4.9426260000000015 -3.478355 -0.718002
11800 7.964042490000001 6.25025511 -2.78555931 -6.157929 -3.939148 0.748246
11820 -5.353169850000001 -4.31418294 3.1060422 -6.436317 0.477095 1.352733
11840 -5.52800367 -8.92534401 9.20914731 -2.971027 5.202307 1.100623
11860 4.39156422 -6.41401344 12.97756071 -1.893861 4.338587 -0.152316
11880 4.12826382 -6.94286073 12.08018115 -2.466373 2.129727 -0.31905900000000004
11900 -4.1556631500000005 -8.06702787 7.40285163 0.100291 -4.734267 0.4906720000000001
11920 -1.6257720600000003 -2.07693396 -2.14474068 1.756891 -4.43459 1.101132
11940 -0.86639958 8.102196720000002 -10.1717928 1.46711 3.186498 0.7934439999999999
11960 -0.09954207 13.581258299999998 -14.321314890000002 3.672242 2.32228 -0.513573
11980 1.76827212 3.0689211600000004 -1.7408826 4.385103 1.739595 -1.135961
12000 3.59582607 -8.66114109 7.428004469999999 2.948033 -0.549031 -0.5865229999999999
12020 -2.7009873000000004 15.02694819 19.95934752 1.7728830000000002 -3.474803 -1.034294
12040 -2.8234259100000005 39.002892300000006 -32.01363027 5.233371 -4.287997 -1.006944
12060 4.1441364 18.531609930000002 4.55457699 8.573417999999998 -6.020557 -1.931043
12080 0.48050360999999997 15.07455612 -6.366258360000002 11.109786 -2.482155 -3.217886
12100 9.104513850000002 24.50569392 5.50031004 5.064612 2.948377 -0.849685
12120 -4.23858708 27.70259634 -9.007963830000001 3.606548000000001 0.6137729999999999 0.292529
12140 2.9949733800000002 26.239680090000004 -2.30385888 3.145668 -3.891915 0.052597000000000005
12160 2.9273138100000002 19.23395688 -10.14200964 1.829523 -3.456878 -1.037126
12180 -1.84117023 9.12427119 -11.57887053 1.514586 -3.447153 -0.267014
12200 -9.6884541 4.8838986900000005 -5.71556106 1.637385 -3.562072 -0.405946
12220 -3.0350864700000004 0.25416729000000005 3.1442129100000002 0.313308 -1.7754849999999998 0.444571
12240 7.103332710000001 4.07363193 -4.80051369 -2.34993 3.150579 1.628883
12260 8.98671537 3.0867263100000004 -9.57559005 -4.00355 5.833255 1.918338
12280 3.5325025200000004 -1.2775955399999999 0.47810997000000005 -4.000593 4.459464 1.546241
12300 -3.0617304300000003 0.30177522 -5.69984544 -2.424723 2.839756 1.102126
12320 -5.004247770000001 1.9995428700000002 -1.52607303 -0.394766 -0.7362310000000001 1.171094
12340 -3.6914735700000003 4.5514377900000005 1.0870362900000001 1.443553 -0.337249 1.565847
12360 -0.5706182700000001 13.115273490000002 3.4617037500000003 0.702607 0.976444 1.091106
12380 -0.51373008 22.95896103 8.508752549999999 -3.338939 3.115269 0.395701
12400 -1.10080953 29.033626950000002 5.654336850000001 -2.419595 1.860467 0.640876
12420 -5.9384540700000015 42.517285560000005 5.747894820000001 -4.1251440000000015 0.893375 -1.385533
12440 -8.23407255 31.288386780000003 -21.51086769 -5.2907 4.5427339999999985 -1.90362
12460 1.5380510399999998 26.740539450000004 -15.692919660000003 -4.950326 -3.275695 -2.371923
12480 6.99839514 14.500200240000002 -4.00387302 -5.933763 -4.08602 1.052307
12500 12.29753151 4.37479893 -6.01044966 -6.819358 -1.810889 2.159497
12520 0.95097159 -5.864055030000001 -2.1257289 -5.379316 5.3112879999999985 1.508814
12540 -1.01728719 -5.81316075 3.71228058 -2.804447 7.303242 -0.160339
12560 -1.2546891900000001 -6.497692740000001 9.44805024 -3.3285339999999994 4.412904 0.0886
12580 -0.6019023600000001 -4.678967790000001 15.003149130000002 -2.007199 -2.171691 0.040037
12600 -2.42181432 -6.224955120000001 11.516900759999999 2.562473 -7.789949000000001 0.33873400000000004
12620 -0.00718092 -3.6537541200000003 3.5568999900000002 0.743209 1.006909 0.630947
12640 -0.6538365 5.13581949 -4.8975149700000005 3.23797 2.495954 0.385819
12660 2.77986951 7.208564580000001 -12.665014110000001 4.050058 2.367665 -0.735318
12680 2.72134305 5.58368523 -11.41032492 3.5209040000000003 2.494939 -0.137769
12700 3.31889958 -3.5880369300000003 -2.1197448 3.706717 -1.332016 -0.443487
12720 0.9657945 10.15683255 16.84776267 4.266806 -2.649412 -1.281782
12740 -4.850368110000002 18.79296795 -8.31700629 6.18234 -5.882753 -1.286692
12760 3.43805184 20.80793214 9.907893990000002 9.587838 -7.402058 -2.317429
12780 2.00583108 14.142145050000002 0.42960933 7.135176 2.205673 -1.526478
12800 6.32629242 27.84344832 -4.52254734 3.235986 2.733214 -0.602604
12820 -9.2631906 33.79821642 -2.09489607 3.5323260000000003 -2.616067 -0.194164
12840 1.90553364 34.09310502 -12.7310256 2.370686 -4.248844 0.738781
12860 -0.4972689 16.893418410000002 -16.21578285 1.938005 -2.987425 -0.24969
12880 -3.53804517 11.45942397 -6.4033794 1.261498 -3.746639 -0.278012
12900 -6.323300370000001 7.28579871 -4.11030171 0.567944 -3.49295 -0.24793
12920 -0.11420802000000001 -1.0557522 4.52523528 -1.275891 -0.150678 1.488928
12940 8.254879560000001 -0.46433673000000003 -12.423413430000002 -4.014935 5.441473 2.400529
12960 7.45778763 1.67606793 -6.108500610000001 -4.08875 5.506054 2.032462
12980 1.1951130600000002 -0.25028253 -2.28319902 -2.868448 3.837234 1.125522
13000 -4.3562384100000004 2.61072549 -4.030821090000002 -1.041319 1.625314 0.44357
13020 -3.68293887 3.2195046600000006 0.9178922700000001 1.536646 -0.736375 0.865186
13040 -1.54359369 3.7612324800000003 1.77530589 1.015283 0.482606 1.772244
13060 -1.87769286 9.00886635 -0.63079281 -0.41369 4.055192 0.436294
13080 -3.4215808500000002 21.51057339 6.81308424 -0.504402 -2.571567 0.700526
13100 -4.07617272 34.52974812 1.75585266 -4.640182 3.5568089999999994 -0.202544
13120 -1.71273771 47.110337369999996 3.67905411 -3.813911 0.294575 -2.158121
13140 -2.5746443100000005 29.042004690000002 -17.193996809999998 -6.743608 3.973107 -2.049771
13160 -4.108202370000002 15.730187850000002 -14.40918306 -4.832631 -3.814872 -0.840716
13180 8.53584777 11.30958603 -10.576102140000001 -7.669703 -4.230427 1.6396389999999998
13200 12.73267368 10.25996508 -4.73585598 -7.128566 1.449618 2.768455
13220 1.45811916 -3.30392952 -2.4954579900000002 -3.505336 7.127696 0.124478
13240 -2.35879488 -7.38325125 3.89669877 -2.876788 6.143485 -0.179654
13260 -2.2159907100000003 -11.12516784 12.82982211 -2.887982 1.8436 -0.328047
13280 3.55899933 -10.33196067 16.74912312 1.0861889999999998 -7.427223 0.153837
13300 1.3403108700000002 -6.701711310000001 15.469585200000001 0.96248 -3.316995 0.6946359999999999
13320 1.9725948000000002 2.02948299 1.98531837 1.7495 3.694391 1.141938
13340 0.8529304500000001 9.596240100000001 -6.15729555 3.4937910000000003 2.648486 0.115014
13360 -1.0270187100000001 13.39609455 -16.8318999 3.50189 1.992368 -0.447042
13380 0.8556183900000001 5.682785850000001 -12.79793961 2.63223 0.187228 -0.085471
13400 1.8182736900000003 -3.72306177 1.46440737 3.019542 -3.790483 -1.226007
13420 -2.26554102 14.62039236 20.853735030000003 4.770117 -2.611619 -2.376447
13440 -5.24404341 15.550566750000002 -9.458684280000002 7.423003 -7.048024000000002 -2.662016
13460 6.4593650700000005 17.45459946 5.16171789 10.33782 -6.0392160000000015 -3.32127
13480 2.49904845 16.03285578 -6.270758010000001 4.850319 5.7560980000000015 -1.642059
13500 8.13512889 29.764403280000003 4.40024607 2.810683 0.4869060000000001 -0.32389
13520 -8.18618013 36.5415633 -8.60695065 2.907293 -3.384556 0.187014
13540 1.6548096600000002 24.982302960000002 -7.85895777 2.546554 -3.34332 -0.221483
13560 -0.43874244 18.95628483 -12.39363027 2.505979 -3.316901 -0.665112
13580 -4.934037600000001 11.23248924 -7.1147025 2.231409 -3.522011 -0.5492630000000001
13600 -5.01980643 1.64478384 -1.38462264 0.727114 -1.996572 0.495815
13620 -0.44862111000000005 0.84708369 3.0615832800000007 -2.016392 2.265795 2.023316
13640 8.49752991 3.74954877 -12.47535738 -3.446282 4.937862 2.374168
13660 8.39169963 2.6785322099999997 -7.62828543 -3.592118 4.007427 2.08058
13680 3.50690823 -0.028586340000000002 -1.5275739600000002 -2.582643 3.157527 1.425355
13700 -2.55278763 1.35438822 -5.07938256 -0.485804 0.882724 0.251849
13720 -4.93298793 4.341425310000001 0.5427676800000001 3.546925 -2.855037 -0.120049
13740 -3.09841002 3.0668218200000004 1.00425951 3.5573589999999995 0.814046 -0.197317
13760 -1.35752742 8.52507639 1.4473379700000002 -3.263546 3.363401 1.6799130000000002
13780 -2.26628658 21.34890459 9.64474074 -3.485381 -1.500621 1.067164
13800 -4.70800539 34.51148190000001 3.32203878 -5.263083 1.68223 0.260184
13820 -8.518336920000001 45.78738039000002 3.18133395 -6.494166000000001 5.188915 -1.017684
13840 -2.72523762 32.8685031 -16.508572110000003 -5.0070260000000015 2.9472810000000003 -2.763785
13860 -1.6428316500000002 21.12706125 -14.29691742 -5.941413 -2.446825 0.592954
13880 8.781941430000002 16.192130940000002 -5.969885310000001 -7.33316 -2.531774 2.527505
13900 11.342665349999999 6.58944567 -2.5503939900000003 -5.820221 2.723015 2.069867
13920 1.20020445 -3.2840250300000005 1.64358702 -2.250567 4.526236 0.11628
13940 -1.24316244 -8.8265475 6.050866860000001 -3.3014019999999995 6.158651 -0.406966
13960 -0.29967588 -10.314155520000002 11.58037146 -2.121853 2.069038 -0.359304
13980 2.47540635 -6.22930095 14.483582100000001 1.274363 -5.886752 -0.295476
14000 -0.55340172 -6.86397852 10.284960960000001 0.26937 -0.27729000000000004 -0.153724
14020 1.51215264 -5.0507962200000005 2.38034745 1.975454 3.273871 -0.183745
14040 2.07603144 1.48146696 -4.99960764 2.976243 2.495063 -0.495155
14060 -2.16105471 12.55603482 -15.92223822 3.296778 1.528666 0.33939899999999995
14080 -1.8342836100000002 15.372731070000002 -15.657593850000001 2.984061 1.19894 0.748903
14100 -1.90763298 13.800256740000002 -2.41193565 3.5096160000000003 -1.615218 -0.31311
14120 3.45826044 20.358712620000002 19.25326296 4.123958 -1.317799 -1.162709
14140 -3.0755036700000007 -1.48236948 2.26703214 5.622033999999998 -2.224788 0.044257
14160 5.3561619 12.61486539 3.9899526300000003 8.568927 -6.869732000000001 -0.8254440000000001
14180 8.100558450000001 20.422183320000002 4.74318405 8.976842 -6.390626 -1.377616
14200 4.60293048 29.052785880000002 -3.56050026 4.1322519999999985 3.068851 0.199052
14220 -5.798936250000001 35.03673873 -5.789057580000001 2.976991 -2.084865 1.1771459999999998
14240 1.1560496400000002 32.798145780000006 -6.89810751 2.3687720000000003 -3.60717 0.380091
14260 -1.42159653 11.83648113 -9.929456370000002 1.730164 -3.346204 -0.6566069999999999
14280 -12.61531665 6.844221180000001 -8.49363534 1.694624 -3.381281 -0.379072
14300 -7.7189985000000005 -1.28613024 1.54493766 1.138759 -3.471346 0.247411
14320 3.7389245399999997 0.01032993 9.18505395 -2.085504 1.550612 2.444629
14340 8.95871763 2.29263624 -14.197081050000001 -4.636756 4.708106 3.053013
14360 2.97985617 4.72313241 -5.658231420000001 -4.409478 4.009094 2.105847
14380 -1.7884807200000001 -0.49023513 -2.6039860200000002 -2.362501 3.488963 1.201073
14400 -1.47667968 0.26150517 -3.5369955 0.25963800000000004 1.823496 -0.16075599999999998
14420 2.4807920400000003 1.4732363700000002 -0.76026519 3.409206 -1.92637 0.594576
14440 4.02468003 2.6551746 1.06338438 1.887556 -2.84649 2.1084110000000003
14460 1.9868193 5.060076480000001 -1.2359815200000002 0.444032 3.902888 1.016116
14480 1.51664562 12.877125930000002 3.2262441300000004 4.27809 -6.598525 0.338509
14500 0.46118772 28.66149441 5.1639643799999995 -6.503372 5.044814 0.6584770000000001
14520 -13.636645560000002 46.39257891 9.48772188 -2.052689 -2.370765 -0.485591
14540 -13.9860189 39.655983240000005 -1.8332339400000002 -5.376203 1.154514 -1.935126
14560 1.5703848 30.08084445 -14.95225485 -6.242346 0.121212 -0.39093
14580 4.82611779 24.215896710000003 -15.160776210000002 -7.2607149999999985 -1.38765 0.598404
14600 8.43795378 13.11138873 -3.8696035500000003 -6.59806 1.410984 2.912147
14620 7.49760642 -0.27422874 -2.95694982 -3.656743 3.787696 2.473516
14640 -1.83967911 -7.43204619 2.64230388 -2.12465 4.397547 0.220942
14660 2.80965267 -9.708662700000001 9.91253412 -3.3448830000000003 4.74431 -0.455664
14680 2.70307683 -12.781174320000002 15.14640456 -1.477992 -1.525772 -0.508297
14700 -0.6956074800000001 -11.853246420000001 18.479822940000002 0.468151 -2.550426 -0.366271
14720 2.11929354 -4.58241777 8.929228770000002 1.076065 2.89525 -0.091265
14740 2.2546126800000006 4.4683569 -0.8348113800000001 3.288221 3.397917 -0.640479
14760 0.96340086 11.50867017 -9.6192936 3.53334 1.55803 -0.28175900000000004
14780 -3.29225562 23.44110291 -21.154607730000002 2.923071 -0.41871 -0.122187
14800 7.00843077 5.8568741100000015 -6.68300364 3.347751 -2.477826 -0.771402
14820 1.20185253 -7.65717588 4.36387059 3.870481 -1.893492 -1.364568
14840 0.7369173900000001 13.96789983 26.14657338 5.5990910000000005 0.376661 -1.2774219999999998
14860 2.12018625 33.57622593 -16.58147022 6.327135 -2.612808 -1.033497
14880 3.63907836 14.98653099 2.7791239500000002 7.128056 -4.173719 -0.858192
14900 3.80957616 14.24408076 -6.14681847 5.1489910000000005 2.16368 -0.227453
14920 1.9464021 21.68435754 3.14046549 3.310861 -0.523145 0.615592
14940 -10.41609123 31.406195070000003 -8.5319532 2.9652 -4.956138 0.211865
14960 2.7255319200000003 36.4809375 -0.93600153 2.873529 -3.675987 -0.429212
14980 4.16284407 17.03442735 -7.548049440000001 2.459821 -4.397936 -1.212047
15000 -8.38631394 10.218203910000001 -13.97973069 0.484764 -5.818536 -0.685639
15020 -12.76785234 0.029783160000000003 -2.6836236 -2.487764 0.020644 2.584785
15040 -1.50721821 -4.75007067 3.3118658100000005 -4.727633 5.232495 3.861419
15060 7.028629560000001 1.29675447 -10.02075804 -4.09925 5.470385 2.4362220000000003
15080 6.10310511 3.58534899 -6.85319733 -0.968325 4.801856 0.67395
15100 2.8916838900000004 3.21740532 -3.6997041600000005 1.6856099999999998 -3.139768 -0.029068
15120 0.04011309 2.5456067100000004 -0.33470739 1.963574 -1.982886 0.530071
15140 -0.72225144 3.68893278 0.38140299 0.948987 -0.8814200000000001 1.149687
15160 -1.73204379 2.8972265400000006 1.5908877000000001 -2.874943 6.796582000000001 0.064144
15180 -4.68181269 2.33425026 -0.06316659000000001 6.150988 -6.617742999999999 -0.740107
15200 -1.1560496400000002 12.539573640000002 2.7707364000000005 -6.881392999999999 4.803179 1.20628
15220 -7.688312820000001 30.683041110000005 0.13337676 -3.601148 -2.18037 1.459264
15240 -9.24552279 44.826078869999996 -2.6334748800000005 -6.973012 3.817835 -0.053599
15260 -5.150936700000001 39.658828140000004 -4.5232929 -6.230272 2.371287 -1.7845540000000002
15280 5.0927143500000005 24.890540220000002 -13.588439220000001 -5.9234230000000005 -0.85244 1.990407
15300 7.006929840000001 17.40266532 -8.339010120000001 -7.601862 0.954338 2.89397
15320 14.188242240000001 12.62594088 -3.89684592 -3.81941 3.352367 1.19214
15340 4.11000741 3.82634145 0.88121268 -3.041873 5.401826 -0.512074
15360 0.51657498 -4.53317157 5.40855711 -3.621801 6.418351 -0.073047
15380 -5.057682840000001 -14.663360160000002 14.116697910000001 -1.7074049999999998 -1.4590040000000002 0.042286
15400 4.13784819 -21.95903754 16.876957230000002 1.14557 -6.396161 -0.398272
15420 5.906865870000001 -11.59534152 9.7171974 0.365796 0.649728 -0.028188
15440 -0.9512757000000001 1.59044625 -1.1829879 2.698222 3.925997 -0.587593
15460 -4.68346077 16.714091610000004 -15.93990603 3.403058 3.703585 -0.72339
15480 -5.62589766 18.950889330000003 -23.15864358 3.714803 1.624325 -0.234643
15500 -0.9575541000000001 -0.82043973 -3.25019034 3.310099 0.533017 -0.300165
15520 5.009329350000001 -9.62962353 8.123906250000001 3.800468 1.351412 -1.056226
15540 0.8147597400000001 12.86125335 30.54623085 5.147692 -2.692025 1.148221
15560 -10.57730877 44.10563247 -56.480702220000005 7.164992999999999 -5.579275 -0.510029
15580 13.037892209999999 20.63908242 17.91878904 9.695943 -10.702656 -2.84976
15600 2.1016257300000003 1.9696027500000002 -12.71216097 4.8434599999999985 4.832233 -1.036309
15620 7.2561627 18.94475808 8.434814580000001 3.312857 -1.09238 1.5061639999999998
15640 2.8865925000000003 30.50701047 -5.72543973 2.862015 -3.309267 0.844626
15660 -6.71174694 36.430347330000004 -8.322696089999999 2.476559 -2.201607 -0.361235
15680 1.1047041 20.24225811 -6.1052044500000004 1.6785560000000002 -3.211631 -0.432813
15700 -9.52993431 8.21027349 -11.406734460000001 1.240393 -4.290543 -0.638521
15720 -12.14648694 0.86685084 -1.9094282100000002 -1.12464 -1.36902 1.274697
15740 1.90194318 -1.9248495300000001 6.6780594 -3.904976 3.086924 2.643596
15760 6.131397150000001 1.1337417 -2.1761719200000007 -4.522113 4.014246 2.247127
15780 5.42411577 6.570433889999999 -7.61466915 -3.557731 2.905254 1.156084
15800 -0.50939406 3.40062669 -4.7171385 -0.391706 3.615376 -0.15051099999999998
15820 -2.92596984 1.61828703 -4.31177949 2.160133 -0.667729 -0.589738
15840 -0.24533829000000001 0.45984375 -0.18666468 3.386975 -2.652489 0.780154
15860 2.1038722200000004 4.6370594700000005 -1.2608302500000002 2.702768 -4.301737 0.624732
15880 1.9863680400000001 3.3392553300000003 1.9197581400000001 -2.036321 4.077898 0.427067
15900 1.45063413 14.0466447 6.1194289500000005 -2.839234 3.256721 1.882771
15920 -3.17714508 36.00612369 7.59910068 -3.3356510000000004 -2.348557 0.133534
15940 -15.619717440000002 47.85937992 13.022922150000001 -4.89201 1.872474 -0.2171
15960 -15.014381580000002 29.972473380000004 -4.57119513 -5.764372 2.746982 -1.569205
15980 5.570667360000001 32.75533494 -14.53327956 -6.4380760000000015 -0.531361 0.732308
16000 7.6631599800000005 28.234886940000003 -17.97641298 -8.59042 -0.313319 2.946374
16020 8.79406659 16.25859369 -1.77829794 -5.20066 0.98863 1.82859
16040 5.970787830000001 0.53558676 1.9489428900000003 -2.039862 3.369918 -0.20871
16060 1.08928278 -6.95977317 2.34217674 -3.189064 6.994286 -0.352773
16080 1.2460073400000002 -13.02486453 5.87572893 -2.4850380000000003 5.17807 -0.716201
16100 -1.70764632 -12.943137420000001 12.278215620000001 1.624952 -5.042097 -0.30586
16120 1.2488522400000002 -10.532545740000002 16.41307176 0.942941 -2.310254 -0.366467
16140 1.5721800300000002 -8.205937470000002 11.2733577 2.658944 2.229685 -0.189383
16160 3.4757712900000004 2.3564012400000003 1.6290584099999998 3.64567 3.1199 -0.6889
16180 1.50766947 10.798995150000001 -5.259160620000001 3.396602 2.66783 0.157039
16200 -6.3994946399999995 23.93193645 -16.035102270000003 3.233841 1.052611 0.097083
16220 -2.18695311 10.53404667 -13.71193731 3.868074 0.607138 -0.937296
16240 3.4905942000000003 -6.586453620000001 -5.166809280000001 4.308287 -1.6891349999999998 0.428568
16260 0.37781253 17.931365460000002 20.280575970000005 6.605936 -5.7947370000000005 -0.489088
16280 8.69452452 30.00809349 -9.87392196 9.53114 -9.094378 -1.837093
16300 6.59423295 7.63397523 7.13565666 5.013964 2.572616 -0.8762629999999999
16320 3.1406224500000004 5.928575400000001 0.17798283 3.14777 -0.221126 0.8864620000000001
16340 6.21373248 24.250771260000004 3.28431933 3.032736 -4.986527 0.825535
16360 -5.483093490000001 34.99542882000001 -7.4106407700000005 2.5399700000000003 -3.282139 -0.596553
16380 -3.3027327000000004 39.74714757 -10.841354729999999 1.261676 -3.174083 -0.935701
16400 -2.7140051700000005 20.68682769 -8.92174374 0.144442 -3.633606 -0.403464
16420 -15.994086659999999 7.894283580000001 -12.27926529 -1.0701120000000002 -1.295787 1.561267
16440 -11.27410326 -2.7556191899999996 -3.7546401600000006 -2.841413 4.310155 2.71355
16460 3.7642245300000003 -1.5070612500000002 11.080257660000001 -3.937213 6.011662 2.5328
16480 8.27224326 1.6946284500000002 -15.770457900000002 -3.22703 5.211947 1.57525
16500 3.4756241400000003 4.950057330000001 -2.6014354200000005 -1.089304 3.5396339999999995 0.214318
16520 0.26629245 -0.24533829000000001 -4.13155998 1.588352 -1.960184 0.24007
16540 -1.30723155 0.35985042 -1.4711370300000002 2.488175 -1.727049 1.097429
16560 1.9233486000000002 1.96481547 -0.10717425000000001 1.354694 -2.149598 1.721372
16580 3.4251811200000004 3.5242719300000007 1.02716586 -0.927378 2.092737 1.201136
16600 1.23493185 6.89675373 1.37848158 -2.547484 4.805479 -0.725774
16620 0.76221738 23.00536233 4.50293715 -4.0700059999999985 4.4065970000000005 1.507368
16640 -10.66741362 39.306609900000005 8.92654083 -7.534383999999998 2.734755 0.090214
16660 -16.00367103 39.54117681000001 3.74162229 -3.252135 2.544792 -1.93489
16680 -2.891988 34.79080203 -9.139545360000001 -5.755909 -1.054848 -1.079302
16700 7.99891704 28.3221567 -16.43732208 -6.224376 -6.181165 0.708994
16720 6.14667132 22.826329830000002 -10.80961938 -7.138061 -1.358918 1.829816
16740 11.680659090000002 11.73289734 -2.47540635 -4.821065 5.47701 1.14076
16760 2.56387293 -1.99296036 -0.77613777 -1.941001 6.701617999999999 0.358141
16780 -6.312519180000001 -10.669964219999999 4.436170290000001 -2.412681 5.4302769999999985 -0.18084
16800 0.87373746 -13.18428684 13.359866219999999 -0.394586 -4.367857 -0.133891
16820 4.77386973 -11.705213520000001 14.75811495 1.606133 -5.95668 0.120333
16840 1.03120758 -8.573567220000001 12.46188825 0.627365 -1.060376 0.361459
16860 1.6266647700000003 0.00179523 3.4230817800000004 2.749268 2.300135 -0.037155
16880 0.53903007 7.33714425 -5.451515100000001 2.837273 3.805938 -0.787293
16900 -3.93546789 14.348861370000002 -15.089369220000002 2.708844 2.850715 -0.22615
16920 -0.6767428500000001 17.75113614 -15.95366946 2.877775 0.33144 -0.929973
16940 2.66566149 -3.60271269 -5.44103802 3.4521300000000004 0.188662 -1.153309
16960 6.1270611299999995 -11.213330310000002 5.37262308 5.229757 -2.635745 -0.20792
16980 4.73944644 -4.0263281100000015 20.868557940000006 8.311035 -4.792654 -2.145957
17000 -5.05423953 24.910150410000004 11.366464410000003 6.685393 -4.748657 -2.41481
17020 18.62067492 36.36328617 33.76378332 3.483006 4.026852 -0.382483
17040 -0.6524925300000001 20.39418558 -24.395066550000003 2.621203 -0.4426350000000001 0.793337
17060 6.872209110000001 22.173543000000002 13.489799670000002 2.676082 -2.585934 0.204672
17080 -14.65781751 23.58885132 -5.26470327 2.04412 -2.23543 -0.319347
17100 0.9090632700000001 29.11984704 -1.6536128400000003 1.871248 -3.3475269999999995 -0.714372
17120 2.84693067 19.626582510000002 -7.35884397 1.349537 -4.185706 -0.842992
17140 0.029341710000000003 13.1443209 -13.961621430000001 -0.824008 -1.514675 0.94263
17160 -8.26461108 5.71271616 -3.63938247 -3.2616 3.301172 2.852914
17180 -5.864957550000001 -0.6562399500000001 4.70845665 -4.104837 4.601871 3.051524
17200 5.504057459999999 0.64515465 -9.05242275 -2.71497 2.926768 1.438613
17220 6.96096999 3.2811801300000005 0.25088094 1.061018 2.0384580000000003 0.265445
17240 2.9585979000000004 0.12798126 -8.15609286 3.666791 -1.870725 0.308952
17260 -3.2060355300000003 0.21780162 -1.19840922 1.663555 -3.083445 1.620041
17280 -2.97551034 2.48572647 1.3850739 -1.3940290000000002 6.098995 0.07004099999999999
17300 -1.1479662000000002 1.7756100000000004 -0.28006569000000003 4.4923660000000005 -6.867011 -0.370018
17320 -0.68452218 4.6783693799999995 0.56297628 -7.3327490000000015 2.846325 2.114692
17340 -2.2558095 21.366572400000003 6.02632224 -3.142544 -0.594029 0.227706
17360 -8.072266410000001 32.679739080000004 5.94802863 -5.674765 2.984325 -1.327465
17380 -11.59697979 36.55593495 5.80701969 -6.0841910000000015 -1.279198 -0.900778
17400 -4.058210610000001 30.73318983 -7.17712353 -6.907222999999999 -2.846027 2.158073
17420 6.79721166 25.384512960000002 -16.57922373 -6.503382 1.057314 3.095928
17440 4.846767840000001 21.929842980000004 -8.08408746 -3.272314 4.154187 1.3338020000000002
17460 6.99195978 9.29312091 -0.6765957 -2.888399 5.924009 -0.42835
17480 3.20154255 1.3651596 0.43229727000000007 -2.709043 5.097297 -0.56918
17500 2.48902263 -2.77687746 4.22392113 0.482823 -3.736371 -0.305897
17520 1.79761383 -8.54782578 7.94248011 0.746203 -3.154078 -0.164866
17540 -2.3905302300000004 -13.39504488 12.08197638 1.003177 2.137128 0.415534
17560 0.32976315 -10.52970084 12.20022612 2.603646 2.604245 -0.569468
17580 4.4424585 -5.20527429 4.876109550000001 3.292682 1.684365 -0.4972470000000001
17600 2.37675699 3.3908951700000003 -3.38835438 3.184684 1.05271 0.1149
17620 -1.91361708 13.258381770000002 -15.23007405 3.383519 -0.47716 -0.5557989999999999
17640 -2.0240874900000003 17.71206291 -19.068697620000002 4.618315 0.990606 -1.312833
17660 2.5595271 -6.81892119 -2.08545885 6.605898 0.7149439999999999 0.097569
17680 2.68436916 -0.8619066000000001 18.83773098 6.595397 -5.692728 -0.415585
17700 -15.559690050000002 39.30990606 -37.84160412 5.9053309999999986 -4.094423 -1.246053
17720 22.46932431 17.9482779 29.240794530000002 3.733323 2.727827 0.31207
17740 1.91661894 12.12149106 -5.92932096 2.431572 -2.982262 1.7577349999999998
17760 8.10340335 17.73781416 9.12502656 2.408644 -3.766948 0.608105
17780 -1.2612815099999999 23.482569780000002 -5.104829700000001 2.5420130000000003 -3.429489 -0.247041
17800 -7.61915232 42.02360712 -3.87050607 2.395153 -4.240207 -0.907189
17820 3.3298279200000005 27.732683610000002 -7.96284567 0.516027 -3.201514 0.441405
17840 -9.098676900000001 6.818774040000001 -11.013500610000001 -2.309164 1.416035 2.460331
17860 -14.35080375 -0.62046288 -1.5066198 -3.989211 4.556314 3.154939
17880 -1.01728719 -3.62651175 7.88081445 -3.870887 5.241411 1.957411
17900 6.090087240000001 -0.43110045 -8.64662229 -1.584629 5.028078 0.579624
17920 4.649478930000001 5.8466913300000005 -4.23588933 1.183033 -0.519996 -0.7228020000000001
17940 -0.63842499 2.55055095 -3.5685837 3.4321 -2.708597 0.6534220000000001
17960 -3.9311220600000003 1.1148770700000001 -4.0257297 1.3985299999999998 -0.785871 1.639814
17980 -0.8577177300000002 0.85008555 -0.85606965 -1.10866 4.139548 -0.342061
18000 1.9380243600000002 2.18455947 1.0734200100000002 3.329479 -7.410322 -0.688297
18020 0.48603645 4.79692323 1.3446567 -7.756191 5.748433 2.14113
18040 0.90846486 11.59878483 4.94003151 -3.681236 0.448517 -1.610461
18060 -1.2304388700000002 34.73766126 6.9269979600000005 -4.841478 3.048833 -2.462589
18080 -17.721500130000003 55.43481888000001 5.21545707 -5.48235 -3.416847 -0.4473180000000001
18100 -13.56255063 30.970150380000003 -2.22093495 -6.699813000000002 -4.1215769999999985 1.018159
18120 9.02832939 28.815972480000003 -12.44736945 -6.6641309999999985 1.26051 2.504886
18140 9.56451456 28.66598739 -13.900544370000002 -3.066102 4.595853 0.994982
18160 10.68852474 17.18845416 -0.51418134 -2.182704 5.5540379999999985 -0.42722
18180 3.81660993 0.6854247 2.09788812 -2.711873 3.914212000000001 -0.409586
18200 -0.70264125 -6.29186913 6.245762129999999 0.610751 -4.604367 -0.201342
18220 0.50100651 -12.14200377 10.37851893 0.98257 -3.924229 -0.114158
18240 1.72785492 -12.17013885 13.06767537 0.873914 2.459752 0.299918
18260 -0.9948321 -9.159008400000001 12.784166370000001 2.415657 3.593124 -0.482318
18280 2.44995921 -7.013963610000001 6.04189071 3.071726 2.054045 -0.57938
18300 1.0159334100000001 0.9096616800000001 -3.0826944000000003 2.9499720000000003 0.327911 -0.377193
18320 -0.5975565300000001 14.606471970000003 -16.974547110000003 2.453791 -1.134184 -0.8776450000000001
18340 -1.69522686 25.14515877 -21.68675118 3.061036 -0.217735 -0.949353
18360 3.70300032 -3.94384563 0.95531742 5.158582 -0.236107 0.226479
18380 1.3301379000000002 -14.237645400000002 7.2353556900000005 4.666821 -1.138089 -0.222317
18400 -2.7361561500000002 21.237531660000002 25.39723653 8.314789 -4.478225 -2.192267
18420 9.55732383 34.59006981 -10.429266060000002 4.928138 -0.646565 -1.620492
18440 9.24403167 19.245777930000003 7.45749333 2.0440080000000003 0.8969600000000001 1.423181
18460 2.19159324 14.89941819 -6.1170255000000004 2.429265 -3.3261730000000003 1.450512
18480 -7.134763950000001 20.910466260000003 5.64041646 2.330242 -2.913576 0.388547
18500 -6.77147022 35.4630519 -6.54065073 1.967735 -2.485068 -0.428519
18520 4.976102879999999 28.343110860000003 -1.14153084 1.477487 -3.207348 -0.79635
18540 3.31021773 13.43515797 -12.46757805 -0.224944 -2.448569 0.601907
18560 -10.322082 5.121447840000001 -9.2227734 -2.406231 1.04833 2.32446
18580 -5.47605972 0.06481466999999999 2.2975706700000007 -3.693034 3.450844 3.0932630000000003
18600 2.69230545 -1.4368608900000002 2.2412907 -3.5419620000000003 2.699592 1.956556
18620 6.40562589 4.392319590000001 -8.9165052 -1.008344 3.136388 0.552959
18640 3.92767875 3.86001918 -5.29763544 1.629425 -0.267471 -0.324766
18660 -1.09991682 -1.2940567200000002 -0.49307022000000006 2.946781 -1.413038 0.495616
18680 -2.8599485400000004 0.28006569000000003 -0.39383226000000005 1.344337 -0.743374 0.917263
18700 -2.04055848 3.1611253500000003 0.60489441 -0.588113 2.238162 -0.559247
18720 -2.30086683 3.13313742 0.44592336000000005 -0.689823 2.165343 2.54973
18740 -0.8298769500000001 4.5873620100000005 2.1784184100000004 -7.301663 2.955195 1.236691
18760 -0.8978308200000001 25.754242050000002 6.489452340000001 -0.756159 -3.4371 -1.60962
18780 -5.461246620000001 32.95336941 6.527780010000001 -5.1853669999999985 3.215231 -2.218445
18800 -16.78026006 36.09997596 6.83508807 -5.985382 -1.154383 0.033378
18820 -7.661521710000001 28.727662860000006 -0.9093575700000001 -6.390236 -2.357201 2.276426
18840 7.83994599 25.02495684 -14.626533420000001 -5.765143 2.445028 3.073669
18860 9.5002983 24.646850009999998 -14.934891150000002 -3.277913 2.5152650000000003 0.938485
18880 7.672293090000001 16.2942138 0.08726976 -2.555079 2.999375 -0.6038720000000001
18900 2.50953534 3.2668084800000003 2.98464345 -2.364073 5.293554 -0.929149
18920 -1.21427199 -6.4273354199999995 4.86338598 -2.563311 1.840651 -0.404823
18940 0.28590264 -12.545861850000001 6.439460580000001 0.877901 -4.657637 0.36675
18960 1.2530411099999998 -11.61943488 9.99262296 0.568576 -0.204476 0.291585
18980 -0.75098493 -9.38428524 12.035869380000001 1.826069 2.477777 -0.503166
19000 0.22378572 -5.952217500000001 6.24366279 3.0871470000000003 3.336414 -1.069093
19020 2.8270163700000004 1.48476312 -0.98988786 3.33427 2.053213 -0.59891
19040 -0.5890218299999999 7.722441810000001 -8.83432683 3.264028 -0.410011 -0.727635
19060 -2.93389632 19.12348647 -19.874471400000004 2.966693 0.386631 -0.956128
19080 0.56477151 2.4179197500000003 -5.87213847 5.302125 0.69716 0.08100800000000001
19100 -1.44898605 -10.070455500000001 0.64156419 3.581802 0.212723 0.174298
19120 -2.97656001 21.267177480000004 18.478027710000003 7.297036 -4.7656519999999984 -0.8284790000000001
19140 9.62304102 40.0008636 -8.78298129 5.651579 -3.382113 -2.000766
19160 9.13684761 17.171237610000002 9.72932256 2.2148380000000003 2.240962 0.837266
19180 -0.27932013 5.68487538 -8.93342745 2.003539 -2.074023 2.238554
19200 1.7691746400000001 18.2084391 13.77780165 2.438927 -3.347482 1.177142
19220 -7.51676535 35.33746428 -10.061175240000003 2.284772 -3.725675 -0.280505
19240 2.27077956 40.39978725 -5.103632879999999 1.701732 -3.738342 -1.134866
19260 2.33200377 13.36689999 -8.1152244 -1.205494 -2.690435 0.132828
19280 -15.182328779999999 4.35803364 -11.51555679 -3.820442 0.631502 2.028832
19300 -10.68567984 -4.76788563 -2.27063241 -3.714865 2.813035 3.039448
19320 2.7791239500000002 -0.10912644 6.72356799 -3.642873 2.932697 2.091217
19340 5.6815890300000005 2.66700546 4.217780070000001 -0.24563 2.91412 0.5970270000000001
19360 5.58189 5.02924365 -12.337791750000001 3.467332 1.165921 -0.468657
19380 -0.90127413 3.83981058 -4.14937494 4.580087000000002 -5.312109 0.186214
19400 -5.385199500000001 -0.24204213000000002 -3.70914138 1.156715 -1.695558 1.834776
19420 -1.50856218 -0.36374499000000005 0.9698362200000001 -0.961313 3.783704 -0.725136
19440 0.7318260000000001 2.14369101 0.8041257 7.115166 -9.961279 -3.793817
19460 -0.53783325 5.35092336 -1.46694816 -7.601235000000001 5.085026 3.804148000000001
19480 1.25723979 11.48127084 4.10057019 -3.256321 -0.885805 0.564843
19500 0.021258270000000003 28.02562002 6.588396 -1.9380580000000005 1.29486 -1.9177
19520 -9.26887059 41.35554612000001 6.49439658 -5.235268 0.6625770000000001 -0.781968
19540 -14.49286236 28.483668540000004 -0.5117877000000001 -6.427571 -1.541917 1.423748
19560 0.029341710000000003 24.76360863 -6.99495183 -5.780682 0.902282 2.611929
19580 8.07495435 22.872583979999998 -17.20597482 -4.5268440000000005 1.538664 2.487412
19600 7.592508360000001 24.35061744 -8.964407430000001 -3.181252 2.953369 0.519856
19620 6.440206139999999 14.09843169 -1.10709774 -2.1417 5.139564 -0.708413
19640 1.15949295 0.004492980000000001 2.3852916900000003 -2.83005 3.49066 -0.414142
19660 -1.09527669 -8.619075810000002 4.8559009500000005 0.177955 -4.0319410000000016 -0.18587
19680 1.5819115499999998 -18.3994398 7.756865100000001 1.08223 -3.103511 -0.580259
19700 2.03082696 -12.548255490000003 14.634469710000001 0.797391 2.822707 -0.355902
19720 1.80330363 -6.31207773 11.48023098 2.633896 3.3624400000000003 -1.323325
19740 3.8444507100000003 1.19121849 2.5848270899999997 2.889169 3.718524 -0.550742
19760 1.38387708 9.69862707 -5.503900500000001 2.9241080000000004 0.515349 -0.60835
19780 -5.0871717 21.22870266 -15.866252550000002 2.836733 0.768161 -0.61783
19800 -5.354817929999999 18.91690749 -24.923168280000002 4.825758 2.091216 1.122751
19820 5.169350070000001 -8.4331665 6.44499342 3.793355000000001 2.664432 0.661879
19840 1.90373841 -23.87355714 9.829610190000002 5.974337 -3.547272 -0.141731
19860 -2.8630975500000004 21.761895780000003 28.513902960000003 5.509653 -8.143372 -2.008475
19880 5.99188914 60.846515190000005 -0.7553307600000001 3.1557060000000003 0.903056 0.002726
19900 11.220668190000001 19.12512474 4.60846332 1.018255 0.230825 1.331412
19920 2.79364275 6.6882421800000005 -6.68389635 1.638837 -2.665811 1.364028
19940 -2.44262133 16.60990941 7.10602065 2.19962 -2.582501 0.8241129999999999
19960 -12.099634380000001 31.36442409 -11.302101 1.770874 -1.942814 0.000972
19980 5.93650188 32.00554683 -2.03456457 0.985021 -2.48918 -0.412946
20000 5.895044820000001 16.28119593 -12.001593240000002 -1.549486 -1.946834 1.219059
20020 -10.223442450000002 4.51685754 -6.474639240000001 -3.046828 1.837405 3.218417
20040 -11.30763384 -2.2441356 0.86070978 -3.253152 3.910924 3.008152
20060 0.053592030000000006 0.10912644 6.670280070000001 -1.580318 3.507603 1.1894209999999998
20080 3.7330875900000002 0.59695812 -3.68174205 2.130906 1.558281 0.07164
20100 0.90007731 5.944585320000001 -7.912991250000001 3.999858 -5.26433 0.195987
20120 -3.5997108300000003 1.63190331 -3.8752933500000006 2.477543 -4.343386 0.8454020000000001
20140 -3.68563662 1.00186587 -3.2885082000000003 -0.058166 -1.256165 1.963527
20160 -0.28755072000000004 0.7438040100000001 1.3765392 -4.164931 7.524013 -0.37736
20180 1.5314685300000002 3.66363279 1.6443325800000002 10.468134 -15.759298 -5.9677760000000015
20200 0.6474011400000002 6.901246710000001 0.7445495700000001 -7.799016 6.627503999999999 4.251579
20220 3.1169705400000005 24.342534 8.799305129999999 -4.323855 -0.7938470000000001 2.46725
20240 -3.5199261 32.95786239 13.25224071 -0.50893 -1.305519 -1.548667
20260 -22.308263730000004 30.891258360000002 3.83741694 -5.898605 2.88471 -0.997753
20280 -14.041847610000001 25.115071500000003 -1.9396626300000002 -6.5921460000000005 0.23461 1.122288
20300 5.2608087 24.90596154 -8.37777924 -5.201653 2.6448970000000003 1.090456
20320 11.27949876 25.69167387 -14.09364441 -3.18966 -0.903287 1.148581
20340 3.7444671900000004 19.23095502 -8.54527518 -1.469025 -0.14059100000000002 1.265376
20360 0.20656917 12.80482623 3.12385716 -1.904848 4.211972 -0.44706
20380 -1.66483548 2.91459024 3.5127451800000005 -1.031135 5.2807879999999985 -1.023439
20400 -0.8900514900000001 -5.895643230000001 1.88802279 -1.633446 2.2761560000000003 -0.097648
20420 0.9196875 -14.32326708 4.177666980000001 -0.164162 -3.992866 0.727156
20440 0.6704546400000001 -15.465543480000001 10.02720321 0.888759 -0.184264 0.287387
20460 2.3309541 -7.494918480000001 12.135715560000001 1.292258 3.434613 -0.893749
20480 6.04068408 2.15327538 2.75576634 3.067428 3.023979 -1.506802
20500 -0.73033488 11.34131157 -8.71712676 3.02997 3.160765 -1.582014
20520 -2.6201529 19.05642531 -17.22288726 3.532806 4.172137 -1.591548
20540 -3.1560339600000002 7.69833864 -19.86114942 4.08242 2.16609 0.8920680000000001
20560 3.6287582400000002 -8.60336019 4.710703140000001 3.476993 -1.990815 0.401784
20580 3.7968525900000003 -24.37411239 12.202923870000001 5.1898050000000016 -7.297508 -1.20849
20600 2.4267487500000002 5.92258149 27.90841014 3.886669 -2.54473 -1.821887
20620 -6.75111447 73.82333034 -57.2750964 1.896149 3.1243380000000003 -0.016396
20640 20.587736879999998 27.179880300000004 25.81247421 1.583166 -0.611716 1.085405
20660 -1.2805875900000003 -1.8532953900000002 -18.92170458 1.941518 -2.130712 1.019352
20680 -3.42757476 7.56347076 13.01752665 1.780464 -1.7685259999999998 0.894918
20700 -5.66975817 18.60795135 1.6949227500000001 1.333308 -0.708862 0.5550149999999999
20720 0.71790561 31.021044660000005 -1.0844955 0.610348 -0.939315 0.471212
20740 7.88320809 26.720634959999998 4.2330444300000005 -1.063765 -0.738205 1.179242
20760 3.59267706 14.65047963 -13.17305439 -2.732211 0.79123 2.432539
20780 -11.427090210000001 5.146747830000001 -5.81435757 -2.928767 1.844723 2.352904
20800 -10.33824888 -3.3389610300000006 -0.38200140000000005 -1.261188 1.7259490000000002 1.041177
20820 0.22768029 0.40925358 4.010308380000001 1.872084 0.710246 0.314473
20840 3.24420624 3.4148511900000003 -1.57876254 3.942317 -3.07821 0.4683850000000001
20860 5.290003260000001 3.7456640100000005 -11.745777870000001 0.892367 -1.07948 1.444375
20880 2.74619178 3.10185333 -0.23395869 0.41917 1.320857 -0.075677
20900 -2.6626596300000003 2.39382639 -1.98067824 0.4813060000000001 -3.217638 -1.354498
20920 -7.65253575 0.7188081300000001 -1.57143447 -3.129551 4.62906 2.334047
20940 -4.52119356 2.5692586200000003 2.8487259 -2.987722 1.5254 -0.054871
20960 0.8792703000000001 16.565754599999998 7.0162101 -0.5119130000000001 -0.715723 -1.720359
20980 2.08456614 29.59884972 8.91037395 -5.148452 1.873969 -0.368444
21000 -10.924131510000002 35.9862192 11.3860746 -4.70906 -0.557156 0.090667
21020 -12.178820700000001 22.57096572 -2.9294131500000002 -4.269951 -1.033023 0.430833
21040 -1.8263473200000002 22.463340210000002 -7.914492180000001 -5.262708 -0.5367 1.048173
21060 6.3381232800000005 23.20279839 -9.35614035 -3.607857 0.241294 0.8600459999999999
21080 4.20775425 20.35122759 -4.2430800600000005 -2.075786 2.510426 0.042104
21100 3.4233858900000005 13.720766310000002 1.7528508 -1.231926 2.932369 -0.7120479999999999
21120 0.051796800000000004 6.78703869 3.85164144 -1.319639 3.539146 -0.528636
21140 -1.4900016600000001 -2.2701811500000004 2.50339428 -1.302674 1.521102 0.091501
21160 -1.2593293200000002 -9.38443239 1.40347746 0.421285 -3.0016380000000003 0.356098
21180 -0.31913892 -13.667331240000001 3.0874816800000002 0.740466 1.217078 0.023909
21200 -0.40131729000000005 -8.85064086 3.6269532 1.340966 4.248639 -0.7085819999999999
21220 2.9425781700000004 -3.4458311700000004 2.27077956 2.5937240000000004 2.952519 -1.34124
21240 4.54514958 4.36297788 -3.28776264 2.821654 3.148513 -1.534315
21260 0.04371336 11.59563582 -10.79285409 3.629748 3.135426 0.5020359999999999
21280 -0.31569561 10.102494960000001 -14.96048544 3.0253650000000003 0.170739 0.4994770000000001
21300 0.18636057 -4.93029999 1.1946618 3.339663 -1.391775 0.698091
21320 -1.11532833 -4.322707830000001 5.73576966 4.900812 -5.007829 -1.324538
21340 -1.95582951 28.92464766 15.119613450000001 3.077569 -4.220238 -2.228112
21360 5.9954796 38.465216010000006 -5.05978218 2.100034 0.818929 -0.687134
21380 6.9271451100000005 13.662092700000002 4.388572170000001 1.485636 0.26915900000000004 0.398865
21400 -2.89213515 11.54952882 -5.393881350000001 1.80573 -0.998113 0.552276
21420 0.07229970000000002 17.26838604 4.465364850000001 1.79485 -0.704583 0.417228
21440 -4.4656591500000005 20.8029879 -2.0977409700000003 1.45348 -0.161303 0.715386
21460 2.7664003800000003 22.02849234 -2.11779261 0.754116 0.501311 0.7854949999999999
21480 3.49717671 16.69777758 1.31651181 0.12775799999999998 0.046328 0.823364
21500 0.13785993 11.24296632 -6.026165280000001 -0.304767 -2.0385720000000003 0.970429
21520 -6.4396077300000005 5.387750100000001 -7.71510393 -1.413025 -2.150784 1.753316
21540 -7.1172531 1.88697312 -3.63818565 -2.301109 -0.180687 2.155853
21560 0.14490351 2.2848471000000004 2.3444232300000003 -1.140057 1.7198919999999998 1.384931
21580 3.18133395 3.77544717 4.40908488 0.807668 2.276559 0.614816
21600 2.8081615500000003 2.4755535 -8.152943850000002 1.562227 -0.173637 0.242939
21620 0.25057683000000003 2.6467968600000003 -4.84497261 1.364738 -0.268544 0.172247
21640 -1.5736809600000001 1.4636520000000002 -0.28590264 2.351917 3.783916000000001 -1.784102
21660 -3.95073225 1.5441921 -3.0605336100000002 3.244858 -4.241358 -0.291298
21680 -2.5554853800000004 2.26927863 0.93150855 -2.834094 0.334336 0.8973780000000001
21700 0.46702467 19.46911239 7.12952541 0.180816 -2.61742 0.118917
21720 6.7479654600000005 26.416466100000005 7.352408610000001 -2.91779 3.271545 0.377078
21740 -5.819596110000001 28.566298170000003 12.115359810000001 -3.282983 -0.015381 -0.233352
21760 -13.105846080000001 16.53177276 -8.0543043 -3.193159 -1.579292 0.7744770000000001
21780 -5.351521770000001 19.38992607 -3.4501770000000005 -4.3596650000000015 -2.44072 1.4233209999999998
21800 -0.1761876 20.34194733 -6.71682852 -4.19736 -0.824002 1.109394
21820 1.6643842199999999 21.989870370000002 -6.720271830000001 -3.530982 1.456335 0.636836
21840 0.61446897 17.88615117 -0.96414642 -3.090406 3.04953 0.10376
21860 1.1891289600000001 11.06423793 2.2716722700000003 -1.746314 3.070784 -0.78098
21880 -1.40512554 5.516182620000001 1.04438241 -1.15936 2.706139 -0.943055
21900 -2.3740592400000002 2.13411645 0.45714600000000005 -1.456422 3.651047 0.11013
21920 -1.1596401 -1.57382811 -0.8491830300000001 -0.036484 2.055402 0.44256
21940 0.11436498 -6.44859369 -0.7863107400000001 0.8712290000000001 -0.387265 0.186043
21960 1.12700223 -9.853860509999999 1.36037232 1.909195 -0.654321 -0.528482
21980 2.11494771 -7.03417221 3.2488463700000003 2.899768 -1.434078 -1.65822
22000 3.7350299700000003 -1.21546881 1.21068153 3.075319 -0.357795 -1.898723
22020 2.2459308300000003 2.08755819 -4.92056847 3.711145 0.086863 -0.962294
22040 0.29443734 6.35937174 -9.83858634 4.928646 -2.305603 -1.254099
22060 -1.9910081700000002 4.19262723 -4.35219669 6.494996 -1.218505 -1.14307
22080 -3.9986344800000007 3.77305353 2.0270893500000002 4.658075 -0.579018 -1.761334
22100 -5.44792464 33.281494290000005 -2.55084525 3.591492 -1.122083 -1.426257
22120 2.35295793 23.76517626 5.68517949 2.752276 -1.743909 -0.241323
22140 0.65698551 3.52173114 -4.619097360000001 2.265968 -1.006148 -0.4999020000000001
22160 8.342002169999999 9.49535406 2.04953463 2.228229 -2.273726 -0.492132
22180 6.90753492 14.778166590000001 3.62321559 1.170252 -2.056236 0.114427
22200 1.97079957 21.21148611 -9.08865108 0.158557 -1.212989 0.304969
22220 -1.05410412 21.61789479 -3.11292882 0.023252 -1.1508120000000002 0.32424000000000003
22240 -0.40625172 15.86940156 -5.291200080000001 -0.235944 -1.458285 0.7169979999999999
22260 -1.11742767 12.362640480000001 -4.23260298 -0.822975 -0.8571049999999999 1.134074
22280 -3.5841423600000004 10.294986780000002 -5.85028179 -1.519926 1.166473 1.316757
22300 -5.8853133 9.008120790000001 -4.65591429 -1.694984 2.048261 1.267402
22320 -5.71496265 5.18791059 -3.3926904000000007 -1.64557 1.733381 1.114327
22340 -0.14699304000000002 4.577934600000001 -2.4920146800000005 -1.62764 0.356496 0.96987
22360 3.5708203800000002 1.5819115499999998 0.7807779 -1.238762 -0.901125 0.781918
22380 3.00231126 0.42855966000000006 -1.60571061 -0.497628 -1.295525 0.4682020000000001
22400 1.85927949 2.8856997900000003 -0.9879454800000002 0.16922 -1.199238 0.319981
22420 -0.99258561 3.4027260300000006 0.27377748 0.77815 -1.176124 0.405389
22440 -3.93845994 3.2430094200000004 -0.8617594500000001 1.392457 -1.610065 0.498899
22460 -5.2693433999999995 13.861176840000002 2.57748921 3.929943 0.183573 -1.360405
22480 -3.55570317 26.120684790000002 2.0389104000000002 4.88659 -5.714069 -0.523634
22500 -0.01197801 32.67360783 0.1963962 -4.971755 1.168842 2.11731
22520 -3.6558436500000004 23.753355210000002 -0.30716091 4.1717260000000005 -9.630621 -1.351481
22540 -7.405098120000001 20.140322400000002 -5.29673292 -3.637306 3.806281 1.008028
22560 -0.55070397 20.133877230000003 -10.681932419999999 -3.292192 4.217206 1.309014
22580 6.2035497 27.18930771 -12.05293878 -2.305581 0.089375 1.7570290000000002
22600 3.51379485 20.751642359999998 -5.17339179 -0.191922 -5.394345 1.709386
22620 -2.30116113 12.18780666 -6.07466592 -0.24120500000000006 -4.179944 2.021543
22640 -4.92894621 4.856352210000001 -6.78733299 0.439073 0.100117 0.688737
22660 -1.3763920500000002 -2.9207214900000005 -3.29405085 0.204157 2.874377 -0.774582
22680 0.14385383999999998 -7.01695566 0.14699304000000002 -0.5725720000000001 3.91533 -0.6787920000000001
22700 1.7275606200000002 -4.3304969700000004 2.2439884500000002 -0.113057 -0.233107 -0.481191
22720 0.23755896 -2.3224194000000002 3.8142162900000005 0.348573 -2.054927 -0.565362
22740 -1.6154421300000001 -2.70711855 3.62127321 0.804597 -0.219638 -1.44688
22760 -2.43274266 -1.8013514400000001 0.12649014 2.07957 -0.723762 -1.956484
22780 -2.6896077000000003 -0.5225590800000001 -1.32863697 2.299269 -1.206401 -2.661494
22800 -0.8631034200000001 -0.08262963000000001 -1.7871367500000002 3.144404 -1.624998 -2.875108
22820 1.46694816 0.9725241600000001 -1.49614272 4.117599 0.293569 -2.654988
22840 2.3743633500000003 2.8538172900000003 -1.0666805400000001 2.054598 0.229671 -1.139623
22860 1.4852143800000002 4.32210942 -0.67898934 -0.481386 1.939792 -0.628622
22880 0.39517623 4.1195819700000005 -1.1166821100000002 -0.787138 1.853405 -0.339022
22900 0.20492109000000003 1.85838678 -1.4144058000000002 -1.11925 1.246872 0.312119
22920 -7.012766790000001 9.21333618 -7.86254823 -1.739116 1.21741 0.757548
22940 -32.487541560000004 77.83484535000001 -43.58695815 -2.495444 1.412381 1.405767
22960 26.054074890000003 12.282257340000001 42.415497 -3.0564880000000003 1.590798 2.028666
22980 -2.37316653 -21.71818242 -22.181626440000002 -2.87727 1.571061 2.01392
23000 15.97507488 13.221260730000001 -7.5199143600000005 -1.081781 0.385023 1.087946
23020 3.1382288100000006 20.453614560000002 -4.80500667 1.542253 0.759944 0.160418
23040 -1.4534790300000002 27.80018622 -2.7780742800000002 2.905614 -0.583233 0.276348
23060 -3.58834104 31.08974409 -7.7585131800000005 2.969456 -2.966593 0.30548600000000004
23080 -4.12287813 14.38598241 -6.9177177 1.19101 -5.1229879999999985 -0.213715
23100 -7.41393693 4.21403265 -3.61723149 -0.257103 -3.728163 -0.65077
23120 -9.06530328 1.2633710399999998 0.47930679000000004 -0.64825 1.780729 -0.93189
23140 -6.501881610000001 -4.42375083 2.05672536 4.064451 -7.389335000000001 -2.309024
23160 -2.05417476 -4.73929929 -2.21733468 -1.739351 2.284352 1.405659
23180 -0.15328125 0.29623257000000003 -0.6195603599999999 -1.901939 2.596149 1.096475
23200 -1.21546881 5.7372705900000005 4.1713787700000005 0.8224540000000001 -3.2998769999999995 0.531266
23220 -2.80681758 6.236030610000001 1.49598576 -1.89628 2.249797 1.391788
23240 -2.59559847 5.07115197 0.9746235 -2.399706 3.288901 1.44676
23260 -1.4238430200000003 6.61474566 0.6598304100000001 -1.504476 1.650369 0.972277
23280 -4.75501491 16.893124110000002 1.1289544200000001 -1.592236 1.277173 1.13558
23300 -4.23679185 23.71578291 -5.119201350000001 -1.820467 0.5071260000000001 1.296274
23320 -1.88653167 16.13075958 -14.14872756 -2.063831 0.061406 1.349625
23340 -3.4608012300000004 7.629786360000001 -5.10977394 -2.338559 0.191213 1.360358
23360 -4.072131000000001 4.38527601 -3.9463962300000004 -2.266058 0.283117 1.225083
23380 -3.4227776700000003 4.87730637 -5.00305095 -1.83969 0.968276 0.809508
23400 -4.613554710000001 6.05640951 -6.724470510000001 -1.62826 1.270937 0.595884
23420 -5.50779507 5.42441988 -7.76345742 -1.555169 0.935999 0.37677
23440 -4.1794622100000005 5.570814510000001 -8.01927279 -1.506729 0.365613 0.184492
23460 -3.03075045 9.44805024 -6.73898931 -1.2624879999999998 -0.60993 0.176765
23480 0.5167221300000001 18.05545215 -6.735546 -0.994844 1.267285 0.427262
23500 -2.6550274500000004 17.23425705 -7.3410388200000005 -0.974821 3.923719 0.766897
23520 -0.6147730800000001 1.3192095600000002 -9.04613454 -1.3854 2.1891990000000003 0.6530199999999999
23540 3.58818408 -7.5378764700000005 -5.67679194 -0.145724 -0.410771 -0.51217
23560 3.44912733 -8.81786565 5.37517368 0.09091 2.1036080000000004 -0.7989539999999999
