time Ax Ay Az Gx Gy Gz
20 16.69747347 6.574328460000001 24.535329930000003 0.399378 -1.272117 1.028845
40 6.304288590000001 16.917668730000003 -17.95217247 -0.307274 0.133357 -0.5812930000000001
60 -2.79678195 22.920937470000002 -7.3688796000000005 -0.422997 -0.312635 -1.6347969999999998
80 -7.02594162 14.222371230000002 -6.615491220000001 -1.997336 1.85961 -2.170938
100 -2.05163397 9.5552343 -13.181284980000001 -1.880041 -0.51535 -2.157461
120 -0.8960355900000001 25.000412219999998 -12.19393791 -3.704874 -2.135936 -3.69462
140 -12.35366433 51.811456140000004 16.93622925 -3.886966 -1.355702 -4.181865
160 -11.080404810000001 17.16555762 11.3487966 -4.003406 -1.095811 -4.603891
180 -1.6831017000000001 11.72346993 13.30987446 -3.931635 -1.470991 -6.477638
200 -10.11565998 9.61450632 4.323011940000001 -4.490469999999998 -1.293712 -8.498572
220 -12.49645869 4.0115052 5.58982629 -3.518702 -1.72384 -6.740417
240 -12.0399111 -3.3983802 8.135433 -2.367669 0.6503720000000001 -5.270887
260 -8.31325887 -9.29103138 4.16418804 -1.051985 1.025938 -4.694953
280 5.160815370000001 -4.08336345 -2.64081276 -1.166103 1.96038 -3.048681
300 7.788159000000001 3.80299365 1.9413107100000002 -0.465293 2.489823 -1.527589
320 -0.4076055 6.105057300000001 6.83463681 0.619905 0.454116 0.450265
340 -4.252203360000001 23.350389840000002 -0.6956074800000001 1.373928 -0.43114 2.726638
360 -9.36886392 24.616311480000004 -5.23895202 2.887372 -1.169941 4.483631
380 -23.63585103 36.58093083 7.7986360800000005 1.8078 -0.132152 4.3017080000000005
400 -28.840222800000003 61.474315950000005 3.12774192 1.479055 -0.8856200000000001 3.335773
420 -5.88127158 42.650054100000006 -6.85065654 0.329216 -2.97823 2.836904
440 7.357195890000001 17.96399352 -7.06171869 -1.166828 4.1544349999999985 0.513159
460 6.31192077 10.57446387 -4.41566739 2.768267 14.179035999999998 -1.652441
480 8.19740277 2.01241359 -3.82708701 1.64884 8.780664 -1.0604790000000002
500 9.41991516 -6.489609300000001 -6.67791225 -7.5372309999999985 -8.962717999999997 4.003126
520 15.075752940000001 -11.781103680000001 -5.7842703 1.165285 -0.427223 4.057248
540 17.71490781 -14.10726069 -6.399043379999999 0.539088 -5.221458 -0.065387
560 23.33003409 -11.992312980000001 -5.212308060000001 2.587528 10.223505 0.672612
580 9.79203789 -0.7375158 -0.7699967099999999 0.956597 1.193188 6.068381
600 0.29369178 3.4753200300000002 1.2789395099999998 0.681609 -5.014385 9.551476
620 -19.21674033 10.94733216 31.30919379 0.630883 -2.8254200000000003 5.915295
640 -14.46995601 33.25544874 -3.6844398000000003 2.565857 0.009255 2.65001
660 -5.97856716 15.820302510000001 -18.78159816 1.917634 -0.772069 2.000209
680 14.164894440000001 -0.18771435 -0.96744258 2.217852 -3.458106 1.593414
700 6.67671543 22.36619178 -28.779449850000002 1.186432 -3.079022 1.194755
720 -0.33470739 26.71045218 -22.332357090000002 -0.52062 -1.939046 -0.286367
740 -11.838727620000002 12.217746779999999 35.00006895 -2.283615 -0.010558 -2.303001
760 -5.59341675 -0.88061427 -11.465260920000002 -3.174737 0.396837 -3.508292
780 -1.5229338300000004 2.25506394 -5.89818402 -3.414327 -0.923386 -3.746488
800 -14.526392940000001 42.84016209000001 2.55802617 -3.918623 -1.393693 -4.775969
820 -31.286287440000006 50.88548043 6.883431750000001 -4.684096 -1.3187209999999998 -5.544122
840 -7.974068310000001 12.10128246 8.144262000000001 -4.721781 -2.387327 -6.541804
860 1.2763987199999998 7.297325460000001 0.5215192200000001 -3.95924 0.556665 -7.0946570000000015
880 -2.05852059 4.268968650000001 1.56380229 -2.236445 1.899855 -6.1614010000000015
900 -10.194404850000002 -5.269941810000001 5.276230020000001 -1.250347 1.545718 -6.1006480000000005
920 -14.278209750000002 -9.28863774 5.9998254300000005 -0.544799 1.092669 -4.2407059999999985
940 -8.61577965 -1.16636976 9.18579951 0.063993 1.584217 -2.221348
960 4.605618420000001 11.09058759 4.6985779800000005 0.223998 -0.423101 -0.413432
980 6.7702734 6.807541590000001 4.35953457 0.525583 -1.870138 1.551785
1000 0.53857881 5.8546276200000005 0.12857967 1.867566 -1.770203 3.3663260000000004
1020 -4.268223090000001 15.11376669 -5.23895202 2.3961360000000003 -0.708176 5.050038
1040 -13.907725290000002 26.84158245 0.3468325500000001 1.259544 1.583058 5.279513
1060 -27.831774420000002 71.73127917000002 3.54462768 1.92869 -0.685276 3.1944470000000003
1080 -14.44256649 43.01694810000001 -0.6454587600000001 1.36665 -3.214771 2.749382
1100 -1.8257489100000002 21.06838764 -3.37053942 -0.985145 -1.213775 1.4912530000000002
1120 4.810392360000001 13.4597124 -4.48062921 2.230426 9.562516 -1.016826
1140 6.721625610000001 1.10800026 -5.3612532900000005 2.542863 13.834108 -0.980593
1160 5.280124590000001 -6.33482712 -5.273983530000001 -3.560144 8.421194 -0.157436
1180 8.204142240000001 -12.852424350000001 -5.811512670000001 -1.469623 -1.735375 0.750396
1200 10.32387723 -14.3967636 -4.39500753 0.797579 -3.766605 0.853225
1220 20.680392330000004 -16.729660080000002 -6.259388220000001 1.420451 0.574344 1.922371
1240 22.393885410000003 -5.84114868 1.445994 2.702637 1.061845 6.763339
1260 6.214173929999999 3.3560206200000002 1.4865583500000001 0.468759 -1.715496 10.601167
1280 0.99019197 10.76920218 7.63187589 -0.258758 -7.428992 8.410346
1300 -9.22112532 27.88371837 26.854306020000003 4.558424 1.070752 4.5287510000000015
1320 -9.73979964 23.627463480000003 -4.553978580000001 1.599223 -3.950208 3.445225
1340 -3.1262508 11.71194318 -15.17334282 1.521103 -0.378433 3.270255
1360 7.72049943 19.764903510000003 -14.527736910000002 1.220281 0.462825 1.47994
1380 3.9969864000000004 16.368308730000006 -5.616774360000001 1.02107 0.80975 -0.387011
1400 0.66416643 7.3766589300000005 4.2152392800000005 0.049349 -1.331488 -1.399456
1420 -1.3045338 0.79020531 -6.2605850400000005 -2.100362 0.330115 -2.141924
1440 -0.49831857 -1.7326422000000001 -9.910287630000001 -2.0105150000000003 1.830564 -2.354727
1460 -2.20326714 20.04736284 -13.777350390000002 -2.800586 0.087257 -2.073865
1480 -2.82507399 62.022626280000004 4.88868597 -3.643535 -0.760102 -3.622248
1500 -9.52304769 34.01601804 6.724313550000001 -3.830187000000001 0.07612000000000001 -3.987818
1520 -4.08096 14.649135659999999 7.443268830000001 -4.507116000000001 -1.870731 -5.115958
1540 -0.39577464 11.033257950000001 10.650354029999999 -3.5130470000000003 -2.234134 -7.802604
1560 -9.572441040000001 10.32343578 -1.1937690900000002 -4.272864 -4.124358999999999 -7.038506
1580 -14.19453045 4.20431094 4.899761460000001 -4.000035 -0.196812 -5.647604
1600 -17.63872335 -6.32853891 8.319547080000001 -2.145626 1.722064 -4.937424
1620 -13.91147271 -9.568556280000001 9.719434080000001 -1.882108 1.985663 -3.954225
1640 2.8729762200000004 0.030685680000000003 -2.4780942900000005 -1.295305 1.471936 -2.800061
1660 9.680370660000001 2.73796119 4.24621926 0.073625 1.359713 -1.498875
1680 3.86511057 2.00897028 4.8415293 1.260709 0.090062 0.8921100000000001
1700 -4.7027668500000015 11.82331611 -2.85052113 1.939634 1.88147 3.3268980000000004
1720 -11.89456614 29.17672542 -1.23657993 2.646762 4.1512699999999985 5.184431
1740 -23.362515000000002 44.43479721 5.6613804299999995 1.108576 -0.355976 4.403933
1760 -17.003143259999998 52.902691110000006 -0.84439575 0.8699129999999999 -2.948143 3.634331
1780 -4.36387059 44.57849409000001 -5.113070100000001 0.058539 -4.12107 3.287268
1800 6.174060840000001 27.439884539999998 -5.79400182 1.222999 5.913953 0.385524
1820 8.92848321 16.458727500000002 -7.110366480000001 2.470419 8.809053 -2.47658
1840 6.95663397 3.53788821 -2.49500673 0.968089 7.436874 -1.6820130000000002
1860 7.64999496 -6.49080612 -1.73743929 -5.490518 -2.415937 2.863899
1880 7.0124626800000005 -11.7159849 -3.3233925600000003 -1.158586 2.674727 2.910067
1900 13.667782500000001 -12.260557620000002 -1.58220585 -0.412223 -6.203809 0.53384
1920 20.73188502 -12.317436 -8.06268204 4.383031 -1.079045 1.506145
1940 20.962861470000004 -7.836649830000002 -4.45443651 3.340925 5.231803 6.359734
1960 7.490278350000001 -2.4288480900000002 -1.10619522 -1.955044 0.2368 10.12774
1980 -0.59501574 2.1168999000000004 8.60021118 2.600664 -7.618009 6.050563
2000 -27.365642460000004 22.29478479 9.40659318 3.629938 -1.959338 4.64579
2020 -16.073125830000002 32.44188582 -15.852783420000002 1.938123 -3.669598 3.573283
2040 -6.13034748 15.312860640000002 -6.58690488 1.421852 -1.737043 2.387883
2060 19.06510716 15.0679638 61.15787478000001 1.250743 -1.006869 0.8250799999999999
2080 7.00438905 24.992024670000003 -37.526359770000006 -0.00765 -1.652961 -1.1441370000000002
2100 1.68639786 9.399108150000002 -18.88442658 -1.225474 1.298337 -2.604935
2120 -0.47062494000000005 -1.88503074 -7.718851350000001 -2.292969 3.037604 -2.396703
2140 -6.739734870000001 -2.83301028 4.18903677 -2.357527 -1.185613 -2.225099
2160 -6.016885020000001 23.155053119999998 -10.20712842 -3.304296 -0.463167 -3.314747
2180 -12.405902580000001 71.21890287 1.61768862 -3.620855 0.84109 -4.460559
2200 -11.0766672 25.90692489 8.84091915 -3.81071 -0.794788 -4.9244650000000005
2220 0.6542877600000001 8.39724228 7.38923535 -3.858602 -0.035302999999999994 -7.52903
2240 -2.0014852500000004 7.391481840000001 7.128927000000001 -3.156984 -1.288062 -8.935781
2260 -11.529624329999999 9.09329121 2.71056186 -2.392184 -0.880224 -6.0991050000000016
2280 -15.16870269 3.3983802 4.948262100000001 -1.369034 0.004504 -4.727905000000002
2300 -14.42025855 -6.66563994 10.324475640000003 -0.5947060000000001 1.104942 -3.804167
2320 -3.2974941600000003 -10.75393782 7.780369860000001 -0.775087 0.508917 -2.716145
2340 9.11349981 2.59365609 -2.6200057500000002 -0.304448 0.098843 -1.009587
2360 8.58389715 2.9192303699999997 4.707259830000001 0.665115 -0.648364 0.923079
2380 0.08935929000000001 1.0220744700000002 0.5396284800000001 2.2683720000000003 -0.847252 3.179936
2400 -5.72424291 13.62571722 -6.08724234 2.831213 0.977525 5.362838
2420 -14.29062921 30.903089220000002 1.90164888 2.0325830000000003 -0.765992 5.171487
2440 -30.704603490000004 62.442945540000004 7.76525265 2.63749 -1.2633 3.007859
2460 -16.63894701 48.1795587 -4.33588266 1.0504950000000002 -2.023247 2.354678
2480 -5.555098889999999 32.54037822000001 -5.3667861299999995 -1.3451229999999998 1.517426 0.514225
2500 7.56182268 21.452341230000002 -5.34613608 3.414749 12.095709 -2.300075
2520 8.94958452 7.222328010000001 -4.950802889999999 2.155809 7.931446 -1.717079
2540 6.35683095 -0.40849821 -2.8990217700000005 -9.19702 -1.336684 2.050414
2560 8.08319475 -4.75231716 -4.155810300000001 -0.257691 -1.813684 1.167022
2580 11.62976481 -8.79151599 -4.92925032 1.432163 -4.4229059999999984 -0.471438
2600 20.117111940000004 -12.980258460000002 -4.79871846 2.332343 5.180479 0.896277
2620 22.315297500000003 -16.051122000000003 -7.54550865 3.01627 3.5656190000000003 6.664045
2640 14.475792960000001 -11.126217509999998 3.65180193 -0.681646 -2.5159 10.096364
2660 2.72703285 1.6098994800000002 3.97617939 -0.1117 -9.732769 6.84938
2680 -7.9339552200000005 12.31893693 20.54597571 4.520156 0.7601359999999999 4.184915
2700 -12.33285732 34.69844088000001 0.44038071 1.060439 -2.74783 3.459149
2720 -13.099557870000002 26.75371428 -16.84342665 0.785092 -0.329283 2.806784
2740 0.32722236 6.72895368 -7.02369513 0.483666 -0.051737 1.062053
2760 9.45852732 23.247708570000004 9.035216010000001 -0.448718 -0.594331 -0.698853
2780 3.14735211 17.86519701 -11.06259966 -1.542833 -0.710294 -1.6517240000000002
2800 -2.30445729 6.427188270000001 9.8734707 -2.144688 2.101704 -2.378444
2820 0.659232 -0.0059841 -11.137440150000002 -1.499672 1.529521 -2.372138
2840 6.11463186 7.3389394800000005 -9.878856390000001 -2.922554 -1.790057 -2.69188
2860 2.67344082 36.21075048 -20.39269446 -3.465634 -1.558508 -3.647756
2880 -15.43380813 59.45396607 30.099709080000004 -3.993758 -0.5280590000000001 -3.804453
2900 -15.565232700000001 19.14728553 9.337579830000001 -3.567467 -0.29685900000000004 -4.1820580000000005
2920 1.3882131 10.180925910000001 12.784617630000001 -3.3341230000000004 -1.849863 -4.95824
2940 -2.2094082 6.09412896 3.49597989 -3.047731 -0.7155229999999999 -7.0236350000000005
2960 -10.89883152 3.669921 4.60427445 -1.115134 1.4908860000000002 -6.092156
2980 -14.976358020000001 -2.66670135 5.882762700000001 -0.246325 1.162165 -4.828369
3000 -15.612683670000001 -5.63787567 3.6203706900000006 -0.201448 0.718163 -3.85754
3020 -3.9195953100000014 -4.53422124 1.76782086 -0.241634 2.3058810000000003 -2.340844
3040 7.544458980000001 3.1124775600000003 2.2429387800000002 0.016364 0.656699 -0.136391
3060 6.37868763 3.1353839100000003 1.88622756 0.797849 -1.379653 1.999575
3080 -0.22768029 8.31745755 -0.30926025 2.25132 -1.008965 4.206585
3100 -3.91002075 16.14048129 3.4682862600000006 2.716314 -1.755636 5.644344
3120 -5.20048701 13.889616030000001 -4.77252576 0.8608379999999999 -1.98561 6.155106
3140 -10.33705206 20.56094577 -1.88967087 1.854762 -0.912462 2.796843
3160 -25.817859900000002 58.56525855000002 8.69527008 -0.804944 -3.050218 1.578186
3180 -16.451536769999997 58.352558130000006 -1.21847067 1.804011 6.8809429999999985 -1.643415
3200 4.737347100000002 18.69402429 -5.341790250000001 4.151592 11.978524 -4.000729
3220 9.46780758 9.39970656 -3.55046463 1.648552 5.890698 -0.560055
3240 6.71488614 -0.00628821 -3.21052851 -9.548683 -4.6278489999999985 4.61484
3260 3.8128723200000003 -6.78883392 -4.45458366 0.0398 -1.839571 2.851583
3280 8.256684600000002 -10.79270694 -4.94886051 1.267946 -7.754706 1.171405
3300 13.783040190000001 -11.581715430000001 -8.26056936 3.060891 5.453905000000002 1.682954
3320 17.168402519999997 -15.41614032 -5.3392494600000004 2.745185 4.8000669999999985 4.822159
3340 21.11433768 -13.91176701 9.21364029 1.767853 0.793633 7.2474669999999985
3360 9.28129986 1.03793724 3.7938605400000003 1.621112 -10.462116 6.321898
3380 -3.0311919 13.539948390000001 18.309325140000002 2.994303 -0.364714 3.091453
3400 -12.651692129999999 34.93525428 -1.0190824200000002 0.762621 -0.984965 2.162261
3420 -14.018195700000001 22.97632473 -18.07776009 0.538501 -0.259179 1.475035
3440 1.30678029 2.89393038 -11.89112283 -0.061244000000000014 1.017956 0.16491
3460 15.823892970000001 -5.248232280000001 39.30301944 -0.221951 -0.5098239999999999 -0.982593
3480 3.6613863 23.91981129 -24.72228891 -1.25882 -0.083297 -1.785139
3500 -2.66834943 41.1977817 -13.17320154 -1.697577 2.105751 -1.913855
3520 -11.30045292 21.458629440000003 7.08207444 -2.389859 1.15168 -1.950583
3540 0.05988024 9.16140204 -9.894719160000001 -3.262676 -1.310716 -3.453307
3560 5.141058030000001 9.950704830000001 -17.69545458 -3.4715540000000003 -0.803793 -3.235362
3580 6.0990633899999995 41.61525606 25.08154092 -4.192138 0.294745 -3.469335
3600 -18.31171878 16.97559678 8.270899290000001 -3.97848 -0.08569500000000001 -4.152085
3620 -3.1472049600000003 13.24250919 10.83596904 -2.48622 0.8408889999999999 -6.7226050000000015
3640 -8.14755816 11.61674694 4.59469989 -2.107537 -0.8129810000000001 -7.176108
3660 -9.059015070000001 6.746474340000001 2.95051446 -1.290131 -1.1432719999999998 -4.677813
3680 -9.0494307 0.71670879 3.89160738 -0.917823 0.793311 -3.913915
3700 -8.368194870000002 -6.0674850000000005 3.5838480600000002 -0.466667 1.451893 -2.502623
3720 -3.5202302100000002 -11.63634732 4.056562530000001 -0.15082 0.732567 -0.848024
3740 7.0997324399999995 -4.5605709 2.15057763 0.422239 -0.478704 0.5312640000000001
3760 7.740551070000001 2.59410735 3.6976146300000003 1.346151 -1.180145 1.981785
3780 0.7632670500000001 9.54684675 1.95883137 2.571778 0.058157000000000014 4.000221
3800 -3.2045346 17.509535460000002 -7.75776762 2.434043 1.307559 5.7570190000000006
3820 -7.10152767 18.96660495 -2.65787235 1.884168 -0.259919 4.751058
3840 -22.263353549999998 40.167623789999986 10.9001853 1.463603 -3.973736 2.255377
3860 -29.857509990000004 67.34091177 1.96331454 -4.441911 -7.486486 1.383278
3880 -10.318344390000002 33.40498257 -6.58630647 2.067505 6.566136 -3.862004
3900 6.72012468 19.678075200000002 -3.1033444500000003 4.242981 9.807395 -5.385997
3920 7.639665030000001 5.694312600000001 -3.28776264 -3.244081 5.35406 -0.911872
3940 5.10977394 -2.04160815 -1.9625689800000001 -0.232289 5.176287 2.035253
3960 4.70606301 -4.56744771 -3.94384563 1.74957 -3.845468 1.899356
3980 6.440206139999999 -6.2346866400000005 -4.64034582 0.128531 -3.0093810000000003 0.6809390000000001
4000 11.436664770000002 -11.32050456 -3.35407824 2.039963 2.8765970000000003 4.796198
4020 17.843791590000002 -17.900375670000003 -7.115153760000001 1.218299 -1.227205 9.055785
4040 16.2219141 -13.912071120000002 1.67186925 1.560565 -6.8000669999999985 7.79627
4060 7.484588550000001 -1.4299742700000002 -2.70592173 4.707744 0.151474 3.85372
4080 2.82268035 11.8198728 13.03608717 1.874535 -2.0605450000000003 2.7087220000000003
4100 -15.37557597 45.37663569000001 16.220570130000002 0.7690939999999999 -0.959241 2.649382
4120 -15.74575632 21.726864270000004 -15.295496940000001 0.278172 -0.08555700000000001 1.172824
4140 -0.67135716 2.34891621 -9.50313339 -0.383253 -0.461481 -0.412283
4160 10.1743434 21.24996093 15.55849323 -1.636476 0.371927 -1.811861
4180 7.481439540000001 22.001544270000004 -17.96997762 -1.793972 2.5794740000000003 -2.5475220000000003
4200 3.87888381 13.26316905 -3.4528649399999995 -1.902893 1.569391 -1.870804
4220 -1.37788317 5.36230296 -6.93986868 -3.278165 -0.422987 -2.198324
4240 -1.83069315 13.835131290000001 -11.061393030000001 -3.153602 -0.330721 -3.000875
4260 -3.7868267700000002 36.48632319 -13.490093970000002 -3.271822 0.804383 -3.5767910000000005
4280 -12.673990259999998 40.37808753 15.107929740000001 -3.198309 -0.14322200000000002 -4.029057
4300 -8.38227222 10.21146444 8.510704740000001 -2.734964 0.20588 -5.417093
4320 -0.7234482600000001 9.62333532 10.555599240000003 -1.4453 0.301252 -6.9400369999999985
4340 -4.7316573 6.47718003 7.1087184 -1.303686 -1.299021 -5.143452
4360 -9.20390877 5.936658840000001 5.26530168 -1.085481 -1.847055 -4.14778
4380 -10.05818319 0.75727314 7.890693120000001 -0.451781 0.877684 -3.3072230000000005
4400 -7.537278060000001 -6.035896800000001 6.73779249 -0.152642 0.36044 -1.29194
4420 2.23469838 -6.39335358 -1.71708354 0.26245300000000005 -0.341277 0.135798
4440 8.90602812 2.18485377 1.10979549 1.104599 -1.235085 1.545401
4460 5.59970496 2.1472814700000002 3.61079613 2.323649 -0.017403000000000002 2.866269
4480 0.17394111 7.978561290000001 0.03412899 3.5803580000000004 3.232661 4.727452
4500 -4.383039330000002 13.949937720000001 -8.32164642 1.526952 2.849252 5.684614
4520 -9.80131815 19.984794660000002 -1.9290384000000003 1.180037 0.26156 3.35892
4540 -21.93763212 40.24725156 8.05878747 -2.00654 -5.500367 1.557978
4560 -18.985920840000002 51.83226315 1.2603789900000002 -1.169987 -0.207274 -1.494872
4580 -6.785841870000001 29.171634030000003 -5.0726529 2.191883 7.840928 -4.150121
4600 3.75449301 21.36222657 -1.12850316 0.241381 7.49568 -3.501005
4620 5.7669066 8.868161520000001 -2.5604296200000003 -3.07453 5.48039 -1.48128
4640 5.10783156 0.93779676 -0.20986533 0.5825899999999999 -2.60501 -1.199683
4660 3.83652423 -1.5124567500000001 -1.66258899 0.5225310000000001 -6.996082 0.18353
4680 5.85926775 -2.95335936 -2.3322980700000002 3.917269 -3.15282 2.894237
4700 10.81740852 -6.004759860000001 -2.2643442 0.765155 3.232139 7.029035
4720 20.166662249999998 -16.729660080000002 -6.6783635100000005 -0.835673 -0.684701 6.773977
4740 14.41068399 -14.205164490000001 2.48887548 1.629926 -0.052594000000000016 0.017862
4760 0.6342263100000001 -2.3999576400000002 -0.36704115 0.216178 0.655 -0.682991
4780 -5.5238148 8.08858044 12.65214339 -0.639235 0.822334 1.100091
4800 -17.483195610000003 32.94768942 9.54191232 -0.098675 0.446886 1.281673
4820 -17.72179443 28.309874580000002 -8.41370346 1.667226 -1.169969 1.290738
4840 -3.8859175800000005 31.33239444 1.6301080800000003 0.115459 -0.026608 0.16000599999999998
4860 5.789214540000001 35.78847903 29.459184750000002 -2.149409 -2.195799 -2.063186
4880 5.723801460000001 3.26920212 -20.30497344 -2.852273 -0.945672 -3.722237
4900 8.14231962 -6.57837018 -10.21206285 -3.321161 0.076908 -3.295261
4920 7.2456856200000015 -9.6448977 2.3424808500000003 -3.089813 -0.027587 -2.406887
4940 3.1802842800000004 9.237890610000001 -6.01644357 -2.901346 -2.12128 -2.99575
4960 -4.50099477 51.39157833 12.140355690000002 -2.946924 -4.099627 -5.051997
4980 -22.40960103 46.469067480000014 13.60101564 -1.779438 4.0137019999999985 -5.311681
5000 -16.39630647 3.87393957 5.83202538 -0.713544 2.514297 -3.965968
5020 -0.48110202 8.489299319999999 -5.411549160000001 -0.657227 -0.910855 -2.346034
5040 -0.11077452 1.40722488 -4.66055442 -0.059908 1.2964719999999998 -1.286083
5060 -2.46268278 -4.1932256400000005 4.6945362600000005 0.910681 2.469832 0.677244
5080 -6.55875999 -8.1092403 13.25957859 1.606454 1.169246 2.439928
5100 -13.19460696 -4.0923396 0.63871929 1.916033 -2.056326 3.215343
5120 -8.15324796 7.3467188100000005 6.486460290000001 2.520227 -1.288898 3.915061
5140 3.6018101700000003 10.620561060000002 7.09180596 2.036917 -0.177527 4.79368
5160 5.0388182100000005 10.41099984 -1.5194905200000002 0.33615500000000004 -0.05229 3.987951
5180 -1.03943817 13.095369 -7.070243580000001 -0.286071 2.149069 1.475804
5200 -10.74315663 27.844046730000002 6.021976410000001 0.357005 -1.542394 -1.936489
5220 -26.54789067 60.45717591000001 -0.65683836 0.772911 1.230576 -3.640951
5240 -5.383257120000001 24.940531980000003 -3.7112309100000003 0.4223 4.767599 -2.0840560000000004
5260 5.604943500000001 16.287180030000002 0.49921128000000003 -5.255137 1.422791 0.13131700000000002
5280 6.6963256200000005 9.94666311 -1.01833686 -0.028394 -0.881445 -1.456124
5300 2.66640705 1.10709774 -0.17858124000000003 0.965678 -5.049736 -1.285742
5320 1.78429185 -2.1644980200000004 0.09340101 2.044764 -2.364707 0.8387760000000001
5340 -1.3187583 -3.59102898 -1.31711022 1.546342 3.977278 4.6289690000000006
5360 2.47854555 -8.48181429 0.46313991000000004 -0.183234 1.930791 6.415192
5380 6.85828872 -6.952288139999999 0.7189552800000001 1.374332 -4.802682 3.969243
5400 6.90019704 -0.49786731 3.82170132 2.456188 -0.940935 1.405983
5420 -0.9948321 9.855057330000001 -2.10222414 1.191263 0.033656 0.140737
5440 -8.37433593 9.171123750000001 1.8567387 -0.10868 -0.6335390000000001 0.285268
5460 -14.73565986 10.12090833 3.7847274300000002 -0.90182 0.392035 -0.020689
5480 -13.59023445 4.65306939 -2.58078537 -1.694237 0.022953 0.257328
5500 -3.58848819 26.02174113 27.31010805 -1.26809 0.446066 0.10487
5520 -1.2458601900000001 30.92883066 -16.5338721 -2.147591 0.7474350000000001 -0.7038939999999999
5540 4.81503249 18.812283840000003 -15.716120309999999 -2.510912 0.7688550000000001 -1.747975
5560 3.6127385100000002 3.2386635900000003 -8.060739660000001 -2.936284 0.346214 -2.24606
5580 7.471560870000001 -1.9380243600000002 2.47959522 -3.3753550000000003 0.892141 -2.52436
5600 7.17877161 16.885187820000002 -6.393951990000001 -3.043057 -1.2486959999999998 -2.637868
5620 -1.75689252 38.819523780000004 -2.12018625 -1.944537 -4.294931 -3.70199
5640 -11.22291468 21.051328050000002 5.409901080000001 -0.393732 0.568168 -3.477336
5660 -19.57823883 10.976526719999999 10.584636840000002 0.958631 1.845386 -3.040101
5680 -11.860437150000001 10.666668060000001 14.2698222 0.333731 -1.53471 -1.972981
5700 1.43536977 10.380618270000001 6.2063946 -0.133286 -1.798932 -1.826354
5720 5.478904620000001 2.57284908 2.4623786700000005 1.583083 2.104867 0.25512
5740 4.32361035 -1.1193700500000001 -1.05605631 2.247074 1.214984 1.902755
5760 -1.00425951 -3.0499093800000003 0.6563871 2.589411 0.37921 2.287573
5780 -4.8990159 -4.2366447 3.1969024200000002 2.702157 -1.931047 2.906617
5800 -7.90910649 2.49725322 2.68601724 1.398405 -4.386426 4.014812
5820 -2.61940734 7.337595510000001 -0.6595263 -0.355101 -8.456679 3.629629
5840 -0.6185106900000001 9.39581199 -6.515350740000001 0.108468 -3.734198 1.337616
5860 -8.74032741 25.141117050000002 -5.5443177 0.142245 0.533473 -1.927831
5880 -17.824779810000003 46.94388129 3.9896583300000006 0.356016 3.854401 -2.494614
5900 -8.94689658 25.430021550000003 0.5011536600000001 -0.293537 1.758619 -1.30433
5920 1.63369854 13.4944398 -0.90561996 -0.4936 -0.17207 -0.496746
5940 8.27015373 12.80856384 -1.57487778 -1.026984 -3.924372 -0.466821
5960 3.7820394900000003 3.36425121 4.75097319 -1.449238 2.040411 1.41868
5980 1.7051055300000002 1.32639048 -1.60466094 0.6366069999999999 3.006177 2.382729
6000 -0.7963463700000001 1.41635799 0.08172711 1.30443 -3.993308 2.758491
6020 -5.09241024 -1.21532166 0.3412899 2.41744 -5.592159 2.295092
6040 -3.2560272900000005 -0.8210381400000001 1.7591390100000002 2.037709 -3.68801 0.370404
6060 1.8086893200000003 4.13155998 3.1886718300000005 0.26973 -2.618467 0.037286
6080 2.8083087000000004 6.299197200000001 9.12892113 0.177103 -2.5473220000000003 -0.8896
6100 -7.23894615 6.32539971 0.36704115 -0.311765 -4.177953 -0.808673
6120 -9.58621428 1.22280669 2.9121966 -0.7123470000000001 -2.658087 -0.12548299999999998
6140 -6.59259468 0.6650689500000001 -5.96554929 -1.5414370000000002 -1.91718 -0.07454
6160 0.62689824 34.058976030000004 43.42080618000001 -1.334111 -3.170932 0.258595
6180 -7.05483207 25.125097320000002 -33.22790226 -1.3955229999999998 -2.385704 -0.250245
6200 5.429060010000001 24.470662410000003 -18.309472290000002 -1.79547 -2.713431 -1.328318
6220 0.5653699200000001 11.107804139999999 -11.52364023 -1.889893 -3.952507 -1.7386560000000002
6240 -3.5124410700000004 0.5727078 1.8928100700000001 -0.959056 -1.80213 -3.504953
6260 -7.979758110000001 7.73860869 -4.83764454 -0.974878 3.465693 -3.500063
6280 -13.678102620000002 18.72351315 -0.058232160000000005 -0.265352 1.7032029999999998 -2.653226
6300 -17.99721999 17.843644440000002 2.32182099 0.601859 -1.859788 -1.896984
6320 -10.11252078 6.90678936 8.270448029999999 1.165926 -1.862764 -1.110034
6340 -3.8905577100000004 6.55636635 7.69744593 1.419238 -2.009216 -0.404118
6360 5.343889590000001 8.58240603 0.023504760000000003 1.4235870000000002 -2.137322 -0.07384299999999999
6380 9.76508982 5.8880012399999995 2.79259308 1.808898 -2.549747 0.431441
6400 9.652824180000001 1.19690829 0.7548795 2.252951 -3.071712 0.57408
6420 6.25923126 -0.8222447700000001 1.24122006 2.201041 -4.625981 0.360997
6440 -0.7908037200000001 0.5557953599999998 -0.60159825 2.242618 -5.00991 0.6982689999999999
6460 -7.041058830000001 8.071069589999999 -4.72732128 1.882553 -4.666422 1.158922
6480 -12.26099907 24.94188576 -1.34764875 0.229913 -8.559324 0.823355
6500 -16.42623678 38.18050038000001 0.7159632300000001 -0.801805 -0.107663 -1.416584
6520 -3.6051063300000004 24.79549113 -4.56610374 -1.181462 5.026 -2.974736
6540 3.52441908 10.7034948 -4.20190749 -0.124553 4.922585 -2.2728770000000003
6560 2.31523848 9.93319398 1.7757571500000002 -1.844356 -9.006115 1.13311
6580 -2.25970407 11.0100573 2.61341343 1.4135209999999998 -8.315185000000001 2.41121
6600 -3.9758850900000002 8.8442055 0.604296 -2.033138 3.944839 1.729423
6620 -2.27123082 6.20938665 -0.9398961000000001 0.123447 2.0843540000000003 0.256701
6640 -0.46134468 4.12048449 -1.125207 3.143746 -1.100983 1.14073
6660 0.42182019000000004 1.54463355 -3.4513738200000006 1.925438 -3.420984 1.887221
6680 -0.01511721 2.1427983000000004 -4.537958850000001 2.028708 -5.005915 2.013887
6700 2.42705286 4.57882731 -2.5912624500000003 2.165681 -4.012734 1.011579
6720 4.61326041 2.90605554 7.0275897 1.891063 -1.772631 0.494044
6740 -2.30655663 9.600281820000001 13.799354220000001 1.59292 -2.57689 0.746161
6760 -9.67662324 10.938199050000001 7.3489653000000015 1.460648 -4.172459 0.8071020000000001
6780 -9.21409155 6.20280414 -0.8222447700000001 0.63908 -4.064732 0.686925
6800 2.3667311700000004 -1.38866436 -12.248275500000002 -1.005049 -3.749584 0.291546
6820 16.247066940000007 13.512549060000001 7.838896320000001 -1.589036 -3.5764660000000004 -0.402827
6840 8.40457035 30.254785560000002 -3.6069015600000003 -1.847445 -2.096756 -1.253628
6860 5.845494510000001 33.65765874 -17.68048452 -2.572001 -0.515618 -2.023426
6880 -0.008681849999999998 8.92623672 -12.781174320000002 -2.362637 -2.133387 -2.034845
6900 -4.81967262 2.9844963 3.9721376700000004 -2.100333 -4.590735 -2.322557
6920 -10.67310342 16.466055569999998 -3.111732 -2.333488 -5.559977 -2.692548
6940 -12.22657578 22.92153588 -4.540362300000001 -2.538919 -2.0979 -4.0935169999999985
6960 -7.565570100000001 15.40880244 -1.75509729 -3.125235 2.755816 -5.527772
6980 -0.58633389 10.89973404 -0.6033934800000001 -3.119844 1.946004 -4.68387
7000 3.1103782200000003 12.0197025 0.9328623300000001 -2.486104 -0.80767 -5.780456
7020 0.25327458 10.12105548 4.85276175 -1.679925 1.126575 -3.744477
7040 -3.32518779 7.8680908800000005 7.462879020000001 -0.45009 -0.180211 -3.555819
7060 -6.490354860000001 6.455029050000001 6.6837492 0.266385 -2.131721 -2.0666900000000004
7080 -7.7606125200000005 4.7466273600000015 3.79340928 0.670838 -3.102981 -1.154632
7100 -6.11508312 0.60563997 5.15856888 1.400135 -3.5573620000000004 -0.312537
7120 2.0329263000000006 0.7352693100000001 2.3227235100000003 2.035102 -2.165367 0.813884
7140 7.648199730000001 2.52120924 -0.17722746 2.016998 1.710215 1.600343
7160 3.59821971 6.05790063 -3.5908818300000003 1.1975559999999998 2.8650290000000003 2.29603
7180 -3.67740603 10.58838426 -2.5083385200000006 -0.088617 1.00366 2.694287
7200 -11.323947870000001 30.29879322 2.3084990100000002 0.316958 0.148066 1.323415
7220 -15.02530011 39.01291812 -3.0485556 -0.25878 -1.200985 0.594731
7240 -6.28543377 26.391166110000004 -5.80882473 0.444432 3.1041990000000004 -0.115173
7260 -2.2122531 18.71019117 -2.8259765100000003 1.492359 6.6963789999999985 0.8222379999999999
7280 -17.2050723 23.18514039 2.02888458 2.555724 5.205009 2.025849
7300 -12.87547785 19.66116276 0.21809592 2.477601 1.532881 2.921974
7320 -7.519011840000001 10.90856304 0.23366439 -3.285177 -2.207949 1.155995
7340 -0.7469432100000001 3.47816493 -1.33117776 0.676419 -0.639239 1.028901
7360 1.2084350400000001 -0.65399346 0.43274853 -0.477735 -3.660334 1.7553740000000002
7380 2.32062417 -2.42600319 0.62794791 0.5291560000000001 -1.918378 4.284383
7400 7.65792144 -4.76953371 -2.13306678 3.204712 0.464576 4.11308
7420 10.27972242 -8.621175150000001 -5.8685480100000005 3.500206 -1.165528 3.915339
7440 9.32905494 -6.1751105100000006 -1.13852898 3.5631160000000004 -0.371742 3.289851
7460 6.18798123 -2.42720001 5.028046830000001 1.926216 -1.103606 2.84993
7480 1.11293469 2.00762631 11.468252970000002 2.563235 -5.287643 2.207057
7500 -5.05933092 6.597980370000001 14.447059470000001 1.781984 -3.527242 1.412065
7520 2.06061012 8.112977910000001 -8.41564584 0.582386 -2.928769 0.907264
7540 7.534580310000001 5.14824876 -12.50319816 -0.363871 -0.722178 -0.236625
7560 3.0734043300000002 4.7544165000000005 -12.831764490000001 -0.516116 -1.537276 -1.128609
7580 -8.31057093 36.5819805 2.91413898 -1.615372 -1.293477 -2.00186
7600 -11.24985294 27.536885820000002 -3.7988047800000007 -2.771998 -0.898601 -2.777428
7620 -2.13919803 7.27726401 -6.05925441 -2.8503580000000004 -0.496634 -2.266812
7640 3.0051463500000004 -0.29024847 -0.30716091 -2.843409 -2.491045 -2.48533
7660 1.66663071 18.9086769 -7.61706279 -2.973967 -2.797903 -3.421611
7680 -2.7623586600000003 31.048885440000003 -9.04957785 -2.417826 -2.877463 -4.518961
7700 -11.6086635 33.71783328 1.4688905399999999 -3.2717650000000003 -1.065272 -5.946915
7720 -22.49432019 16.75720656 6.23842425 -3.892169 2.103357 -5.268443
7740 -17.35311501 11.343263760000001 5.466779460000001 -2.910388 -1.020843 -5.117644
7760 -1.63325709 14.605128 2.63257236 -2.361092 0.614758 -4.629862
7780 0.777933 9.46316745 6.441550110000001 -1.319467 0.828218 -3.770419
7800 -4.46251995 6.316717860000002 5.40975393 -0.560567 -0.749347 -2.326338
7820 -8.482559850000001 0.91444896 2.7141523199999997 -0.006334 -1.4978360000000002 -1.043914
7840 -9.03715839 -3.0835871100000003 7.22667384 0.8536940000000001 -2.608379 0.20479
7860 -6.722371170000001 -2.12079447 5.59401516 1.568053 -0.634945 1.578848
7880 1.68174792 1.85599314 1.5322140900000003 1.424416 3.147075 2.428644
7900 6.204295259999999 3.78517869 -0.46104057 1.563493 3.4285330000000003 3.581866
7920 4.20071067 5.4527119200000005 -0.57825045 0.702892 1.598475 4.039672
7940 -3.6203706900000006 17.3787093 0.35521029 0.580015 -0.104909 3.08387
7960 -12.344227110000002 34.08172542 1.0877916599999997 -0.5430189999999999 -2.140416 2.135394
7980 -14.9148297 52.685193600000005 -1.5952335300000002 -0.280493 4.912063 -0.574411
8000 -11.829751470000001 25.394244479999998 -5.322935429999999 2.540959 12.791274 0.067587
8020 -8.46265536 23.87549952 0.41598324 -0.526755 5.926563 0.8796229999999999
8040 -7.05392955 19.94527017 -1.3389669 -0.5067560000000001 -0.515749 2.339732
8060 -4.75306272 11.307937950000001 -2.0996833500000003 0.377922 -1.979402 1.298793
8080 0.5698629000000001 4.96068156 -1.20214683 -0.693783 0.141673 1.400752
8100 2.6939437200000005 -1.58669883 -2.5857198000000006 0.955353 -0.13131600000000002 4.298957
8120 4.99960764 -4.2861852 -0.795591 1.967305 -0.478519 5.265733999999999
8140 8.570428020000001 -4.67193402 -2.8723778100000006 1.052063 -2.905612 5.8905660000000015
8160 11.822266440000002 -10.46832948 -8.64258057 2.68222 -1.852137 5.298125
8180 15.080393070000001 -13.628709270000002 -4.98059586 2.888298 1.991148 4.113186
8200 10.95077547 -4.110448860000001 1.2271525200000002 1.425315 -4.0419160000000005 3.353329
8220 2.6794249200000007 2.23050951 5.0247506699999995 1.7163509999999995 -1.865461 2.0130220000000003
8240 -9.65461941 10.862014590000001 20.38415976 1.823439 -1.603845 1.232565
8260 -13.392199980000001 19.92581694 7.0642594800000005 2.043965 -2.172423 0.972051
8280 2.9936294100000005 15.746060430000002 -15.863260500000003 -0.692699 -3.153763 0.470289
8300 7.43638221 19.41567732 -10.49348232 -1.616447 -1.997332 -1.275643
8320 -0.06706116000000001 20.51184672 -7.18535412 -1.76619 2.705675 -2.429986
8340 -4.701275730000001 8.971598160000001 2.9952676800000004 -2.7776110000000003 -0.402498 -2.693714
8360 -2.3281092 5.033285370000001 -1.23852231 -3.53913 -0.720063 -3.070367
8380 2.79962685 9.437573160000001 -3.3010846200000006 -3.036852 -1.217825 -4.233788
8400 2.36493594 15.01378317 -8.94974148 -3.782678 -2.253286 -5.978872
8420 -3.2277352500000003 34.22722734 -5.063068530000001 -4.223019 -1.582991 -7.518910000000001
8440 -15.155537670000001 49.38784659 6.63779916 -4.853511 0.748979 -5.663323
8460 -21.20280426 18.110241000000002 5.08253157 -3.624045 0.329381 -5.693722
8480 -12.18301938 10.53404667 5.89309263 -2.621278 0.902036 -4.849965
8500 -5.53443903 6.967856610000001 3.2379180300000003 -1.51311 0.305555 -3.699531
8520 -4.420160370000001 3.3582671100000003 0.6474011400000002 -0.680531 -0.363365 -2.310579
8540 -5.432052060000001 -0.82163655 3.19719672 0.026008 -1.315157 -0.934964
8560 -10.039475520000002 -6.71368932 4.72313241 0.792265 -2.1577900000000003 0.795579
8580 -11.68111035 -4.69902924 5.83217253 1.449523 0.408448 2.889528
8600 2.8994730300000002 11.39789565 9.66420378 2.391279 2.862813 4.476066
8620 12.37072392 10.59003234 6.12211689 0.8944989999999999 0.205713 3.4531370000000003
8640 6.853795740000001 8.02720908 0.77838426 0.8448530000000001 -2.273425 2.758418
8660 -3.17174958 12.810211920000002 -4.05955458 -1.156524 -3.967168 1.0214299999999998
8680 -15.147601380000001 29.06655912 0.7714976400000001 1.034248 10.243714 -1.965021
8700 -24.405847740000002 46.11894858 -1.6709765400000003 2.0519580000000004 13.225832999999998 -1.08686
8720 -15.965049060000002 42.258625290000005 -6.483762540000001 0.99396 5.8104510000000005 1.158518
8740 -6.74212851 31.42415718 -3.5486694 -1.416671 -10.148216 7.178356
8760 -0.16466085 23.06104389 -4.31911737 3.811201 2.359115 4.000589
8780 -0.05912487 12.02898276 -4.55352732 -2.776853 9.809811 -0.710288
8800 3.54388212 3.9022316100000003 -2.18889549 0.468912 5.64821 -0.169537
8820 5.3730743400000005 -2.86384311 -4.40983044 0.935413 -6.275245 4.968989
8840 9.30899349 -8.00085942 -5.03343252 2.239635 -4.490164 7.378242
8860 15.75893115 -13.00046706 -5.6080925100000005 2.934576 -1.8213 6.1576309999999985
8880 20.4266763 -18.09945981 -14.43687669 1.90973 2.701375 3.442075
8900 14.283742590000001 -3.64672035 -1.7774052300000003 2.087529 -4.2739 2.718387
8920 4.35518874 0.9328623300000001 3.1996001700000005 2.033687 -2.868246 2.094504
8940 -10.39633389 10.015225200000001 27.103990140000004 2.284064 -2.195603 0.700293
8960 -14.61380985 31.131358110000004 15.760579230000001 0.6690229999999999 -2.292192 -0.649346
8980 -1.50901344 14.426850869999999 -22.792357799999998 -1.077169 -1.738189 -2.0787150000000003
9000 15.7935114 0.8101196099999999 -8.32808178 -2.351484 1.594472 -2.69116
9020 19.45429929 0.10642868999999999 17.92402758 -2.591619 0.137549 -1.512721
9040 -4.109850450000001 17.4077469 -25.57701459 -3.465638 -2.381495 -1.3713879999999998
9060 -8.24619771 40.76188416 31.11489693 -3.673644 -0.343343 -3.3890510000000003
9080 -9.94217994 14.74643124 -15.863858910000001 -3.219852 -0.852081 -4.695938
9100 -4.8083028300000015 6.239621070000001 -8.78313825 -3.112388 -2.047839 -6.78737
9120 -4.49260722 17.09864361 -6.70381065 -3.375147 -0.8055260000000001 -7.142242
9140 -17.40131154 54.38954376 -6.43556601 -3.419906 -0.443931 -5.35802
9160 -20.17489284 19.84019526 11.90264958 -2.931972 -0.912657 -4.715214
9180 -4.627779210000001 8.98700967 4.90290066 -1.978294 1.090906 -3.62367
9200 -1.2145761000000002 6.4674485100000005 4.985834399999999 -0.7935 0.901198 -2.498859
9220 -7.506288270000001 6.91007571 -0.42286986 -0.211681 0.01985 -1.315417
9240 -12.92637213 -0.21195486000000002 8.12270943 0.5692689999999999 -0.8687819999999999 0.184551
9260 -16.407676260000002 -7.74908577 13.63693986 1.373489 -0.492334 2.047324
9280 -6.4358701200000015 -3.12984126 3.63354552 1.512404 2.378862 3.4536
9300 6.9123222 6.445591830000001 -1.52786826 1.7085689999999998 2.1925950000000003 3.776744
9320 10.68089256 6.87998844 5.01592167 0.702455 -0.014094999999999996 3.709518
9340 4.47703875 3.9218418000000006 3.82140702 0.753316 -2.04469 3.1783650000000003
9360 -2.5131258000000005 12.22119009 -5.6018043 -1.105096 -4.6421410000000005 2.204108
9380 -12.831764490000001 27.242154180000004 -3.26770119 1.446951 10.439464 -1.7252439999999998
9400 -24.422161770000002 49.53498677999999 0.52719921 2.049686 12.123553 -1.686873
9420 -15.01153668 42.05669625 -2.03636961 -4.019617 1.821847 0.7632770000000001
9440 -3.4608012300000004 28.448793990000002 -3.47696811 0.762759 0.303841 2.472531
9460 -0.9292718700000001 20.119358430000002 -2.7345178800000003 0.8065220000000001 -2.83131 2.179889
9480 1.1454156 10.8051264 -3.25333935 0.8310799999999999 -3.686111 2.270886
9500 4.56146361 1.30483791 -1.9429587900000003 2.371422 0.996241 5.609566
9520 5.840854380000001 -5.46588675 -2.52719334 2.485994 -0.837987 8.924205
9540 7.98753744 -8.44529166 -2.54635227 1.746991 -3.87635 7.219122
9560 11.177710200000002 -6.53242014 -3.5634923100000013 3.157701 -1.711629 3.849553
9580 13.433068440000001 -13.49099649 -10.65708369 2.623 -1.602155 3.044511
9600 16.59299697 -10.49078457 -1.96751322 1.4486370000000002 -1.85554 2.959721
9620 6.238277100000001 -1.7166322800000002 1.3964436900000001 1.111234 -0.856339 1.39648
9640 -1.5432895800000002 3.82320225 10.581497640000002 1.564335 -1.120816 0.012363
9660 -23.915769570000002 25.3840617 22.698044460000002 0.185018 -1.488614 -1.118433
9680 -9.25450875 23.483766600000003 -11.72017377 -2.052309 -0.900341 -2.433773
9700 8.13498174 21.71788812 5.00813253 -1.974805 2.070675 -2.22553
9720 8.394397380000001 22.233413430000002 -4.48302285 -3.426784 0.180627 -2.236455
9740 0.1907064 5.96180187 -11.14672041 -3.49847 -0.524031 -3.376914
9760 -4.830600960000001 2.5990417800000003 -6.36701373 -2.768742 -1.078525 -4.403009
9780 -5.9779687500000005 1.47398193 -1.11144357 -3.690004 -2.404945 -7.291942999999999
9800 -2.0850174000000004 10.174490549999998 -8.20294542 -4.429258 -0.969853 -8.0232
9820 1.23822801 35.193168990000004 -8.55904842 -4.348906 -0.16366 -5.377687
9840 0.8946916200000001 46.99298034000001 3.3311718900000002 -2.29735 0.50754 -6.1087669999999985
9860 -13.93302528 24.198680160000002 10.172999429999999 -2.658042 1.029236 -6.522151999999998
9880 -10.51623171 10.963950299999999 4.996007370000001 -1.250609 1.3616620000000002 -2.169357
9900 -2.40534333 7.037615520000001 5.30900523 -0.334831 0.018809 -1.214795
9920 -6.963069330000001 6.9382206 1.84267116 0.425656 -1.156286 0.278988
9940 -11.558661930000001 3.0772989000000006 9.36512631 1.152664 -1.449199 2.034189
9960 -13.88841921 -2.1595635900000003 10.306219230000002 1.42056 1.133074 3.653244
9980 -3.9095694900000004 -1.3403108700000002 0.40296537000000004 1.979553 2.35684 3.228292
10000 6.4346733 4.00088097 2.45295126 1.330685 -0.928453 3.785581
10020 7.67035071 5.0826787200000005 8.99853642 1.554533 -2.980625 3.438329
10040 -0.07589016 11.601924030000001 -1.5663430800000002 0.293296 -3.423302 2.548804
10060 -8.54603055 28.294610220000003 -4.51056933 2.225737 10.217311 -1.457805
10080 -21.435575940000003 39.40181595 0.20567646 2.967967 12.058548 -1.678239
10100 -20.26950048 49.025749680000004 -2.9268625500000005 -4.418121 2.342083 0.215034
10120 -5.33669886 35.682648750000006 -4.28214348 0.821366 0.5272560000000001 4.622985
10140 5.457499200000001 27.96080535 -8.72655417 0.826081 -0.822284 2.449847
10160 -10.0357281 12.849432299999998 -3.5859474 1.177852 -4.016008 0.024056
10180 0.75727314 4.8964653 -1.76662404 2.046216 9.141445 1.342129
10200 6.9624709199999995 -5.05438668 -2.08755819 2.094084 -0.017883 7.440929
10220 8.6039586 -9.55358622 -3.86047044 1.544554 -5.926158 10.108808
10240 13.55686083 -9.27022437 -3.5841423600000004 2.693213 -5.733931 6.335079
10260 17.606389590000003 -10.592121870000001 -9.66913821 3.765172 -1.559526 3.913421
10280 22.92856965 -15.031294020000002 -7.1753283 1.156542 -4.051737 2.8461950000000003
10300 11.325301650000002 -1.85943645 1.5117111900000002 0.399048 0.7766850000000001 1.491962
10320 0.29623257000000003 2.1266314200000007 5.62889952 0.410858 1.353024 0.145346
10340 -17.31000006 18.011591640000002 35.373388500000004 0.611541 -0.09892 -1.099075
10360 -17.51986539 35.320247730000006 -11.546085510000001 -0.820191 0.138114 -1.591147
10380 -3.64507227 16.27460361 -18.64118763 -2.46397 1.36209 -2.821971
10400 18.5964246 6.06628818 13.60251657 -1.78449 0.231253 -2.733522
10420 9.00272529 18.16951302 -28.280836980000004 -3.326642 -1.091994 -3.482876
10440 -1.45946313 12.382996230000002 -22.30571313 -3.653866 -0.556161 -3.73154
10460 -7.436980620000001 12.21130161 27.92098656 -3.66052 -1.7763 -4.424367
10480 -3.75478731 5.0545436399999994 -13.65999336 -4.225278 -1.573545 -7.48155
10500 -0.96848244 10.706486850000001 -7.83605142 -3.821643 -1.900688 -8.603149
10520 -3.78608121 36.621043920000005 -16.70900022 -3.171321 -0.153563 -6.258235
10540 -11.490256800000001 43.87720662 19.10192409 -0.112028 0.874784 -5.803417
10560 -5.61617595 20.32204284 7.56901341 -2.865614 1.489166 -5.211347
10580 2.1459375 10.825639110000001 19.29832029 -1.401215 0.657849 -2.122505
10600 -8.339157270000001 10.911712050000002 -0.25746345000000004 -0.398452 -0.712902 -0.12898800000000002
10620 -11.97494928 7.703881290000001 -2.8391415300000005 0.991368 -1.054447 1.758023
10640 -13.12755561 -3.7046484 7.24523436 1.86489 -1.307456 2.998246
10660 -12.105922590000002 -11.58066576 13.659247800000001 1.837856 -0.090822 4.063651
10680 -1.2609774000000002 -4.01958864 -0.63572724 1.611602 0.314031 4.247423
10700 6.00251337 3.1042469700000006 0.94453623 1.499727 -1.078735 4.7227169999999985
10720 3.71482137 1.72441161 5.061126150000001 1.665264 -2.828535 3.403656
10740 -0.9307629900000001 10.49303106 -1.25753409 -1.624838 -2.305245 2.201756
10760 -6.62971572 25.301137770000004 -8.49439071 1.853673 9.975775 -2.00382
10780 -19.17946233 43.95175281 10.26310428 3.918188 11.829653 -2.5355
10800 -26.990969130000003 63.55438910999999 0.43245423 -1.035935 5.53391 -0.6499189999999999
10820 -9.087454260000001 38.81084193 -8.58719331 -2.863701 -0.74507 2.855537
10840 13.812676200000002 33.35783571 -4.53017952 1.6296700000000002 -5.826716 1.429971
10860 10.69017282 6.2698653 -10.671612300000001 1.5596219999999998 -1.7813599999999998 -1.029408
10880 -5.012478360000001 -0.02006145 -3.6664776900000002 2.933637 5.289411 1.105436
10900 1.17655254 -3.1931550000000004 -2.71804689 2.41174 0.366755 7.413813
10920 5.9433885 -10.938356009999998 -3.3581199600000002 1.7157369999999998 -3.81569 10.453403
10940 14.330899260000002 -10.538686799999999 -4.67372925 2.521277 -7.838921000000001 5.687096
10960 16.224013440000004 -8.528519700000002 -7.115153760000001 4.256304 0.184197 2.72355
10980 21.03739785 -15.410303370000001 -5.92153182 1.6588439999999998 -2.963278 3.272393
11000 19.969824600000003 -8.91021699 2.67927777 1.447316 -0.319349 2.41295
11020 4.804408260000001 2.44142451 1.62981378 0.834471 1.2119879999999998 0.947516
11040 -9.938736630000001 12.20546466 24.20152506 -0.159768 1.192488 -0.770696
11060 -16.49315079 43.43233293 5.74116516 -1.336237 -1.052886 -1.6712060000000002
11080 -12.7629081 21.021682230000003 -13.981378770000001 -2.422886 2.682835 -2.808421
11100 3.75314904 4.208794110000001 -5.24674116 -2.084915 1.705985 -2.304881
11120 10.813965210000001 26.80610949 6.83044794 -3.462846 -2.728192 -2.583357
11140 0.35850645000000003 15.741567450000002 -16.0716249 -3.5460540000000003 -1.20348 -3.916896
11160 -6.4376653500000005 6.5628017100000005 9.9486153 -3.77333 -1.01938 -4.203935
11180 -2.8150481700000003 -4.0818625200000005 -11.57198391 -3.582817 -0.7633909999999999 -5.5136400000000005
11200 1.9067304600000001 -2.86549119 -5.960605050000001 -3.214768 -0.278674 -7.166366
11220 2.7484382700000003 19.0823139 -10.70993016 -3.290993 -0.475527 -5.826028
11240 1.18044711 59.45920461 -10.04036823 -2.321294 0.035709 -5.045449
11260 -12.82832118 28.80145368 14.12507565 -1.127316 1.914415 -4.372946
11280 -0.83167218 12.55514211 6.90783903 -0.91299 1.50361 -3.326201
11300 4.12123005 8.6503599 10.24080615 -0.4577270000000001 0.400797 -1.263144
11320 -4.954246200000001 8.95033989 3.7068948900000005 0.455444 -0.522095 0.697126
11340 -11.04687423 5.44642371 4.03651089 1.559708 -0.40206 2.48648
11360 -16.40783322 -3.4058652300000003 7.19134803 2.268656 1.300987 4.083037
11380 -14.749276140000001 -7.4616822 6.23169459 2.720132 0.036581 4.2053150000000015
11400 1.9227501900000001 -3.85104303 1.2428681400000001 1.77747 -1.251485 3.994214
11420 9.83379906 2.24009388 3.80508318 0.6635270000000001 -3.720153 3.202317
11440 2.6698503600000003 5.079539520000001 2.54336022 -3.158293 -2.857246 1.714257
11460 -5.648499899999999 16.53970905 -4.39935336 2.833482 11.430961 -2.058661
11480 -10.014175530000001 27.54437085 -1.22520033 1.937564 12.141455 -2.602077
11500 -21.8035098 51.19474068 6.2758494 -4.622794 1.658191 0.920575
11520 -17.181273240000003 44.30606058 -2.21854131 0.204475 0.746562 2.26617
11540 -5.889207870000001 31.0783743 -5.88336111 1.853715 -4.183595 1.651621
11560 4.15775268 26.09163738 -3.7500000300000003 4.255623 -4.969862 1.989872
11580 6.74767116 10.01013381 -5.676193530000001 1.514564 2.551632 5.531085
11600 4.428243810000001 -0.34159401 -2.47016781 0.25666700000000003 -0.790459 9.094443
11620 4.946761169999999 -5.6615275800000004 -2.9708702100000006 2.7077560000000003 -5.089162 4.923233
11640 7.5218567400000005 -8.46699138 -4.3063938 3.887065 -0.692681 2.816098
11660 14.111606520000002 -10.81112031 -4.63990437 1.4689290000000002 -0.871634 2.512085
11680 17.42871087 -12.476554200000002 -11.279793060000001 1.579317 -0.972477 2.061127
11700 20.691173520000003 -10.061175240000003 0.44097912 2.087948 -1.375875 1.003385
11720 8.48181429 -0.42601887000000005 2.8150481700000003 0.5216970000000001 -1.617076 -0.1887
11740 -3.5220254399999997 6.69168549 16.441658099999998 -1.578446 -1.24506 -1.621377
11760 -21.34187082 33.85944063 17.12304108 -2.89817 2.515215 -3.1020830000000004
11780 -11.598480720000001 25.69136976 -8.29469835 -2.750654 0.604445 -1.98338
11800 8.03034828 24.10751583 13.30987446 -3.61405 -1.915628 -1.594144
11820 8.130488759999999 31.0436469 -15.24085524 -3.936551 -0.050324 -3.710662
11840 1.86931512 5.27427783 -14.819927759999999 -4.050725 -0.8724379999999999 -5.0115
11860 0.40969503 -3.09841002 -14.99791059 -4.006125 0.557941 -7.106736
11880 -3.6021142800000003 -7.855210350000001 5.845641659999999 -3.273279 -1.663228 -6.925719
11900 -5.866595820000001 5.37142626 -9.80131815 -3.493607 0.122389 -5.724592
11920 -6.800213520000001 47.73064328999999 -0.9425938500000001 -2.642301 1.1908729999999998 -4.868642
11940 -4.615506900000001 47.09326797000001 8.3756799 -1.466544 2.332823 -3.4860230000000003
11960 -6.94764801 17.83825875 6.85484541 -0.984473 0.72277 -2.201931
11980 -0.29713509 9.71868852 7.28056017 -0.415538 -0.069481 -0.910802
12000 -5.852675430000001 6.17795541 1.8745536600000001 0.360599 -0.8535450000000001 0.816529
12020 -10.45036737 0.33170553 5.969885310000001 1.551427 -0.245836 2.586635
12040 -15.753094200000001 -6.67941318 11.240278380000001 2.062856 2.583056 4.391877
12060 -15.47721738 -5.3889469199999995 7.00438905 2.11461 2.49032 4.893354
12080 4.71594168 5.36424534 3.42263052 2.260581 0.154183 4.497852
12100 13.717323000000002 6.643636110000001 4.17676446 1.777078 -4.551417 3.389554
12120 10.27418958 8.24635467 2.38843089 -2.485885 -5.989572 2.565794
12140 -2.32900191 13.076955629999999 -7.547303879999999 1.741428 7.142164 -2.178297
12160 -10.663676010000001 25.79241276 0.60025428 2.716562 10.461047 -2.893584
12180 -19.46866113 39.06605889 6.1689694500000005 -3.947619 8.192019 -0.585001
12200 -14.498405009999999 39.73292307 -2.8122032700000004 0.705799 1.613682 3.165867
12220 -6.3384175800000015 31.5787824 -3.9481914600000003 0.168272 1.137826 1.688576
12240 1.57008069 25.485997410000003 -2.46432105 0.381554 -2.007677 1.173873
12260 -0.09236115 14.134355910000002 -3.9956424300000006 2.596402 0.534538 4.460186
12280 1.0517104800000001 4.64244516 -0.63572724 -0.26237 -1.168125 8.35316
12300 3.14406576 -2.14983207 -1.33162902 1.481804 -4.5833260000000005 7.3570449999999985
12320 4.3499502 -6.699023370000001 -3.6836942400000003 3.771838 -2.258078 4.106643
12340 9.800121330000001 -9.58546872 -4.8674277 2.637935 -0.832355 2.864168
12360 16.38402435 -15.94498761 -8.178989399999999 0.991309 -1.452892 2.563973
12380 20.307072780000002 -14.689248749999999 -6.996747060000001 0.717016 3.3507480000000003 1.925651
12400 14.282997029999999 -2.8306166400000006 -2.11285818 1.080278 1.233684 0.637284
12420 1.7610912000000003 1.88981802 2.6110197900000003 -0.038744 -1.491609 -0.708727
12440 -12.99986865 18.8158743 28.932888060000003 -1.6540979999999998 -1.019153 -2.371018
12460 -18.18882891 39.80657655 -4.91203377 -2.814559 4.070054 -3.058626
12480 -10.49752404 15.36105717 -2.883159 -1.91056 0.63885 -2.523417
12500 14.765443020000001 11.473785809999999 4.67059005 -3.2079470000000003 -2.306876 -2.138804
12520 14.76035163 25.498720980000005 -2.938095 -3.686993 -0.824419 -3.750655
12540 3.88082619 11.46226887 -19.14279255 -3.966966 -1.433924 -4.264577
12560 3.13627662 5.45300622 -10.244543759999999 -3.4132260000000003 0.775766 -8.012999
12580 -4.99435929 7.34447232 -5.35855554 -2.797961 -2.967952 -9.791039
12600 -9.675730530000001 21.163142430000004 -6.1111885500000005 -2.561058 -1.062511 -6.453633
12620 -14.58986364 49.18726152 -8.87144787 -1.424285 0.558199 -5.415867
12640 -4.8539585700000005 20.00979054 11.836333980000001 -0.404395 0.955775 -4.759774
12660 -1.3512392100000001 16.54344666 8.27299863 -0.315689 -0.133799 -3.025102
12680 6.16447647 11.435615100000001 10.748846430000002 0.365013 -0.784275 -1.056122
12700 -3.2733909900000002 11.12337261 0.83376171 1.48364 -1.912949 1.038308
12720 -11.03864364 6.089037570000001 -4.158802350000001 2.149537 -0.649016 2.9929810000000003
12740 -18.34914393 -4.31911737 12.20322798 2.263555 1.894641 5.343811
12760 -22.0958478 -6.12256815 4.12632144 1.789309 -1.499681 6.108626
12780 -5.642064540000001 -5.2518325500000005 8.16941484 2.112484 -3.672868 3.706964
12800 7.7044797 1.9917537300000001 -2.94063579 0.399868 -4.466088 2.958945
12820 8.77175865 1.6401437100000003 3.7712583 -2.608204 1.63215 0.35890900000000003
12840 -0.36583452 3.5892337500000004 -2.22153336 3.991105 11.06412 -2.432528
12860 -7.747290540000001 17.30267199 -6.4810746 2.614728 9.079575 -1.789052
12880 -21.65247504 43.5432546 12.238995240000003 -10.42667 -5.205222 3.777302
12900 -33.46530426 68.90500836000001 0.07499745000000001 -0.14361 2.791857 3.90618
12920 -15.20148771 44.33630481 -7.997720220000001 0.780429 -7.783438999999999 -0.542187
12940 2.38978467 34.98015465 -3.54328371 1.779135 8.174825 -0.982949
12960 10.162218240000001 18.14571396 -4.810843620000002 2.538732 4.596557 2.351249
12980 4.33303776 1.76528007 -1.7877351600000002 1.849866 -0.446842 8.895759
13000 5.44597245 -5.31799119 -2.20192317 1.852518 -10.552411 10.314508
13020 8.00805015 -8.15249259 -4.782855690000001 4.824195 -0.112977 3.552565
13040 15.291602370000001 -8.255477970000001 -7.1917992900000005 2.188188 -5.036561 2.34619
13060 23.21492355 -11.54115108 -10.21461345 0.896956 -0.018206 2.439698
13080 23.480774550000003 -10.742715180000001 -1.61245008 -0.019347 2.611367 0.98676
13100 17.22123918 -2.9639835900000002 0.91205532 0.005981 1.352355 -0.933181
13120 0.97208271 2.3861844000000003 7.38998091 -0.557176 -0.7870590000000001 -1.6906740000000002
13140 -20.1576861 18.34524936 37.42921134 -2.766176 2.3629830000000003 -2.709996
13160 -11.733201450000001 30.01588263 -7.70582367 -2.344482 1.90681 -2.750263
13180 -5.55330366 14.110105590000002 -18.497333790000003 -3.268684 -0.446687 -2.672518
13200 18.21681684 11.63724984 3.58010064 -3.833642 -0.893308 -3.712067
13220 11.08429938 38.62283328 -23.568789870000003 -4.00294 -0.596508 -3.728585
13240 0.02679111 24.648341130000002 -18.84132144 -3.848472 -1.070051 -5.584537
13260 -8.30607795 2.7078641100000005 34.04445723 -2.983308 -0.796671 -8.628618
13280 -3.5904305700000005 -3.71228058 -16.92904833 -3.213652 -0.902069 -6.849366000000002
13300 -3.21067566 1.38027681 -12.37461849 -2.412809 -0.967034 -5.152694
13320 -5.19689655 31.45963014 -22.984555320000002 -1.062822 1.126622 -4.556288
13340 -7.3648378800000005 57.890016630000005 25.48929357 -0.7697069999999999 1.397407 -3.265244
13360 -0.5954571900000001 17.633926260000003 7.42620924 -0.395825 0.575449 -1.569516
13380 5.091507720000001 9.57977892 18.359925120000003 0.565601 -0.5658479999999999 0.355053
13400 -6.777003060000001 11.66449221 3.1612725 1.894502 -1.328386 2.080877
13420 -10.56906837 6.06523851 -0.42481224000000006 2.689087 -0.17560599999999998 4.0152269999999985
13440 -13.344454709999999 -5.0308917300000005 7.0838696699999995 3.4111830000000003 1.635926 5.643783
13460 -13.91491602 -10.09245933 9.68501079 1.789014 -0.105813 5.189235
13480 -1.17774936 -5.231319840000001 1.6395453 0.686584 -4.454491 3.272854
13500 6.828348600000001 3.23267949 2.42870094 -3.449611 -6.364015 2.734731
13520 5.590571850000001 1.6507679400000002 3.2277352500000003 1.869307 9.949927 -1.947062
13540 -2.6463456 12.1640076 -0.35461188 3.395556 12.04241 -3.072466
13560 -9.07697718 22.95836262 -6.788088360000001 -1.176835 5.218266000000002 -0.7135239999999999
13580 -21.245320800000002 36.17497341 6.427188270000001 -2.799977 0.956599 2.960624
13600 -32.376924 63.52819641000001 2.93764374 0.577715 -3.299919 1.817832
13620 -11.921504400000002 41.32112283000001 -8.064330120000001 1.283901 -2.20976 0.31303800000000004
13640 3.42263052 25.39738368 -4.4914104 2.555134 4.496497 3.116339
13660 8.08603965 12.977266410000002 -4.93867773 2.258992 -0.634546 8.595482
13680 5.41858293 2.41073883 -2.26733625 0.544561 -6.458885 9.400683
13700 6.120625770000001 -3.3136610400000004 -2.3643375300000002 2.036499 -3.679807 4.707366
13720 7.75238193 -5.865104700000001 -3.83532741 3.144178 -1.053996 3.239729
13740 10.63208781 -6.828348600000001 -4.307296320000001 1.5055889999999998 -3.140657 3.008767
13760 14.267428559999999 -9.74129076 -6.55397271 1.401134 -0.921893 2.352511
13780 23.33378151 -11.90818242 -5.33101887 1.2056639999999998 0.086614 1.268813
13800 15.992448390000002 -4.58825472 1.9523862 0.298072 -0.327459 -0.419446
13820 0.19743606000000002 2.8886918400000003 7.62529338 -1.098174 -1.142705 -1.7933419999999998
13840 -25.80603885 21.74902506 37.50855462 -2.355837 2.517158 -2.460568
13860 -13.24161648 28.697271479999998 -9.846669780000001 -2.020142 1.53276 -1.932465
13880 -3.10185333 11.127110220000002 -18.02297124 -2.6266990000000003 -1.227073 -1.481307
13900 13.39205283 9.96538059 3.1262508 -3.407077 -0.633843 -3.167832
13920 7.137157590000001 18.39898854 -16.2623313 -3.3072410000000003 -0.111002 -3.733962
13940 2.1652435800000003 11.372752620000002 -10.752741000000002 -3.40395 -0.692086 -5.119376
13960 -4.627926360000002 9.57064581 11.2907214 -2.2564450000000003 -1.733959 -7.966452
13980 -2.1463887600000002 4.1474227500000005 -13.297602150000001 -2.904002 -4.091721 -6.5311949999999985
14000 -0.8880993 17.13606876 -9.871675470000001 -2.526397 -0.8375319999999999 -4.672953
14020 -2.5373761200000002 47.8988946 -9.66135888 -1.548406 0.788028 -3.910836
14040 -9.64549611 28.332633780000002 15.343693470000002 -1.116498 2.2046 -3.159742
14060 -1.5561603 15.055387379999999 5.880820320000001 -0.7550020000000001 1.274618 -2.143351
14080 4.56625089 7.79967594 7.77498417 0.150608 0.6780229999999999 -0.789233
14100 -4.900811129999999 7.297325460000001 3.22833366 1.229263 0.229664 0.906667
14120 -11.21707773 6.09277518 1.7187218100000001 2.4128580000000004 1.507943 2.821141
14140 -15.380068950000002 -2.0836636200000003 8.7599376 3.134375 1.674216 4.834224
14160 -16.41635811 -6.71742693 8.78747427 1.789059 -0.723386 4.319426
14180 -1.52726985 -0.53888292 4.98971916 0.6984899999999999 -3.275198 2.988347
14200 9.16977978 2.37271527 -0.40864536 -1.715211 -5.183751 2.578691
14220 8.422385310000001 1.22070735 3.94324722 0.521046 7.660597 -0.500764
14240 -0.60683679 2.26224486 -2.185452180000001 3.1465650000000003 12.368421 -3.1323060000000003
14260 -6.712943760000001 12.272231520000002 -7.078778280000001 1.68458 7.856255 -1.154117
14280 -16.11818316 32.29549119 2.88465012 -1.474905 1.766844 3.782826
14300 -24.23879325 45.75714597000002 2.92851063 -0.1989 -0.6041350000000001 2.597301
14320 -14.184955890000001 52.037782650000004 -4.7005203600000005 0.732636 -7.4043009999999985 -0.209721
14340 -2.7634083300000003 31.80361779 -4.45862538 3.061218 8.254999 1.561863
14360 7.42501242 24.222626370000004 -2.2050623700000003 -0.816896 6.198122 5.674633
14380 9.05736699 13.058689410000001 -3.0090409200000003 1.313316 -6.269963 7.313163999999999
14400 4.93793217 1.015335 -0.93719835 1.706896 -4.806232 4.035664
14420 4.37360211 -4.108359330000001 -2.1095620200000003 3.183125 -0.201038 3.022059
14440 5.50794222 -7.16918724 -3.2067810900000002 2.143465 -2.9340740000000003 3.008685
14460 12.124934370000002 -12.000249270000001 -4.0600058400000005 2.698886 -1.620551 2.518431
14480 17.18247006 -15.17604057 -8.652312089999999 1.627521 -3.1556900000000003 0.538841
14500 17.211654810000002 -9.37366101 -0.74664891 -0.980961 -2.379718 -1.571952
14520 7.246882439999999 -1.8029995200000002 -0.5060979 -1.89165 1.3710209999999998 -3.153406
14540 -2.02004577 4.104768870000001 17.98255404 -2.7034 3.984452 -1.995927
14560 -14.21444475 33.73160652 11.62901925 -2.460775 -1.200628 -1.578459
14580 -11.13818571 26.339977530000002 -13.479469740000003 -3.936835 -0.952183 -1.6895
14600 5.651796060000001 4.67807508 -8.51908248 -3.383435 -0.197293 -4.19906
14620 23.56609212 23.28767451 42.767116830000006 -3.709274 -1.42223 -5.811713
14640 3.31665309 35.14242186 -40.46684841 -2.207071 1.612075 -8.009919
14660 -1.79027595 17.80128486 -11.31751251 -2.613602 -1.681975 -6.539732
14680 -13.001065470000002 6.0099984 20.92273857 -1.871676 -1.5286 -5.047781
14700 -7.18969995 6.13634139 -6.603071760000001 -1.276966 -0.391695 -3.764286
14720 -7.82213103 31.124177190000005 3.36305439 -0.99263 0.88185 -3.081338
14740 -13.22215344 46.9444797 6.6111552 -0.385022 -0.11178 -1.813182
14760 -8.38900188 13.224095819999999 3.7862283600000004 0.792175 -0.8318610000000001 -0.7155189999999999
14780 -0.8008393500000001 6.45098733 8.6529105 1.593379 -1.372679 0.8995129999999999
14800 -1.2100831200000002 6.1412758200000015 2.81070234 1.636696 0.7030649999999999 2.843456
14820 -9.063056790000001 2.48498091 5.87527767 1.391448 4.857104 5.317899
14840 -16.509170519999998 -5.78726235 11.925850230000002 0.6210680000000001 0.661151 5.410831
14860 -15.167358720000003 -6.137391060000001 5.547613860000001 0.7581180000000001 -1.979399 3.363117
14880 1.2240035100000002 2.215392300000001 8.05909158 -1.3033709999999998 -5.307069 2.690684
14900 10.654395749999999 4.794382440000001 -0.41957370000000005 1.833954 7.47675 -2.014642
14920 11.262576509999999 4.2152392800000005 4.45458366 2.713993 8.813365 -3.498241
14940 0.12304683000000001 4.00207779 -9.1015218 1.153163 4.918946 -1.938139
14960 -9.0665001 18.13987701 -4.973562090000001 -10.463599 -3.985008 3.957078
14980 -22.72529664 48.186151020000004 2.9835937800000005 -0.010967 -2.231352 2.835707
15000 -27.266551650000004 58.47859701000001 -1.47862206 0.173761 -6.962541000000001 -1.239684
15020 -9.540705690000001 28.548934470000003 -3.26770119 2.763498 6.197009 0.4589470000000001
15040 2.97835524 28.268270370000003 -2.1323114100000007 2.462084 8.197583999999999 4.979266
15060 7.429946850000001 19.141595730000002 -2.93195394 -0.305718 -1.376422 8.532585000000001
15080 4.80694905 4.12646859 -2.59485291 1.424866 -11.275905 6.205133999999998
15100 6.86666646 -0.8937891 -0.29742939 3.177355 -0.585272 3.210518
15120 7.36737867 -3.0244622400000005 -1.09183338 2.351596 -2.735358 2.951132
15140 9.23609538 -3.1421135700000002 -2.2519149300000003 1.900829 -3.180957 2.621679
15160 20.494934280000003 -10.92173787 -3.9448953 1.783669 -0.8944850000000001 1.295472
15180 21.21897114 -18.066978900000002 -4.37195403 0.946034 -0.404391 0.141722
15200 5.66227314 -9.78844743 -0.48559500000000005 -0.687491 -0.600851 -0.992137
15220 -1.04587353 -2.04983874 6.400093050000001 -2.024842 -0.032045 -2.215708
15240 -27.046356390000003 22.169501280000002 22.317387030000003 -2.622136 3.230175 -2.316996
15260 -16.843269690000003 31.858700940000002 -16.45363611 -2.507119 0.263599 -1.6725259999999995
15280 -7.47440577 11.84666391 -14.81588604 -3.093569 -1.951531 -1.591531
15300 13.156887509999999 1.59538068 19.208205630000002 -3.32647 -0.502141 -3.405651
15320 6.105498750000001 34.02604386 -25.71846498 -3.5612470000000003 -1.032943 -3.926835
15340 1.52173701 22.76466417 -16.8350391 -3.123708 -0.535391 -5.120825
15360 -1.015335 2.7851080500000003 13.154042610000001 -2.309121 1.919092 -6.1138629999999985
15380 3.3392553300000003 -5.375320830000001 -6.217921350000001 -2.371859 -0.019881 -5.48477
15400 6.412218210000001 5.488783290000001 -10.27598481 -1.796627 -0.913151 -4.5107300000000015
15420 0.7050348900000001 39.5118351 -20.127294720000002 -1.328594 1.067399 -3.636193
15440 -20.62800693 52.84955034 21.93284484 -0.678399 1.335482 -2.51143
15460 -15.076047240000001 12.71216097 6.45338097 -0.322069 0.097351 -0.8879299999999999
15480 0.56851893 7.39162899 7.057824120000001 0.351227 -0.832305 0.309031
15500 2.92312494 7.45135227 5.611977270000001 1.47662 -1.286423 1.806576
15520 -5.22832779 4.920117210000001 2.39352228 2.607781 0.513367 3.086559
15540 -10.50036894 -1.06488531 9.0608103 3.4103760000000003 3.160576 4.254203
15560 -13.85938161 -5.27891796 7.386988860000001 1.299281 1.675024 4.358865
15580 -8.450530200000001 -4.10057019 8.01089505 0.711537 -0.773099 3.301425
15600 5.99488119 3.0081482100000003 2.8771650900000005 -2.5362150000000003 -8.886182000000002 1.842764
15620 11.590250130000001 3.3593167800000003 0.8038314000000001 0.640055 5.473868 -3.068341
15640 7.71076791 3.0377842200000003 3.92004657 3.311663 12.621594 -4.248838
15660 -1.66378581 9.3272499 -5.46558264 -1.338815 6.608147 -1.029426
15680 -6.87744765 19.57883724 -4.93434171 -1.793907 -1.446127 2.221906
15700 -15.331117050000001 34.44037902 3.93546789 -0.265328 -4.522303 1.345628
15720 -22.40300871 59.048754210000006 2.4050490300000003 -1.102075 0.715344 -0.24576
15740 -10.21176855 29.64794877 -3.35123334 0.999044 0.538387 3.551717
15760 -1.0720662300000001 24.47365446 -1.57876254 2.192072 0.558597 7.580812
15780 4.66803945 16.912283040000002 -2.9991622500000004 0.697687 -4.622675 8.019257000000001
15800 3.06517374 4.51027503 -3.49463592 2.1394490000000004 -4.541307 5.871415
