time Ax Ay Az Gx Gy Gz
20 0.43903674000000004 11.685446370000003 -1.22355225 0.022781 -0.780315 -0.15266500000000002
40 0.93195981 10.423723410000001 -0.11855385 0.002345 -0.656363 -0.22987800000000005
60 1.0548594900000001 8.63210349 0.07289811 0.08429400000000001 -0.543408 -0.309567
80 0.9216298800000001 7.848931950000001 -0.49696479000000005 0.603789 0.01683 -0.203039
100 0.38305107000000005 7.566619770000001 -2.17557351 1.127897 -0.620919 0.053539
120 0.8390100600000001 7.76764629 -3.35152764 1.26188 -1.804256 0.157473
140 1.0383885000000002 6.52104054 -3.0497622300000002 1.449128 -0.546616 0.108031
160 0.8842145400000001 5.0409175500000005 -2.44231722 1.471797 0.817446 0.22715
180 1.47009717 4.81368852 -2.7155061000000003 1.07691 0.424437 0.8156220000000001
200 2.06136549 6.29395866 -2.6952975 0.969347 0.13225399999999998 0.716969
220 2.0070279 7.36991946 -2.7393051600000007 1.070323 -0.4699140000000001 0.435367
240 2.34457038 7.6948953300000005 -2.8350998100000004 1.00949 -0.532429 0.138057
260 1.8598779 7.2890948700000004 -0.71311833 0.720317 -0.6502979999999999 0.028297000000000006
280 1.2717585900000001 7.369625160000001 1.85973075 0.21417 -1.345796 -0.097192
300 -1.5437408400000001 9.76628664 3.81511881 -0.185203 -1.7584099999999998 -0.195593
320 -5.17848318 15.049256130000002 1.10080953 -0.58022 -1.790169 -0.16947
340 -5.5238148 16.38088515 -3.1581333000000003 -0.853049 -1.571453 -0.016763999999999998
360 -2.52300447 15.021709650000002 -4.23334854 -1.033805 -1.507568 0.147466
380 1.7316023400000002 16.8694722 -0.7815234600000001 -1.081226 -1.427193 0.335039
400 -4.50128907 21.85739613 -5.519773080000001 -1.028108 -1.329968 0.483769
420 -2.8666880100000003 17.674049160000003 -5.90177448 -0.921227 -1.401146 0.60852
440 0.48124917000000006 10.63208781 -6.29740197 -0.909964 -1.6094540000000002 0.743462
460 2.23650342 9.27561006 -4.263131700000001 -0.976666 -1.329831 0.671067
480 1.66258899 9.54759231 -3.2977884600000005 -1.346406 -0.5552 0.149404
500 0.16615197 7.96104063 -2.10506904 -1.201663 -0.4299770000000001 -0.122142
520 -1.0383885000000002 6.402937950000001 -1.5780169800000001 -1.336306 -0.789273 -0.197398
540 -1.5358045500000002 5.1825249 -1.4599143900000002 -0.55592 -1.1499469999999998 -0.18828
560 -1.79746668 4.7105559900000005 -1.5302717100000003 1.074225 -0.002787 0.032076
580 -0.94319226 5.1861153600000005 -1.5069141000000001 1.688164 0.344578 0.27733800000000003
600 -0.32138541 4.97804526 -1.7482106700000002 1.234594 0.7097319999999999 0.196789
620 0.33485454 4.60202796 -1.2808818900000003 0.15476900000000002 -0.014377 -0.268092
640 0.47960109000000006 4.75576047 -0.8146027800000001 0.406453 -0.77268 -0.5292140000000001
660 -0.6328823400000001 5.01217425 -0.7801794900000001 -0.7455970000000001 -0.713011 0.198668
680 -2.1775257 5.493129120000001 0.40012047 -0.427705 -0.333251 0.591371
700 -3.8154131100000006 7.775131320000001 2.1454862400000003 0.727622 -0.555197 -0.316809
720 -4.51625913 11.93767128 1.52443476 -0.457599 -0.732213 -0.043919
740 -4.31133804 10.16087427 -3.31395534 -0.525579 -0.813296 0.045441
760 -2.05029 9.77737194 -8.48031336 -0.309833 -0.450973 0.358404
780 0.46418958 7.5817369800000005 -7.329806370000001 -0.6417229999999999 -0.304541 0.523609
800 0.46134468 6.275103840000001 -4.55248746 -1.220813 -0.215322 0.558974
820 -1.8797922000000002 8.88237621 1.69522686 -1.370047 -0.618821 0.361896
840 -2.32287066 15.08967333 2.6942478300000006 -1.262231 -0.8578680000000001 0.108719
860 2.47974237 19.71504909 1.66334436 -1.41037 -0.610106 0.08279700000000001
880 5.576651460000001 13.27244931 1.6021201500000002 -1.42065 -0.5694060000000001 0.03674
900 0.03622833 14.49255825 -1.47577716 -1.082793 -0.567814 -0.121135
920 -0.26001405 30.447738450000003 -3.988755810000001 -0.652011 -0.299188 -0.272295
940 -1.91781576 16.44315903 1.31007645 -0.412907 -0.13131900000000002 -0.368048
960 -2.56880736 10.71277506 -1.53955197 -0.351727 -0.097252 -0.415734
980 -1.78429185 9.69204456 -1.93173615 -0.347675 -0.122922 -0.39324
1000 -0.5225590800000001 9.88858791 -0.80187921 -0.068289 0.119905 -0.35528000000000004
1020 1.22804523 10.650805290000001 1.31606055 0.340849 -0.111181 -0.463221
1040 -0.15178032 8.29290312 1.06698465 0.457959 -0.164858 -0.461266
1060 -0.03652263 6.2035497 1.08629073 0.613682 0.293759 -0.467176
1080 0.5951628900000002 5.6889171 1.51050456 0.935728 0.543852 -0.418245
1100 0.49980969000000003 6.439911840000001 0.7695454500000001 1.22309 -0.350589 0.033562
1120 0.48813579 7.4182729499999995 -0.31658832000000003 1.4950370000000002 -1.197985 -0.076684
1140 0.27692649 7.978855590000001 -1.2404745000000001 1.811442 -1.499868 -0.514195
1160 0.29293641 8.1701604 -1.1488589100000002 1.481305 -1.4897 -0.639359
1180 -0.13367106 8.55890127 -1.1814967800000005 1.639719 -0.386673 -0.36086
1200 -0.38933928 9.61555599 -2.49396687 2.012378 0.054642 -0.224227
1220 -0.7220944800000001 10.41054858 -2.56057677 1.845075 -0.464164 -0.07518
1240 -1.8724543200000003 11.26242936 -0.5667237 1.629088 -0.853118 -0.122124
1260 -1.11787893 10.921885020000001 -0.55175364 1.475616 -1.4271790000000002 -0.019911
1280 1.25274681 11.5540218 -0.9768699900000001 1.320552 -1.773696 0.18989
1300 5.136722010000001 13.150756260000001 2.2439884500000002 0.990284 -2.264111 0.306784
1320 1.00485792 13.58829207 5.976919080000001 0.931561 -2.484526 0.333362
1340 -3.9164561100000004 12.6965925 3.8636194500000003 0.96648 -2.4891490000000003 0.393432
1360 -4.979546190000001 13.21272603 -0.15358536 0.84234 -2.458288 0.508962
1380 -0.20582361000000002 14.16579696 0.5878250100000001 0.636915 -2.238576 0.6204770000000001
1400 3.5094490200000004 14.437180800000002 0.79859286 0.334751 -2.013973 0.658671
1420 2.08935342 13.362563970000002 0.52376571 -0.037644 -1.756072 0.688854
1440 0.35311095000000003 10.806627330000001 0.25042968 -0.330217 -1.555915 0.7047140000000001
1460 -0.83361456 8.454414960000001 -0.5698629000000001 -0.468561 -1.304833 0.639332
1480 -1.51215264 8.22060342 -1.65256317 -0.156855 -1.386396 0.519837
1500 -0.61102566 9.15272019 -1.0788057 0.00835 -1.536716 0.405815
1520 0.33889626 8.10908334 -1.02192732 0.17871199999999998 -1.63098 0.387898
1540 1.32953949 6.83343999 -1.05335856 0.514451 -1.860448 0.471722
1560 1.84715433 6.26477391 -1.1829879 0.632233 -1.972727 0.741881
1580 0.59411322 6.7698221400000005 -0.96773688 0.666828 -2.18018 0.909031
1600 -0.44561925 7.25436747 -0.27018702 0.425904 -2.194025 0.85075
1620 -1.6304121900000001 7.172189100000001 0.10523187 0.469173 -1.695193 0.7425229999999999
1640 -2.2439884500000002 7.03118016 0.08756406 -0.302 -0.99369 0.208535
1660 -2.3436776700000004 7.3259118 -0.12544047 -0.681507 -2.176696 0.142239
1680 -2.1519216 7.8800590800000005 -0.67165146 -0.629337 -3.48889 0.040667
1700 -3.53235537 9.78230637 -1.83069315 -0.352921 -3.888596 -0.141692
1720 -2.3523595200000003 12.226722930000001 -3.6824876100000004 -0.058043 -3.401296 0.01784
1740 1.15485282 11.58231384 -3.16157661 -0.501626 -2.73652 0.390972
1760 2.16719577 10.497072779999998 -4.38378489 -0.8577739999999999 -1.898307 0.472868
1780 3.1183145100000003 9.4137741 -4.798424160000001 -0.941173 -2.299972 0.825313
1800 3.49119261 9.24207948 -5.35212018 -0.535571 -1.996818 0.8523270000000001
1820 4.25190906 10.66442157 -3.1990017600000002 -0.238087 -1.750905 0.90216
1840 1.59927525 14.330899260000002 -1.44644526 -0.275109 -1.554315 0.789486
1860 -2.4569929800000003 18.77875326 1.09811178 -0.391102 -1.461448 0.5770489999999999
1880 -3.3901496100000004 18.11757888 3.18762216 -0.476363 -1.460119 0.31901
1900 -3.3581199600000002 8.83327716 1.54359369 -0.561357 -1.453139 0.245768
1920 -1.8357845400000001 3.8737924200000005 1.01893527 -0.529057 -1.263179 0.132519
1940 0.42930522000000004 2.31344325 1.11083535 -0.528149 -0.903861 0.051948
1960 3.0966147900000003 4.75920378 3.120561 -0.597464 -0.701049 0.009544
1980 3.07116765 11.303592120000001 4.997655450000001 -0.610422 -0.515576 -0.007876000000000001
2000 -0.51013962 16.55167725 1.58669883 -0.606757 -0.465307 -0.061326
2020 -2.61341343 12.603338640000002 -0.47855142 -0.551512 -0.35547199999999995 -0.136925
2040 -2.5313822100000003 9.023532300000001 -1.58475645 -0.373999 -0.101191 -0.210786
2060 -1.4419522800000002 8.586447750000001 -0.6170195700000001 -0.15697 0.016228 -0.192329
2080 -0.38784816000000005 8.71652835 0.33829785 0.027285000000000004 0.074722 -0.061862
2100 -0.53603802 8.550964980000002 0.85202793 0.089866 0.155876 0.101909
2120 -0.2402469 8.128095120000001 0.9190890899999999 0.236561 0.138973 0.205505
2140 -0.44442243000000003 8.53211016 0.55624662 0.447931 -0.024933 0.252056
2160 -0.46058931000000003 8.861274900000002 0.15253569 0.928873 0.166189 0.258376
2180 -0.37751823000000007 9.1854954 0.17258733 1.226657 0.036883 0.102525
2200 -0.09460764 9.301802760000001 0.036071370000000005 1.345541 -0.31314200000000003 -0.113046
2220 -0.14624748 9.30420621 0.17693316 1.530497 -0.317686 -0.202547
2240 -0.41045040000000005 9.420955020000001 0.08471916 1.5993540000000002 -0.407487 -0.182723
2260 -1.37833443 10.25577621 -0.17842428 1.561117 -0.07521699999999999 -0.12573199999999998
2280 -2.0670552900000003 10.71651267 0.08442486000000002 1.596534 0.040497000000000005 -0.056198000000000005
2300 -0.77688333 11.32125993 -0.01886463 1.59826 -0.012923 -0.01873
2320 0.8777791800000001 11.606868270000001 -0.16989939 1.576703 -0.08519199999999999 -0.042289
2340 2.6270395200000003 12.194840430000001 0.06361785 1.315461 -0.4457390000000001 0.038602
2360 1.44015705 13.05944478 0.41164722000000004 1.003703 -0.933763 0.074437
2380 0.16435674 14.15875338 1.0785114 0.851772 -1.022746 0.080968
2400 -0.10073889000000001 11.801910690000001 3.2882139 0.885986 -0.769329 0.08088200000000001
2420 -1.63369854 9.764942670000002 4.752915570000001 0.628323 -1.146526 0.060337
2440 -1.99744353 8.29335438 3.24659988 0.325982 -1.401436 0.133328
2460 -0.83047536 8.74391787 1.6328058300000001 0.026776 -1.385969 0.254063
2480 -1.06473816 10.2523329 -0.52271604 -0.244178 -1.287384 0.343912
2500 -0.34083863999999997 11.36167713 -0.2860596 -0.362043 -1.102922 0.403741
2520 -0.34054434000000006 12.525054840000001 -0.20911977 -0.320031 -0.708123 0.471894
2540 -0.26644941 11.35314243 -0.41957370000000005 -0.098855 -0.600375 0.507484
2560 -0.20238030000000004 10.02271023 -0.90576711 -0.020976 -0.90717 0.438987
2580 0.23665644 8.82639054 -0.59396607 -0.014215 -0.886713 0.379188
2600 0.7231441500000001 8.14201551 -0.9122024700000001 0.16742200000000002 -1.0747950000000002 0.370015
2620 1.01069487 8.065232640000001 -1.5308701200000001 0.482317 -1.173247 0.47489
2640 0.48634056000000003 7.7944374 -2.09250243 0.65828 -1.289464 0.614069
2660 -0.52166637 7.10377416 -1.51425198 0.5830489999999999 -1.336377 0.689447
2680 -0.48184758000000005 6.7439237400000005 -2.114055 0.390694 -1.119654 0.738032
2700 -0.30371760000000003 6.684798870000001 -2.40849234 0.233685 -0.699436 0.483228
2720 0.08846658 7.0166613600000005 -1.9461078 -0.347587 -1.580852 0.030576
2740 -0.00718092 7.528449060000001 -1.9390642200000001 -0.564612 -2.341971 0.080242
2760 -0.8890018199999999 8.23811427 -1.61618769 -0.34685900000000003 -2.8040580000000004 -0.168677
2780 -2.6643077100000006 9.62632737 -2.1644980200000004 -0.151553 -1.96586 -0.294437
2800 -2.29711941 11.14971246 -3.0599352 -0.4108890000000001 -1.529069 -0.076754
2820 -0.38620008 11.281137029999998 -2.9621883600000003 -0.748567 -1.18154 0.153314
2840 0.65787822 9.817632180000002 -4.11120423 -0.672656 -0.812431 0.488793
2860 1.4200956 8.831334779999999 -4.305196980000001 -0.328058 -0.49438 0.573045
2880 1.5929870400000001 8.004008429999999 -3.96555516 -0.277712 -0.159206 0.626379
2900 1.27998918 9.489664260000001 -2.61461025 -0.394717 -0.15424100000000002 0.551848
2920 -0.52824888 12.41817489 -0.88361613 -0.5150520000000001 -0.318079 0.336505
2940 -3.70300032 17.16360543 0.8765725499999999 -0.388807 -0.452952 0.122847
2960 -3.7516481100000005 16.720831080000004 0.28725642 -0.27741 -0.18462 0.055983000000000005
2980 -0.73976229 10.03872015 0.09774684000000002 -0.227455 0.204208 0.012036
3000 1.14780924 6.0671808899999995 -0.15193728 -0.157553 0.230985 -0.084718
3020 1.97739189 4.32825048 1.5208344900000001 0.02745 0.225423 -0.185968
3040 0.9635480100000001 9.50313339 1.96885719 0.249355 0.3561 -0.290339
3060 -0.95591583 14.43732795 0.73885977 0.381027 0.605267 -0.377333
3080 -2.59964019 14.69718504 -1.5633510300000002 0.078127 0.346568 -0.421846
3100 -3.5675340300000005 9.959543640000001 -2.41163154 0.10039 -0.043976 -0.544036
3120 -1.91062503 8.104148910000001 -1.24750827 0.482909 0.3169 -0.546099
3140 -1.1214693900000001 7.494761520000001 -0.03398184 0.418273 0.765155 -0.433893
3160 -1.14316911 7.6669074 -0.00164808 0.233336 -0.004490999999999999 -0.410698
3180 -1.02162321 8.4969315 -0.40176855 0.257795 -0.148834 -0.299247
3200 -0.35431757999999997 7.99052949 -0.49711194 0.291922 0.232888 -0.151015
3220 -0.10747836000000001 7.78051701 -0.17753157 0.393768 0.403794 -0.08856599999999999
3240 -0.41194152000000006 7.88081445 -0.56357469 0.352956 0.142798 -0.052197
3260 -0.36658989000000003 8.10130401 -1.59867684 0.369542 0.03939 -0.047676
3280 -0.6381208800000001 8.068675950000001 -1.87200306 0.326508 0.129405 0.122824
3300 -0.70353396 7.3575 -1.21412484 0.475694 0.28586500000000004 0.5595
3320 -0.21899844000000002 6.17600322 -1.33133472 0.599938 -0.612259 0.7420479999999999
3340 -0.45235872000000005 6.5470860900000005 -1.75599981 1.410285 -0.413184 0.339393
3360 -0.44906256 8.63449713 -1.99340181 1.096732 -0.12574100000000002 0.124258
3380 -0.18126918000000003 8.87938416 -0.25836597 0.780558 0.15937 0.493425
3400 -1.0910780100000002 6.655614120000001 -0.6944106600000001 0.55913 0.34730900000000003 0.572823
3420 -0.3962259 6.587503290000001 -2.31703371 0.477139 0.090974 0.278818
3440 0.57974157 8.23587759 -2.6018866800000002 0.537365 -0.026688 -0.185288
3460 1.17401175 9.52379325 -2.0646518400000002 0.412959 0.17337 -0.556018
3480 0.6899176800000001 8.90334018 -1.40078952 0.104614 0.378031 -0.587276
3500 -0.34159401 8.23482792 -1.4437475100000001 -0.285745 0.276688 -0.479846
3520 0.10882233000000001 7.73232048 -1.2889653300000001 -0.696501 0.096898 -0.184451
3540 0.71012628 7.607929680000001 2.06540721 -1.097214 -0.010386 0.085285
3560 -1.83803103 9.08116605 2.0477394 -1.413259 0.03081 0.180232
3580 -3.7859242500000003 13.427231490000002 -1.84566321 -1.5055889999999998 0.017883 0.29604
3600 -3.3317703000000005 17.33604561 -4.55218335 -1.290565 -0.288759 0.336391
3620 1.5959790900000002 16.17357042 -2.04893622 -0.730299 -0.200386 0.394671
3640 -2.79005229 18.39105225 -6.10386048 -0.43421 0.153352 0.38774
3660 -4.81054932 18.695221110000002 -4.3188230700000005 -0.683828 0.478699 0.22855100000000006
3680 -3.0889728 11.71478808 -3.5007671700000005 -0.8483860000000001 0.534104 0.102348
3700 -0.02784078 9.655816230000001 -3.06652752 -0.688443 0.500577 0.089621
3720 -1.1365866 9.863287920000001 -3.04526925 -0.529361 0.5712149999999999 0.135507
3740 -3.01563324 8.649310230000001 -3.64327704 -0.273215 0.58431 0.368016
3760 -2.1731798700000002 6.991057260000001 -2.82837015 -0.104869 0.431913 0.503983
3780 -1.08898848 5.60060748 -2.153569680000001 -0.309651 0.198305 0.493238
3800 -0.87417891 4.7921359500000005 -3.2621683500000005 -0.404461 0.281411 0.30553
3820 -0.02080701 5.30617014 -3.2757846300000004 0.282186 0.270998 -0.08276599999999999
3840 0.34488036 6.1849891800000005 -2.8225332 0.364927 -0.11698 -0.365838
3860 0.039965940000000005 6.204295259999999 -2.11300533 -0.433192 0.643053 -0.06367
3880 -0.24459273 6.12481464 -0.87852474 0.145036 0.026185000000000003 0.517999
3900 -1.15514712 6.367455179999999 0.9789595200000001 2.312928 0.428588 -0.492867
3920 -2.9026122300000003 8.14904928 0.88077123 0.770271 0.524079 -0.657589
3940 -3.8161684800000004 8.86921119 -1.05366267 0.452311 0.017265 -0.446584
3960 -2.5313822100000003 7.2651388500000005 -2.7976844700000005 0.134645 0.134474 0.08729400000000001
3980 -0.43349409 5.669905320000001 -3.05245017 -0.424841 -0.067467 0.456454
4000 -0.28455867 5.79235374 -2.94003738 -0.8424659999999999 0.24220500000000006 0.632602
4020 -0.37736127 6.552020520000001 -2.91698388 -0.90668 0.372535 0.330748
4040 -0.30221667 7.056774450000001 -2.06136549 -0.754137 0.069599 0.032031
4060 -0.88765785 8.98970742 1.66019535 -0.512905 0.260797 -0.039168
4080 -3.09736035 13.50401436 2.8979721 -0.213766 0.303625 -0.086272
4100 0.9159498899999999 16.347952980000002 4.44905082 0.049382 0.375478 -0.167847
4120 3.2359756500000003 15.486350490000001 1.75899186 0.220813 0.511342 -0.193529
4140 -0.26210358 17.99931933 -5.199888600000001 0.352277 0.50473 -0.252423
4160 -3.2970429 33.964074090000004 -4.78675026 0.482451 0.257186 -0.265083
4180 0.22378572 16.60526928 -0.21735036 0.542297 -0.133164 -0.202208
4200 0.95666139 7.39761309 -1.8935654400000002 0.470986 -1.026755 -0.18447
4220 -0.13067901 5.26230963 -2.1555218700000003 0.465139 -1.2256 -0.269714
4240 0.11241279000000001 6.154754759999999 -1.66663071 0.342496 -0.288699 -0.294203
4260 1.54568322 8.76157587 0.023946210000000002 0.35409 -0.134068 -0.345595
4280 0.6053456700000002 11.816429490000003 0.48559500000000005 0.369477 -0.587611 -0.4250229999999999
4300 0.7044364800000001 10.189313460000001 -0.02679111 0.47221 -0.728694 -0.397419
4320 0.6635680199999999 8.79735294 -0.62015877 0.69915 -0.6056189999999999 -0.203712
4340 0.17678601 8.49423375 -1.3638156300000002 0.962387 -0.301218 0.16734200000000002
4360 -0.02679111 7.2994248 -1.79476893 1.041067 -1.015351 0.464704
4380 -0.33739533 5.8366655100000004 -2.0610613800000004 1.392551 -0.955778 0.180799
4400 -0.32318064 5.62754574 -1.7107953300000003 1.474754 0.302849 0.241717
4420 0.54561258 5.8207929300000005 -1.39464846 1.448541 -0.427354 0.120693
4440 0.79350147 5.723497350000001 -0.51088518 0.939982 -0.007461 -0.014788999999999997
4460 0.16944813 5.88755979 -1.6524160200000002 0.7699090000000001 1.602688 0.269311
4480 0.5869323000000001 6.61055679 -2.4089436 0.496872 0.502937 0.336111
4500 1.0057604400000002 7.7345669699999995 -2.30371173 0.504653 -0.752603 -0.041444
4520 0.8114635800000001 8.88132654 -1.6458237 0.444312 -1.432919 -0.353983
4540 0.21345579 9.43517952 -1.86931512 -0.125951 -1.393337 -0.433861
4560 0.42047622 9.62917227 -2.04938748 -0.571595 -1.055279 -0.40536
4580 0.81430848 9.04928355 -1.6167861 -0.7744979999999999 -0.724885 -0.2694
4600 1.4573736000000002 8.51295123 1.19676114 -0.9181 -0.582782 0.015698
4620 -0.32033574000000004 10.108027800000002 0.27078543 -0.949221 -0.293182 0.347327
4640 -2.83839597 12.91843584 -3.1811868000000003 -0.996876 0.06486 0.627478
4660 -1.2666672 15.94933344 -5.9376987 -1.064999 0.088688 0.8545020000000001
4680 -2.7378042300000005 17.60010138 -3.57860952 -0.96771 -0.053535 0.905571
4700 0.17798283 13.901888340000001 -2.05761807 -0.903694 0.354513 0.838197
4720 -3.77365194 16.160091480000002 -8.06552694 -1.0865280000000002 0.265561 0.5977520000000001
4740 -8.05954284 20.17639377 -5.5899734400000005 -1.454053 -0.336163 0.34492399999999995
4760 -2.6695462500000002 11.43412398 -4.0260240000000005 -1.592298 -0.148653 0.193099
4780 -0.01287072 8.18213841 -3.5022681 -0.791883 0.364219 0.179873
4800 0.7517402999999999 6.66698391 -1.9176587999999999 -0.032576999999999995 0.463045 0.115615
4820 -0.09984618 5.39627499 -1.4898545100000002 -0.024574 0.379784 0.151029
4840 -1.45048698 5.10228891 -1.9622648700000003 -0.496895 0.795384 0.258293
4860 -2.37391209 5.130728100000001 -2.4544423799999997 -0.358345 1.40961 -0.284184
4880 -2.1881499300000007 4.30474572 -2.5379745300000005 -0.276146 0.978709 -0.489224
4900 -1.1937690900000002 3.8260471500000004 -1.88802279 0.59708 0.630682 0.005499
4920 -0.41509053000000007 3.83921217 -1.3825233000000001 0.455742 0.745525 0.711527
4940 -0.16031502 4.2426288 -1.40737203 0.596485 -0.12792 0.56942
4960 -0.57825045 5.471870850000001 -0.5536960200000001 1.921751 1.072076 -0.169548
4980 -2.1374028 7.650142110000001 0.6888680100000001 0.999523 -0.036607 -0.236526
5000 -2.93719248 9.53622252 -0.07409493 0.230718 0.18925 -0.10759
5020 -3.03149601 9.596995470000001 -2.40265539 -0.599733 0.422005 0.214256
5040 -2.7490366800000006 9.25659828 -3.6531557100000005 -1.223005 0.009348 0.320458
5060 -2.1594066300000003 7.5140774100000005 -4.0983237 -0.951816 0.071184 0.339364
5080 -0.8750814299999999 6.23648187 -3.16277343 -0.8862540000000001 0.510424 0.196118
5100 -0.25402014 6.822364500000001 -0.7738912800000001 -0.930146 0.499723 -0.019956
5120 -3.0735612900000002 10.89195471 1.17774936 -0.776084 0.239735 -0.138188
5140 -1.64178198 19.41268527 3.28462344 -0.438728 0.387191 -0.275957
5160 4.1387409 16.367867280000002 -0.04116276 -0.224639 0.235468 -0.347975
5180 7.236405360000001 10.21744854 0.18126918000000003 -0.056854 0.242565 -0.403428
5200 3.67171623 11.82436578 -1.55916216 0.277781 0.576133 -0.461338
5220 -0.7349750100000001 31.803764940000004 -8.27329293 0.657926 0.8370690000000001 -0.510292
5240 -2.4819888600000004 24.350313330000002 0.85128237 0.628721 0.518622 -0.50261
5260 -2.6461984500000004 8.922195 1.00501488 0.70818 0.00348 -0.418074
5280 -0.90457029 3.1838747400000003 0.09520605 0.7099979999999999 -0.44009 -0.316011
5300 -1.89820557 3.8032879500000005 -0.57674952 0.589697 -0.850893 -0.309916
5320 -0.42152589 8.08184097 -1.5343134299999999 0.615506 -1.062893 -0.32976
5340 0.80996265 11.57647689 -1.52262972 0.526395 -0.655875 -0.27322
5360 0.8952900300000001 10.77204708 -0.6737508 0.32318 -0.491274 -0.234258
5380 2.0959457400000003 9.890235990000003 -0.6554845799999999 0.366373 -0.401839 -0.259709
5400 3.0555991800000006 9.33848235 -1.0642869000000001 0.374325 -0.331409 -0.297131
5420 1.8509017500000002 8.55021942 -1.20424617 0.497642 -0.193349 -0.29751500000000003
5440 0.30192237 8.21670885 -1.70480142 0.726337 -0.118363 -0.067414
5460 -0.6126737400000001 7.778868930000001 -2.66745672 1.039233 -0.29180100000000003 0.409284
5480 -0.58617693 7.314836310000001 -2.32122258 1.497012 -0.172361 0.512742
5500 0.03547296 7.53562998 -2.09025594 1.680994 0.271877 0.614939
5520 1.15021269 7.159014270000001 -1.793268 1.4703190000000002 -0.195738 0.255144
5540 1.5670886400000001 7.25062005 -0.46582785000000004 1.286197 0.348319 0.22325
5560 0.72509634 6.6963256200000005 -0.40026762 0.881652 1.327468 0.533227
5580 0.09640287000000002 6.24021948 -1.56963924 0.53994 0.338901 0.560949
5600 0.24803604 6.20130321 -2.3050557 0.7651180000000001 -0.295134 0.148864
5620 0.8379603900000001 7.05392955 -1.9227501900000001 0.710605 -0.471271 -0.244396
5640 0.6071409 8.873547210000002 -1.53969912 0.215909 -0.735452 -0.350063
5660 -0.25506981 9.49805181 -2.1743766900000003 -0.187849 -0.831025 -0.342078
5680 -0.39488193 9.389229480000001 -2.14234704 -0.564983 -0.8662549999999999 -0.262414
5700 0.47271447000000005 8.33152509 -0.8000839800000001 -0.729158 -0.495392 -0.15721400000000002
5720 2.2643442 7.73097651 2.0737849500000003 -0.739762 -0.155885 -0.069061
5740 -1.6093010700000001 11.87136549 -0.18531090000000003 -0.722529 -0.056065 -0.004975
5760 -5.409449820000001 14.975906759999999 -3.8796293700000004 -0.823471 -0.168765 0.027579000000000003
5780 -4.745136240000001 15.44383395 -4.15221984 -1.006231 -0.153563 0.113877
5800 -2.1903964200000003 14.44555854 -3.3703922700000004 -1.125547 -0.009757 0.218614
5820 1.46440737 14.25859956 -4.08860199 -1.1683290000000002 -0.13161 0.358408
5840 -4.27645368 17.06181687 -7.10991522 -1.181617 -0.435335 0.400365
5860 -2.92537143 15.228877230000002 -6.555463830000001 -1.150115 -0.07006699999999999 0.403322
5880 -0.48050360999999997 10.525060710000002 -5.34358548 -1.101299 0.267773 0.324181
5900 -0.05209110000000001 10.0994931 -3.74162229 -0.581411 0.255637 0.24450700000000006
5920 -0.01542132 9.40733874 -3.6389312100000004 -0.067138 0.386397 0.13256400000000002
5940 -0.55070397 8.00011386 -2.74978224 0.016084 0.19418 0.177188
5960 -1.3983958800000003 7.01994771 -2.35954044 0.279827 0.10763 0.280623
5980 -2.11599738 6.96711105 -2.75652171 0.7549359999999999 0.098859 0.197427
6000 -2.9174351400000003 7.385046480000001 -3.1617237600000005 0.221833 -0.058027 0.199245
6020 -2.5397697600000004 6.743629439999999 -2.9274609600000003 -0.6732779999999999 -0.440898 0.28535
6040 -1.64418543 6.0589503 -2.6803274400000006 -1.014163 -0.601475 0.244719
6060 -1.0011203100000001 5.65778016 -2.5135770600000003 -0.052877 0.698415 -0.118769
6080 -0.56177946 5.785015860000001 -2.22182766 0.736884 1.070223 -0.277167
6100 -0.54860463 6.37464591 -2.38379076 0.080164 1.873883 0.180825
6120 -0.8960355900000001 6.351288300000001 -1.98232632 -0.362203 -0.106156 0.4868520000000001
6140 -0.66461769 6.630010020000001 -1.08179775 -0.408521 -0.269675 0.65979
6160 -2.23440408 9.87541308 -1.2029022 1.5079209999999998 0.525193 -0.510364
6180 -2.9195246700000004 9.485328240000001 -2.03561424 0.731529 0.180368 -0.451252
6200 -2.13919803 7.9258717800000005 -2.955753 0.513333 -0.16079000000000002 -0.194898
6220 -0.21135645000000003 7.02608877 -3.70389303 -0.160394 0.287767 0.369184
6240 0.12080034 6.46505487 -4.23454536 -1.079765 0.08984299999999999 0.578797
6260 -0.52705206 5.93546202 -4.32241353 -1.241065 0.141044 0.4355310000000001
6280 0.07275096 6.565646610000001 -2.00253492 -1.161241 0.546633 0.17065
6300 -0.13457358 7.47411147 -1.7670753 -1.098591 0.563018 0.015106
6320 -2.06345502 8.288262990000002 -3.15349317 -0.8897209999999999 0.409294 -0.084719
6340 -5.1343185600000005 12.34034235 -1.21427199 -0.577693 0.39592 -0.207505
6360 -3.85283826 16.33328703 -0.5881291200000001 -0.35073000000000004 0.252705 -0.286921
6380 2.63900772 12.72428613 5.604492240000001 -0.11146 0.256373 -0.346143
6400 4.19202882 12.321477719999999 0.17782587000000002 0.119998 0.447452 -0.378954
6420 3.35033082 11.00362194 -1.9597240800000002 0.347113 0.639538 -0.393637
6440 -4.535565210000001 28.84950306 -8.39753658 0.553022 0.611237 -0.421004
6460 0.6011469899999999 23.322853170000002 -1.6661892600000001 0.525522 -0.084146 -0.457693
6480 -0.06615864 10.955268450000002 -2.08935342 0.60875 -0.712212 -0.375122
6500 0.12379239 6.07227228 -0.6637151700000001 0.466378 -0.600737 -0.157274
6520 -0.82837602 4.8698213400000006 -0.70728138 0.273621 -0.462886 -0.097908
6540 -0.97222986 7.4528532 -0.9274668300000001 0.262412 -0.411448 -0.16428199999999998
6560 -0.30072555 10.89659484 -0.96429357 0.108537 -0.245723 -0.182661
6580 0.5959084500000001 10.974731490000002 -0.40700709 0.125621 -0.195903 -0.135604
6600 1.47877902 9.68606046 -0.74155752 0.484482 0.112899 -0.148448
6620 1.4117178600000002 8.1786951 -1.05665472 0.960789 0.448959 -0.153029
6640 0.76984956 7.51467582 -1.5597605700000001 1.09146 0.310187 0.07132000000000001
6660 0.53169219 7.683368580000002 -2.7419930999999997 0.8474950000000001 -0.8625280000000001 0.24417
6680 0.45654759 7.37187165 -3.5295104700000004 1.336193 -1.065651 0.267072
6700 0.7198578 6.27539814 -3.00454794 1.740654 -0.033023000000000004 0.089113
6720 1.09542384 5.5302501600000005 -1.29420387 1.463373 -0.329995 0.003167
6740 1.52443476 5.81540724 -1.070271 1.341573 0.51143 0.410367
6760 1.67935428 6.684651720000001 -1.8535995 0.9002450000000001 0.0064540000000000005 0.53505
6780 1.9938530700000001 7.47081531 -2.50593507 0.767926 -0.099209 0.433848
6800 0.9026181 8.435707290000002 -3.10245174 0.574449 -0.124549 0.012718
6820 0.42960933 8.7975099 -3.5199261 0.377307 -0.114217 -0.268547
6840 0.96444072 8.63883315 -2.6569796400000003 0.014162 -0.192891 -0.259232
6860 1.1231174700000002 9.242677890000001 -2.01630816 -0.256615 -0.5437960000000001 -0.183762
6880 0.33784659 9.70282575 -1.82815236 -0.5087010000000001 -0.458308 -0.031808
6900 -0.18741024 8.89420707 -0.018413370000000002 -0.825744 -0.200711 0.026536
6920 -0.6710530499999999 7.796988 1.6256151 -1.019855 -0.209531 0.002759
6940 -2.0651031 8.83358127 0.7403607000000001 -1.19776 -0.441987 -0.052665
6960 -2.4644780100000006 13.874793120000001 -3.7952045100000005 -1.403273 -0.5691930000000001 -0.031505
6980 -2.01391452 18.401087880000002 -4.62852477 -1.569375 -0.604284 0.096634
7000 -0.49217751000000004 16.44405174 -4.31342757 -1.546523 -0.6261359999999999 0.213258
7020 -0.33545295 15.623759160000002 -2.8735746300000002 -1.231372 -0.404046 0.34443
7040 -6.102359550000001 16.551981360000003 -6.03484713 -1.242256 -0.476348 0.319877
7060 -2.66505327 12.57460515 -4.07887047 -1.1249280000000002 0.142516 0.23337800000000006
7080 -0.92507319 9.30644289 -2.98329948 -0.904462 0.32474699999999995 0.025313
7100 -0.33889626 8.91470997 -3.06936261 -0.848075 0.428281 -0.073771
7120 -0.59141547 8.44244676 -3.19675527 -0.392994 0.424149 0.031963
7140 -1.5555618900000003 7.506886680000001 -3.1436145000000004 0.573489 0.681585 0.083249
7160 -1.6488255600000001 7.856112870000001 -2.1459375 0.915369 0.833607 0.131376
7180 -2.18156742 8.5256748 -2.7756806400000005 0.236109 0.516072 0.208223
7200 -2.3472681300000002 8.46340092 -2.99841669 -0.271938 0.301206 0.036171
7220 -1.9083785400000002 7.34776848 -2.9361428100000007 0.383367 -0.017148 -0.572004
7240 -0.49172625000000003 5.94114201 -2.44097325 0.808534 0.665991 -0.482315
7260 0.8252368200000001 5.188509000000001 -2.45833695 -0.214887 1.550885 0.225111
7280 1.02626334 4.49889543 -2.37046878 -0.351337 -0.199169 0.826741
7300 0.07349652000000001 4.521644820000001 -1.47278511 1.255125 -0.478838 0.375781
7320 -1.80314667 5.789508840000001 -1.14287481 1.274441 0.716074 -0.357347
7340 -2.17392543 6.706802700000001 -0.6679138500000001 0.6971510000000001 -0.642628 -0.270976
7360 -3.0341937600000004 9.58561587 -0.00538569 0.1488 0.029749 0.156962
7380 -3.33970659 10.025251019999999 -1.4126105700000002 -0.742679 0.151226 0.653712
7400 -2.6909516700000005 8.5228299 -3.08088936 -1.4510299999999998 -0.096545 0.62558
7420 -2.17272861 7.5157254899999995 -4.6469381400000005 -1.30213 -0.095573 0.25381
7440 -1.83279249 7.1994314699999995 -4.95379494 -1.20391 0.496919 0.119141
7460 -1.27879236 7.41303441 -2.22976395 -1.071025 0.5224489999999999 0.013213999999999998
7480 -1.44479718 7.46887293 -0.99033912 -0.903551 -0.096504 -0.12476
7500 -4.00447143 10.50290973 -0.37960776 -0.693997 -0.394869 -0.284216
7520 -3.30347826 16.83235116 -0.44398098 -0.43669 -0.130453 -0.297712
7540 4.20130908 12.18046878 3.0144266100000006 -0.093338 0.308286 -0.290535
7560 4.23079794 11.861928270000002 0.6773412600000002 0.13427 0.631315 -0.284018
7580 1.8191664 12.60364275 -3.4126047 0.209066 0.206973 -0.258383
7600 -2.4966548100000003 28.085048999999998 -8.4735837 0.4129350000000001 -0.006804000000000001 -0.254548
7620 1.77635556 23.26656339 0.06900354 0.510039 0.034253 -0.216535
7640 0.20492109000000003 10.96454871 -2.35011303 0.506745 -0.107884 -0.09994
7660 -0.68662152 6.11044299 -0.38560167000000006 0.287692 -0.8413149999999999 -0.046051
7680 -2.10462759 3.7820394900000003 0.30880899 0.204359 -1.176297 -0.118842
7700 -1.9622648700000003 5.56887213 0.50280174 0.162331 -0.617703 -0.179672
7720 -0.41553198 12.17822229 -0.9190890899999999 0.046858 -0.5369970000000001 -0.282063
7740 1.19197386 11.94651009 -0.96414642 0.109945 -0.928492 -0.46806
7760 2.262990420000001 9.81868185 -0.49427685 0.464315 -0.600884 -0.650807
7780 2.5914096 8.107739370000001 -0.29728224000000003 0.770526 -0.008943000000000001 -0.295845
7800 2.38484043 7.40794302 -0.83227059 0.791661 -0.7948569999999999 0.152895
7820 1.10844171 8.1066897 -1.5808618800000003 1.0557040000000002 -1.240712 0.066648
7840 0.1130112 8.52926526 -1.87874253 1.196713 -0.688585 -0.1339
7860 0.2980278 7.496409600000001 -1.8166256100000002 1.651186 0.179404 -0.20875
7880 1.01413818 6.11283663 -2.15043048 1.262048 0.324346 0.112017
7900 1.43372169 6.57806607 -2.29443147 0.734306 0.002277 0.65781
7920 1.6829545500000003 7.6435596000000015 -2.3523595200000003 0.676492 -0.176903 0.761253
7940 1.82755395 7.532186670000001 -1.04512797 0.7381 -0.745949 0.488948
7960 1.15260633 6.737194080000001 -1.4569223400000002 0.4960810000000001 -1.622193 0.047205
7980 0.9803133 7.02339102 -3.7142229600000003 0.153367 -2.132515 -0.17458900000000002
8000 1.35109206 7.73022114 -3.1255052400000003 -0.275119 -2.076555 -0.210769
8020 1.6301080800000003 8.55650763 -1.61529498 -0.647821 -1.775425 -0.06848
8040 0.97836111 9.656414640000001 -1.7422265700000001 -0.8644270000000001 -1.409713 0.304485
8060 1.64807019 9.429636870000001 -0.54517113 -0.98633 -1.467783 0.546194
8080 2.48932674 9.12577212 2.8198354500000002 -0.916727 -1.599253 0.595987
8100 -2.45459934 11.95414227 2.0713913100000005 -0.772195 -1.7689580000000005 0.552348
8120 -5.26829373 14.543305380000001 -2.16794133 -0.6511 -1.879135 0.560813
8140 -5.209463159999999 15.758479890000002 -4.49410815 -0.504836 -2.050267 0.605851
8160 -2.1065699700000002 13.83468003 -4.41896355 -0.799638 -1.907481 0.585449
8180 0.32751666 13.414203810000002 -2.06615277 -0.941417 -0.7903020000000001 0.249742
8200 -1.63729881 17.558183250000003 -4.45309254 -0.739373 -0.38662 0.089334
8220 -2.27137797 16.583118300000002 -5.36694309 -0.438078 -1.781955 -0.215489
8240 -2.39981049 12.266090460000001 -5.201085419999999 0.921269 -1.648737 -0.342897
8260 -0.47720745000000003 9.23998995 -4.10281668 1.838067 -0.297151 -0.010281
8280 1.3692013200000002 7.389686610000001 -2.00103399 2.183203 -0.098517 -0.166222
8300 1.28508057 5.224138920000001 -0.8791231500000001 0.7351 -0.185986 0.052375
8320 -0.10044459 4.16239281 -1.2666672 -0.457983 -0.693296 0.081011
8340 -1.10590092 5.05469079 -2.20520952 -0.047845 -2.252902 0.800515
8360 -1.4468867100000002 4.831199370000001 -1.56349818 0.712788 -1.379861 0.26312
8380 -0.7815234600000001 4.35982887 -0.46448388 -0.279416 -0.848361 0.076047
8400 -0.08996751000000001 4.38782661 0.1038879 -0.675564 -1.53979 0.169238
8420 0.33784659 4.59978147 -0.25776756 -0.782433 -0.991258 0.283157
8440 0.054190440000000006 5.482200780000001 -0.96728562 -0.8749600000000001 -0.449674 0.523234
8460 -0.9862974000000001 6.455029050000001 -1.16457453 -1.416193 -0.171267 0.633397
8480 -2.30340762 7.223976090000001 1.14032421 -1.2441879999999998 -0.645704 0.581795
8500 -4.1655418200000005 11.204354160000001 0.14534496 -0.993107 -0.395013 0.276648
8520 -7.78575555 11.234284470000002 -4.75949808 -1.232113 -0.510914 0.16403199999999998
8540 -4.4914104 10.652600520000002 -8.16461775 -1.4264629999999998 -1.041741 0.146263
8560 -0.6336279 6.87625083 -7.21230219 -1.243039 -1.162344 0.044081
8580 -2.5908111899999997 8.6039586 -2.45833695 -0.861564 -0.867225 -0.029476
8600 1.37623509 17.03772351 1.5470370000000002 -0.54023 -0.6624369999999999 -0.105474
8620 4.97280672 21.22436664 8.61548535 -0.33002 -0.244259 -0.16863499999999998
8640 7.0421085 16.620092190000005 -1.82156004 -0.249011 0.16153900000000002 -0.220932
8660 2.4989013000000004 22.835610090000003 -5.491932300000001 -0.289767 0.087219 -0.247827
8680 -1.17789651 19.46552193 1.4462883000000002 -0.08834600000000001 -0.081316 -0.366913
8700 -3.6386369100000002 11.40148611 2.0868126300000003 0.09355 -0.267045 -0.431634
8720 -5.060223629999999 9.59145282 0.08308088999999999 0.079209 0.031677 -0.264406
8740 -3.6756108000000003 9.70132482 -0.8491830300000001 0.223261 0.441696 -0.095146
8760 -0.25327458 11.13818571 0.40251411 0.450153 0.4299810000000001 -0.026249
8780 2.2064161500000004 11.86462602 -0.35999757000000004 0.797979 0.130868 0.14748
8800 2.32032006 9.079969230000001 -0.6730052400000001 1.254798 0.147488 0.123944
8820 1.92215178 6.59049534 1.0165318200000002 1.7790439999999998 0.157699 0.046408
8840 1.5181465500000002 5.56976484 1.69043958 1.673032 -0.400151 0.049587
8860 1.16741943 5.86689993 0.9904862700000001 1.406819 -1.096586 -0.049657
8880 0.96115437 6.916069620000001 -0.01332198 1.325952 -0.56901 -0.045557
8900 0.23964849 8.088874740000001 -0.7406550000000001 1.685644 0.700412 0.005536
8920 -0.31854051 9.15765462 -0.98809263 1.757459 0.77367 0.004875
8940 -0.40954788000000003 9.55507734 -0.7367702399999999 1.763621 0.239968 -0.000807
8960 -0.42317397000000007 9.64968498 -0.6447132 1.57643 -0.4417140000000001 0.137628
8980 -0.6694049700000001 9.51451299 -0.71311833 1.334205 -0.8024939999999999 0.260312
9000 -1.7901288000000002 10.19275677 0.09385227000000002 1.019299 -1.3180459999999998 0.25663600000000003
9020 -2.1076196400000002 10.61083935 -0.6674625900000001 0.657956 -1.5317690000000002 0.20418
9040 -0.61716672 11.97060345 -1.7801029800000001 0.455809 -1.409612 0.200475
9060 2.10343077 12.835207800000001 -0.61102566 0.195024 -1.45156 0.260664
9080 2.2122531 14.23958778 1.05111207 -0.160859 -1.488003 0.358638
9100 0.01691244 12.47265963 2.96577882 -0.434374 -1.52666 0.405915
9120 -2.4388739100000008 9.57139137 3.4955286300000004 -0.480961 -1.393555 0.459898
9140 -3.40107795 8.47282833 3.0118858200000003 -0.438936 -1.30951 0.451538
9160 -2.78735454 9.739348380000001 2.39142294 -0.108008 -1.323219 0.396183
9180 -1.0352493 12.838356809999999 -0.5448670200000001 0.15649100000000002 -1.6487759999999998 0.329014
9200 1.0193767200000001 14.130167040000002 -0.61058421 0.029687 -1.162475 0.30507199999999995
9220 1.57203288 13.74755742 -1.4599143900000002 0.245373 -1.423966 0.24282
9240 0.63139122 11.344156470000001 -1.2617229600000002 0.831299 -1.56364 0.298367
9260 0.19159911000000002 9.57903336 -1.3720462199999999 1.142545 -1.580891 0.346496
9280 0.22917141000000002 9.345212010000001 -1.21367358 0.60539 -1.6664830000000002 0.371696
9300 0.40969503 8.24111613 -1.5028723800000001 -0.193227 -1.830808 0.33321300000000004
9320 0.19728891 6.76996929 -1.37010384 -0.503921 -1.986011 -0.011657
9340 0.45475236 5.50779507 -1.619631 -0.631203 -2.591471 -0.071591
9360 -0.19175607 5.98605219 -2.22347574 -0.434258 -2.695346 0.15958599999999998
9380 -0.6828839100000001 7.1162034300000006 -2.27871585 -0.544204 -2.811617 0.293563
9400 -0.71820972 6.796014840000001 -2.16629325 -0.966158 -3.5752839999999995 0.358892
9420 -0.74409831 6.54663483 -2.44441656 -1.179588 -3.508807 0.436364
9440 -0.53693073 6.92534988 -2.5842286800000003 -1.311751 -2.51875 0.446991
9460 -0.08576883000000002 7.452549090000001 -2.348769060000001 -1.177784 -2.3001080000000003 0.532036
9480 -0.67509477 10.12194819 -2.2709267100000003 -0.8623280000000001 -2.2855950000000003 0.62502
9500 -1.1249127 13.80189501 -2.5991987400000003 -0.609223 -2.211978 0.643785
9520 -0.80427285 13.679603550000001 -3.2183078400000005 -0.690571 -1.998779 0.678195
9540 -0.09684432000000001 11.641595670000001 -5.757626340000001 -0.671769 -1.424466 0.62952
9560 1.77336351 8.992248210000001 -5.40480969 -0.773042 -1.288342 0.508998
9580 2.48753151 8.53300287 -2.7466430400000004 -0.8373510000000001 -1.635331 0.225914
9600 3.02685588 10.42956036 0.01362609 -0.487844 -1.6922119999999998 0.028671
9620 0.14490351 12.04933851 -1.04661909 0.052501 -1.582237 0.030168
9640 -1.38986118 16.92589932 -0.07978473 0.12324 -1.417738 0.12338699999999997
9660 -2.1314187 15.84319905 -0.7973960400000001 -0.023637 -1.371289 0.090255
9680 -2.53422711 8.80095321 -0.7168559400000001 -0.06735 -1.161251 -0.182717
9700 -2.82552525 6.10386048 1.3358178900000002 -0.432381 -0.974663 -0.439742
9720 -0.31629402 4.13634726 2.5444098900000003 -0.729096 -0.748916 -0.426081
9740 3.9080685600000002 5.57844669 3.09137625 -0.498182 -0.32713200000000003 -0.343823
9760 4.35070557 11.17815165 2.5274974500000003 -0.373033 -0.216934 -0.304634
9780 1.7396857800000003 13.017085200000002 0.8577177300000002 -0.018204 0.085727 -0.376251
9800 -1.8964103400000003 11.228006070000001 -1.30678029 0.134508 0.013289 -0.242632
9820 -3.20333778 8.4536694 -1.27040481 -0.232163 -0.35085500000000003 0.029806
9840 -2.3466697200000004 6.80485365 -0.46882971 -0.304393 -0.593072 0.191982
9860 -0.33095997000000005 5.9859050400000005 1.69776765 0.412267 -0.088986 0.051064
9880 0.20986533 10.52685594 2.88285489 0.808825 0.04823 0.024816
9900 -0.09160578000000001 12.676236750000001 0.92806524 0.96443 -0.343747 0.144978
9920 0.84858462 12.25606464 -0.7171600499999999 1.101701 -0.916206 0.127442
9940 1.59702876 10.030793670000001 -0.82628649 1.562033 -0.7986310000000001 -0.103434
9960 1.88503074 8.569378350000001 0.38020617 1.682866 -0.426612 -0.267573
9980 0.7951495500000001 8.035439669999999 0.6836294700000001 1.649523 -0.144619 -0.162413
10000 -0.80113365 8.72670132 0.61132977 1.531935 0.088896 -0.115463
10020 -1.91751165 9.11619756 1.2464585999999998 1.5305879999999998 -0.218932 -0.123624
10040 -1.0041123600000001 8.6996061 0.6683553 1.494423 -0.415946 -0.107601
10060 -1.00157157 9.26872344 -0.53603802 1.317959 -0.538791 -0.13645
10080 -3.3290725500000002 10.32597657 -1.3924019699999999 1.077817 -0.795754 -0.13673
10100 -1.5337150200000003 11.722577220000002 -0.8792703000000001 0.968285 -0.734578 -0.15573299999999998
10120 3.95956125 11.15989524 1.64388132 0.840046 -0.7810060000000001 -0.155501
10140 6.02362449 12.47296374 2.306850930000001 0.7925449999999999 -0.622297 -0.110103
10160 1.16906751 14.27356962 -0.37407492000000003 0.5575 -0.59525 -0.010298
10180 -1.8944581500000002 12.58313004 -1.04557923 0.207811 -0.649936 0.115516
10200 -0.8190957600000001 11.18249748 1.42308765 -0.087688 -0.7676069999999999 0.227902
10220 0.13053186 10.9377576 4.40878077 -0.368742 -0.775532 0.322089
10240 -1.12041972 10.44632565 4.09862781 -0.497799 -0.653036 0.436399
10260 -2.16884385 10.42132977 2.08905912 -0.332174 -0.7827149999999999 0.487928
10280 -1.12221495 10.35172782 0.8178989400000001 0.153917 -0.914211 0.449832
10300 -0.56072979 10.403514809999999 0.49516956 0.5181319999999999 -1.122961 0.389618
10320 -1.043784 10.64136807 0.43693740000000003 0.761791 -0.8604229999999999 0.324754
10340 -1.8059915700000002 10.56218175 -0.05328792 0.653748 -0.6970189999999999 0.314176
10360 -0.93210696 10.79569899 -0.13621185 0.595936 -0.683204 0.372506
10380 -0.29533986 10.05653511 -0.36972909000000004 0.505099 -0.753049 0.335642
10400 0.04431177000000001 9.63261558 -0.72673461 0.196613 -0.823204 0.29832600000000004
10420 0.12603888 9.488614590000001 -0.7626686400000001 0.553712 -0.917136 0.036021
10440 -0.37242684 8.41026015 -1.1258054100000001 0.242599 -1.87238 -0.303554
10460 -0.9422897400000001 7.203767490000001 -0.95591583 -0.578642 -2.446152 -0.22737
10480 -1.41320898 6.7731183 -0.97522191 -0.689493 -2.044723 -0.08658500000000001
10500 -1.7476122600000001 6.40203543 -1.5832555200000002 -0.778292 -1.315944 0.223781
10520 -1.6856424900000002 6.350994 -2.6887051800000004 -0.471374 -1.075519 0.305734
10540 -0.92267955 6.408470790000001 -2.8436345100000002 -0.387941 -0.6311640000000001 0.46598
10560 0.0290376 6.802450200000001 -2.72957364 -0.674112 -0.732136 0.656391
10580 -0.41942655 8.07839766 -3.3096193200000004 -0.557819 -0.763307 0.625196
10600 -1.33402266 9.43637634 -2.9265682500000003 -0.32969 -0.663579 0.529454
10620 -1.6069074300000001 10.97622261 -3.2081250600000004 -0.164346 -0.7066140000000001 0.492208
10640 -1.4949459 12.413534760000001 -2.36642706 -0.180773 -0.6126149999999999 0.442834
10660 -1.71378738 10.719357570000001 -2.5677576899999996 -0.140278 -0.5142329999999999 0.313736
10680 -1.2582796500000002 8.465049 -3.4138015200000003 0.086999 -0.400516 0.183787
10700 -0.61731387 8.127947970000001 -3.84490197 0.364687 -0.192306 0.08932000000000001
10720 -0.04445892 10.9320678 -2.48258727 0.527301 -0.177618 0.004979
10740 -2.6363197800000004 14.098137390000002 -0.7173072 0.630432 -0.49023 -0.228909
10760 -3.54133152 17.99931933 1.1832920100000002 0.957395 -0.489863 -0.337721
10780 -1.17086274 11.58710112 0.47570652 1.021361 -0.185728 -0.259683
10800 2.3197216500000004 6.773412600000001 0.48634056000000003 0.72164 -0.17719400000000002 -0.26926500000000003
10820 4.24277595 6.02721495 1.21383054 0.30546100000000004 -0.414448 -0.250504
10840 1.88682597 8.87399847 1.0062117 0.205394 -0.536871 -0.184816
10860 -1.06952544 12.801078810000002 -0.9455859000000001 0.244504 -0.478978 -0.04468
10880 -1.87170876 12.54227139 -0.84260052 -0.038852 -0.487044 0.086879
10900 -2.2691314800000004 10.547064540000001 -1.5829612199999998 0.113656 -0.5534060000000001 0.03355
10920 -1.76797782 8.94974148 -2.12034321 0.385912 -0.115137 -0.046295
10940 -0.38888802 7.94667879 -1.66648356 0.8780969999999999 0.145425 -0.098739
10960 0.6723970199999999 7.45689492 -1.12281336 1.132339 0.152365 0.07608
10980 1.01489355 7.73965836 -0.8102667600000001 1.159234 -0.4233270000000001 0.16353199999999998
11000 1.00456362 8.44184835 -0.81115947 1.15454 -0.400349 0.282042
11020 0.81670212 8.44933338 -0.8809183800000001 1.13688 0.273548 0.136845
11040 0.31524435000000006 8.63808759 -0.75547791 0.82099 0.487716 0.13222799999999998
11060 -0.5477119200000001 7.825574340000001 -1.06802451 0.61139 1.28142 0.5613090000000001
11080 -1.56963924 6.731053020000001 -1.7179762500000002 0.523981 0.267908 0.479744
11100 -1.1020063500000001 5.178630330000001 -2.23110792 0.435618 -0.171933 -0.005283
11120 -1.1472108300000001 4.90305762 -2.09145276 0.393598 -0.627325 -0.371393
11140 -1.32894108 5.20857045 -1.5982255800000003 -0.069082 -0.872511 -0.459768
11160 -0.5379804 5.72199642 -2.0291788800000004 -0.6869149999999999 -0.781334 -0.347764
11180 0.84439575 6.60740778 -1.8362358000000003 -0.867332 -0.354394 -0.132723
11200 1.5290748900000002 7.56691407 -1.21711689 -0.985392 -0.1318 0.247523
11220 0.3752717400000001 7.944275340000001 -1.2985497000000001 -1.098755 -0.17292000000000002 0.505293
11240 0.21046374 9.39117186 -1.0370445300000004 -1.146128 -0.198603 0.575498
11260 0.15851979 9.07473069 -0.5674692600000001 -0.992759 -0.296982 0.536103
11280 1.0985630400000002 8.140367430000001 1.16473149 -0.962642 -0.249124 0.5298430000000001
11300 0.7816706099999999 9.947859930000002 1.11338595 -0.985025 -0.048606 0.487769
11320 -3.2506416000000002 14.189743170000002 -2.2674834 -1.255032 -0.24403 0.308808
11340 -3.1490001899999998 17.0169165 -4.43632725 -1.097274 -0.150383 0.196559
11360 -2.82746763 17.025441389999997 -3.96885132 -0.871825 -0.159355 0.113755
11380 2.2638929400000003 16.125668190000003 -3.24719829 -0.487801 0.070452 0.120416
11400 -6.1351445700000005 18.803150730000002 -7.242536610000001 0.042092 0.255987 0.149517
11420 -6.37733385 17.0516439 -4.71340089 0.541992 0.379981 0.143236
11440 -2.32301781 11.1318975 -5.9561120700000005 0.310488 0.411564 0.171489
11460 0.01287072 8.97294213 -2.89033992 -0.682399 0.20857 0.114607
11480 0.86325057 7.358245560000001 -1.42488288 -0.7224119999999999 -0.16111 -0.375513
11500 0.9454387500000001 5.0701023 -1.48086855 0.506189 -1.104661 -0.977813
11520 -0.8702941500000001 5.0545436399999994 -2.33304363 0.047371 2.626172 0.15826700000000002
11540 -2.2094082 5.8736394 -2.5658153100000005 0.269005 0.421587 0.630521
11560 -2.37496176 5.773194810000001 -2.30071968 0.274189 -0.120411 0.835283
11580 -1.19166975 5.5223138700000005 -2.1115044 1.425687 0.533049 -0.0067480000000000005
11600 -0.08816247 5.5679696100000005 -1.76288643 0.800195 -0.063231 -0.0659
11620 0.18322137000000002 5.899086540000001 -0.8693916300000001 0.266011 -0.18299 -0.023545
11640 -0.98210853 6.306535080000001 -0.24803604 -0.373996 0.19494 0.32508200000000004
11660 -2.03666391 7.70417559 -0.92358207 -0.935225 0.16406600000000002 0.540187
11680 -1.8887683500000003 8.75200131 -0.6375224700000001 -0.891101 0.065581 0.355819
11700 -2.0014852500000004 7.870631670000001 -2.20252158 -0.728271 -0.023518 0.118857
11720 -1.69103799 7.48892457 -3.1296941100000004 -0.458739 0.096995 -0.148607
11740 -1.72426446 7.037164260000001 -3.6920719800000006 -0.400961 0.53598 -0.221405
11760 -1.59074055 7.05588174 -3.7988047800000007 -0.091945 0.367989 -0.303421
11780 -0.5524992000000001 6.84690912 -2.0092743900000003 0.149883 0.180095 -0.4115180000000001
11800 -0.69515622 7.35840252 0.59276925 0.223206 0.378939 -0.384555
11820 -3.3970362300000003 10.320286770000001 3.18103965 0.382643 0.564481 -0.302494
11840 -3.4801171200000005 17.079935940000002 0.10178856 0.388476 0.29669 -0.20597
11860 4.70935917 14.86469079 2.35954044 0.23559 -0.668143 -0.150254
11880 2.3114910600000007 15.692919660000003 -2.3433735600000007 0.30140300000000003 -0.978374 -0.148328
11900 2.5682089500000003 13.12380819 -3.2437549800000003 0.231277 -0.453955 -0.163377
11920 -1.2995993700000001 25.445884320000005 -7.794741510000001 0.112586 -0.152673 -0.27889200000000003
11940 0.33710102999999997 19.09264383 -2.7930443400000002 0.257298 -0.17697000000000002 -0.455175
11960 -1.05874425 10.391840909999999 -1.0856923200000002 0.508876 -0.265031 -0.496034
11980 -0.4573029600000001 6.49424943 -0.3101529600000001 0.912201 -0.147454 -0.146195
12000 -0.37436922000000006 4.72193559 -0.44876826000000003 1.23844 -1.484893 0.232744
12020 -0.60070554 8.56788723 -0.20402838 1.899655 0.125606 0.241708
12040 0.28620675 11.550578490000001 -1.40198634 1.724924 0.613208 0.200338
12060 1.4293758600000002 10.53404667 -1.8389237400000003 1.218386 -0.220459 0.261962
12080 2.49904845 8.71337934 -1.0856923200000002 0.632261 0.658449 0.755601
12100 1.39075389 7.830518580000001 -1.19556432 0.5782470000000001 0.094864 0.815766
12120 -0.17348985 7.2069165 -2.37869937 0.707421 -0.24620300000000006 0.216765
12140 -0.40715424 5.83786233 -3.64911399 0.456874 -0.849843 -0.191204
12160 0.43050204000000003 3.9231955800000002 -2.34592416 0.0828 -0.273446 -0.419951
12180 1.2921143400000001 3.2028865200000003 -0.49217751000000004 -0.441046 -0.587701 -0.499051
12200 1.42308765 4.47045624 -1.125207 -0.601528 -0.818733 -0.393054
12220 0.7295795100000001 6.99435342 -2.8198354500000002 -0.685966 -0.450518 -0.227473
12240 0.12513636 8.55126909 -3.6377343900000003 -0.756947 -0.203673 -0.091552
12260 -0.0432621 8.43855219 -2.61670959 -0.905495 -0.156696 0.010967
12280 -0.4912749900000001 7.42620924 -1.76662404 -1.156807 -0.136194 0.16301
12300 -0.28396026 7.269631830000001 -1.043784 -1.335769 -0.141583 0.33375
12320 1.07536239 9.63441081 1.46709531 -1.311892 -0.158172 0.46533
12340 -1.4167994400000001 16.17716088 0.39233133000000003 -1.392417 -0.4553180000000001 0.518559
12360 -4.52823714 18.45512136 -2.6905004100000003 -1.575649 -0.459743 0.452123
12380 -4.65801363 14.60347992 -1.2880726200000001 -1.7448990000000002 -0.343271 0.243557
12400 -4.15595745 11.71433682 -1.96915149 -1.562373 -0.277092 0.052466999999999986
12420 0.98375661 15.630341670000002 -2.27975571 -1.171254 -0.164354 0.025144
12440 -1.5322140900000003 21.908888820000005 -8.20055178 -0.6483 0.247781 0.402147
12460 -0.72569475 15.125293440000002 -4.57598241 -0.010007 0.763487 0.6195890000000001
12480 0.90696393 10.89179775 -5.523363540000001 1.535947 1.454791 0.360309
12500 1.19676114 9.382784310000002 -3.34150182 2.194946 1.2801 -0.21384
12520 -0.54816318 7.778868930000001 -3.0551479200000005 1.032497 -0.5780310000000001 -0.997244
12540 -2.6027892 7.52814495 -2.8746243000000002 -0.379971 0.208916 -0.233658
12560 -2.86235199 6.949296090000001 -2.23455123 0.937132 0.4671300000000001 0.384098
12580 -3.35092923 6.01523694 -1.66902435 1.729743 -0.196705 -0.260062
12600 -2.56746339 4.9223637 -1.11742767 -0.238992 0.433493 -0.040681
12620 -1.27879236 4.76384391 -1.23343092 0.039184 0.029203 -0.143974
12640 -0.27513126000000004 4.21299279 -1.5271227 -0.161173 -0.032396 -0.017108
12660 0.24114942 3.68833437 -1.33822134 -0.34673000000000004 0.183704 0.181077
12680 -0.32542713 3.19735368 -0.96414642 -0.616016 0.15667 0.248665
12700 -1.45033002 2.8342071 -0.8720893800000001 -0.745012 -0.075046 0.232037
12720 -1.58595327 3.80928186 0.39802113000000006 -0.603292 -0.256066 0.090118
12740 -0.9638423100000001 5.7034359 0.028586340000000002 -0.688004 -0.220188 -0.017342
12760 -0.91698975 8.55545796 -1.1511054 -0.782633 -0.15803299999999998 -0.027697000000000003
12780 -1.1713140000000002 10.33929855 -3.3805652400000006 -0.754008 0.011358 -0.055488
12800 -1.98232632 9.85295799 -4.41147852 -0.578863 0.207083 -0.1357
12820 -3.56558184 8.49903084 -4.185750420000001 -0.214788 0.4276970000000001 -0.210352
12840 -4.527040320000001 11.30134563 0.15133887000000001 0.184242 0.919472 -0.194308
12860 -2.94482466 18.62411823 4.643347680000001 0.326321 1.363485 -0.265455
12880 1.34061498 19.810853549999997 2.27616525 0.322433 0.768832 -0.470887
12900 4.71849228 8.51773851 -1.0324044 0.315592 0.05674700000000001 -0.611028
12920 -2.2763124 21.31058673 -7.3744124399999995 0.588294 -0.329611 -0.665244
12940 1.27085607 24.15331872 -1.2882197700000002 0.64981 -0.444628 -0.460636
12960 -0.42945237 11.033257950000001 -1.4605127999999998 0.375255 -0.555296 -0.253041
12980 -0.92582856 10.539736470000001 -3.50375922 0.291748 -0.634841 -0.268477
13000 -0.15253569 10.13198382 -2.62149687 0.328385 -0.03009 -0.21879
13020 0.5051953800000001 11.422145970000003 -1.52951634 0.587594 -0.036335 -0.213766
13040 2.0013381 12.70108548 -0.45326124000000007 0.854648 -0.315902 -0.329047
13060 1.81392786 10.671013890000001 -0.6765957 1.115437 -0.141324 -0.256947
13080 0.6304887000000001 8.60171211 -0.89199387 1.227735 0.207602 0.032879000000000005
13100 -0.26449722000000003 7.09524927 -0.57151098 1.41278 0.139586 0.098352
13120 -0.38065743 7.14734037 -0.74679606 1.338832 0.467069 -0.21450500000000006
13140 -0.23022108 8.163420930000001 -1.06488531 1.420421 1.042083 -0.226422
13160 -0.53259471 8.857527480000002 -1.7053998300000002 1.391994 2.257151 0.433051
13180 -0.8119148400000001 8.9885106 -2.33035569 0.724015 0.904067 0.525191
13200 -0.9038247300000001 7.92960939 -2.0622582 0.700195 0.711796 0.409903
13220 -0.40296537000000004 6.26342994 -0.54636795 0.810829 0.603855 0.135213
13240 0.22019526000000003 5.36439249 0.2137599 0.366046 0.272451 0.013958000000000002
13260 0.7375158 5.36993514 -0.8598072600000001 -0.054017 0.031309 -0.057033000000000014
13280 0.31434183000000004 6.030363960000001 -1.8482040000000002 -0.293507 -0.087144 -0.06389500000000001
13300 0.24354306000000003 6.7020154199999995 -1.9736444700000002 -0.6197010000000001 -0.13234200000000002 0.066344
13320 0.06751241999999999 6.4174567499999995 -2.1305161800000003 -0.928839 -0.187161 0.190305
13340 0.43140456000000005 7.384448070000001 -2.70443061 -1.079051 -0.107929 0.220132
13360 1.5877485 8.769659310000002 -1.6780103100000001 -1.293955 -0.248707 0.180356
13380 0.5837832900000002 8.8237026 -0.39682431 -1.622083 -0.557801 0.239348
13400 -0.37946061000000003 7.915090590000001 -0.37451637000000004 -1.788487 -0.713054 0.314229
13420 0.45849978 7.921673100000001 1.1618865900000004 -1.638089 -0.236372 0.324282
13440 -0.32796792 9.998008650000001 0.8119148400000001 -1.520449 -0.052023 0.208432
13460 -5.38864281 16.11698634 -1.60870266 -1.319163 0.607529 -0.002515
13480 -6.17211846 15.619266180000002 -3.73189077 -1.100083 1.124649 -0.041172
13500 -0.30117681 11.19372012 -3.3203907 -0.7987 0.783702 -0.021538
13520 -3.3825174300000005 16.73848908 -3.96974403 -0.642223 0.603641 0.116518
13540 -5.626054620000001 20.73383721 -6.3918624600000005 -0.056158000000000007 0.577617 0.255241
13560 -1.46530008 13.43187162 -5.291798490000001 0.214456 0.336555 0.098275
13580 0.031588200000000004 9.803711790000001 -4.9114353600000005 0.247059 -0.095806 -0.231024
13600 0.7240466700000001 10.19125584 -4.119886080000001 1.271579 0.4279020000000001 -0.484117
13620 -0.78841008 8.6068035 -4.738543920000001 0.79004 0.935123 -0.370626
13640 -0.8182030499999999 7.003182420000001 -3.2925499200000004 -0.101978 0.983021 0.41143
13660 -1.01308851 6.21837261 -2.41193565 -0.083612 -0.022968 1.019597
13680 -1.5675399000000003 6.26372424 -2.5810796700000003 0.30345300000000003 -0.094531 0.997824
13700 -1.7817412500000003 6.02587098 -2.4578856900000003 1.369668 0.4031 -0.494082
13720 -1.25259966 4.90514715 -2.24143785 0.686942 -0.464151 -0.67186
13740 -0.09669717 3.68384139 -1.6341498 0.463874 0.124232 -0.300294
13760 0.42990363000000004 3.1572307800000003 -0.77853141 -0.307258 0.11683 0.353422
13780 -0.5352826500000001 4.45907664 0.4784042700000001 -1.00846 -0.022919 0.743945
13800 -2.3141888100000005 7.23056841 -0.8210381400000001 -1.177648 -0.046444 0.380666
13820 -2.92820652 10.04785326 0.06840513000000001 -1.105332 0.079138 0.08190800000000001
13840 -2.9975141700000005 11.72571642 -0.20087937 -0.93191 0.200013 0.073351
13860 -3.41799039 9.80461431 -0.76865274 -0.748981 0.461775 -0.011165
13880 -1.6872905700000003 7.653879720000001 -1.9273903200000002 -0.522835 0.344249 -0.120529
13900 -0.46658322 7.051241610000001 -4.17870684 -0.312893 0.177793 -0.234218
13920 -1.28747421 9.4368276 -4.33977723 -0.025332 0.247328 -0.289982
13940 -2.6503873200000005 11.42439246 -2.66445486 0.200425 0.63852 -0.278224
13960 -4.46117598 14.052775950000001 -2.49396687 0.354833 0.594222 -0.256793
13980 -2.60264205 14.19498171 -1.02312414 0.409804 0.270082 -0.230356
14000 4.6825582500000005 10.39273362 2.45264715 0.5575319999999999 0.164021 -0.208892
14020 6.314471370000001 9.65717001 -1.0503665100000001 0.621518 0.077942 -0.050238
14040 3.2355243900000006 11.01993597 -1.4606599500000002 0.44799 -1.197915 0.014278
14060 -5.92497513 24.18296454 -6.0099984 0.474233 -1.513398 0.031957
14080 -2.8645886700000003 24.90819822 -0.41463927 0.299037 -1.0410629999999998 0.07926699999999999
14100 -0.30177522 12.39347331 -2.50324713 0.198641 -0.728033 -0.059636
14120 0.77972823 6.94196802 1.13852898 0.204399 -0.549535 -0.213649
14140 -0.43948800000000005 3.6049493700000004 0.09430353000000001 0.369101 -0.295218 -0.285463
14160 -1.76782086 5.45031828 -1.11458277 0.657616 0.051026 -0.276414
14180 -0.03517866 12.01281588 -0.9789595200000001 0.995169 0.135214 -0.044497
14200 0.81430848 12.514273650000002 -0.68841675 1.039247 -0.744618 0.428025
14220 1.26322389 9.771230880000001 -0.72838269 1.566198 -0.711626 0.245792
14240 0.72060336 8.468188200000002 -0.60040143 1.831872 0.665166 0.433891
14260 0.32706539999999995 7.465576770000001 -0.8482903200000002 1.887502 0.484738 0.21873
14280 0.08576883000000002 7.8582122100000005 -1.8010571400000002 1.625577 -0.299866 -0.212588
14300 -0.32542713 8.46564741 -2.75831694 1.01454 0.861865 0.171557
14320 -0.2718351 7.580088900000001 -2.40265539 0.7194510000000001 0.901696 0.589256
14340 0.83645946 6.89810751 -2.66325804 0.872167 -0.289771 0.313043
14360 1.8223056000000002 6.986122830000001 -3.1681591200000003 0.706209 -0.894493 -0.163768
14380 2.98898928 7.0067826900000005 -1.66947561 0.186145 -1.093762 -0.496158
14400 1.9576247400000002 7.218286290000001 -0.37197558000000003 -0.485136 -1.276232 -0.6362770000000001
14420 1.7500157100000002 6.535412190000001 -1.6163348400000004 -0.7727649999999999 -1.3033860000000002 -0.522883
14440 0.87298209 6.5072673 -2.71685007 -0.869029 -0.748474 -0.149321
14460 0.17633475 7.419018510000001 -2.34487449 -1.021476 -0.4136220000000001 0.160038
14480 -0.27857457 9.38727729 -2.06270946 -1.190304 -0.375072 0.256017
14500 -0.47930679000000004 10.158922080000002 -2.5454595600000007 -1.214204 -0.181317 0.307945
14520 0.07933347 9.10197306 -1.4534790300000002 -1.227929 -0.184323 0.27260100000000004
14540 1.32309432 7.15212765 1.51365357 -1.244934 -0.393115 0.286637
14560 1.6810023600000001 7.25721237 3.5013655800000003 -1.295405 -0.184323 0.330882
14580 -3.08239029 11.52079533 -1.4602086900000002 -1.599802 0.046457 0.158613
14600 -5.095107990000001 15.02201376 -4.67327799 -1.290599 0.335706 0.01726
14620 -4.12721415 17.784215460000002 -4.47150591 -1.074717 0.071207 -0.091988
14640 -3.70225476 15.69036906 -2.23770024 -0.4541689999999999 -0.391656 -0.230202
14660 1.80419634 10.670856930000001 -2.7457405200000005 0.77488 0.133293 -0.172083
14680 -1.64103642 13.69292553 -7.84188837 1.192257 0.766305 -0.06102000000000001
14700 -5.2459956000000005 19.56057102 -7.178624460000001 0.30656300000000003 0.104302 0.02444
14720 -2.8369048500000003 12.212949690000002 -4.94362197 -0.8182159999999999 -0.324712 0.12716
14740 0.046107 8.18797536 -4.34427021 -0.899741 -0.476656 -0.165907
14760 0.8515766700000001 6.71114853 -2.9277650700000004 0.290053 0.664633 -0.492344
14780 -0.67270113 6.1252659000000005 -2.1920445 0.352981 1.613887 0.227929
14800 -2.04534576 6.503372730000001 -2.66041314 -0.29504600000000003 0.836464 0.731804
14820 -3.1295469600000003 6.671172780000001 -3.2373196200000005 -0.7042619999999999 -0.119237 0.857289
14840 -3.56258979 6.15700125 -3.59148024 0.180991 -0.407005 0.392755
14860 -2.32287066 6.0116464800000005 -3.51020439 0.679235 0.8550059999999999 -0.485597
14880 -0.76296294 5.625603360000001 -3.0287982600000003 0.404628 0.271302 -0.264577
14900 0.03248091 5.614223760000001 -2.08186839 -0.009849 0.32225 0.140524
14920 0.51582942 5.721398010000001 -0.92717253 -0.542706 0.153068 0.552557
14940 -0.61776513 6.22510227 -0.42346827 -0.8914 -0.197705 0.396747
14960 -2.99227563 8.7516972 0.04086846000000001 -0.734553 -0.007474 0.10811
14980 -4.26269025 10.389143160000001 -0.45011223 -0.6525529999999999 0.409924 0.084647
15000 -3.9573245700000004 9.52020279 -3.1388272200000005 -0.51786 0.314202 -0.07025
15020 -1.9064361600000002 8.48196144 -5.727843180000001 -0.393608 0.029971 -0.227114
15040 0.20851155000000002 7.118145810000001 -5.68802439 -0.220786 -0.023691 -0.277113
15060 -0.24863445 6.90903585 -3.7073363400000003 -0.162125 0.228498 -0.257799
15080 -0.26659656 6.933884580000001 -0.6125265900000001 0.089697 0.624253 -0.344141
15100 -2.37496176 6.87235626 0.11810259 0.335355 0.8389200000000001 -0.42709
15120 -5.11860294 11.49938991 -0.43514217000000005 0.454319 0.565467 -0.344723
15140 -0.75233871 16.973350290000003 -0.8942403600000001 0.260213 0.261911 -0.188662
15160 3.39658497 11.879743229999999 3.9580701300000003 0.206135 -0.493663 -0.06842999999999999
15180 3.63818565 11.37768705 2.62448892 0.372029 -1.17779 -0.157194
15200 1.0036611 12.45230388 -0.29713509 0.221273 -1.095968 -0.241673
15220 -3.84609879 18.37713186 -6.461013149999999 0.372077 -0.940301 -0.406393
15240 -3.7103382000000003 23.166275759999998 -5.1919523100000005 0.518383 -0.800739 -0.5358729999999999
15260 -0.28111536000000004 15.55160661 -2.41552611 0.689982 -0.397353 -0.330093
15280 2.2817079000000002 6.77415816 -0.11884815000000001 0.570782 -0.779265 0.174833
15300 1.03314996 3.96555516 0.7716447900000001 0.960498 -0.8843270000000001 0.003569
15320 -1.0581458400000003 5.97018942 -0.57390462 1.23301 -0.068222 0.007631999999999998
15340 -0.43724151 10.6633719 -1.46709531 1.473749 0.432133 -0.119514
15360 0.86011137 11.584413180000002 -0.86130819 1.111155 0.223663 0.113229
15380 1.52922204 9.6189993 -0.9457330500000001 0.7227439999999999 -0.194875 0.420836
15400 1.45512711 7.30481049 -0.79618941 0.861577 -0.368069 0.455143
15420 1.1856856500000001 6.030511110000001 -0.942741 0.935354 -0.4392680000000001 0.34785900000000003
15440 -0.11929941000000001 6.199812090000001 -1.61723736 0.501215 -0.824842 0.17761
15460 -0.9580053600000001 7.981700490000001 -2.6053299900000004 -0.052495000000000014 -1.447628 0.024989
15480 0.00748503 7.6811319000000005 -3.5483751 -0.270447 -1.603112 -0.063928
15500 2.183509800000001 5.904325080000001 -2.93001156 -0.435853 -1.604694 -0.057604
15520 3.183129180000001 6.11463186 -1.7920711800000002 -0.6544840000000001 -1.459565 0.06887
15540 3.07820142 7.9358976000000006 -1.7398329300000002 -0.807834 -1.120321 0.34617
15560 1.5268284 9.63500922 -3.8492478 -1.007015 -1.262355 0.606675
15580 2.1713846400000003 8.61548535 -3.8455003800000003 -1.1513790000000002 -1.486976 0.6935479999999999
15600 1.5370013700000003 7.5676596300000005 -2.6081748900000004 -0.994901 -1.204766 0.57998
15620 1.59568479 7.081476030000001 0.44472654 -0.797902 -0.30012300000000003 0.619721
15640 1.41396435 8.25353559 3.93262299 -1.088894 -0.17166199999999998 0.448745
15660 -3.0735612900000002 11.610154620000001 2.31837768 -1.064861 0.23161 0.012561
15680 -8.196353100000001 15.69950217 -1.4534790300000002 -1.481454 -0.592638 -0.227506
15700 -7.519011840000001 18.838770840000002 -3.54448053 -0.373822 -1.673739 -0.1607
15720 -5.28685425 16.201705500000003 -3.3611120100000003 1.122962 0.6796989999999999 0.078544
15740 -0.11152008000000001 12.32776593 -1.5075125100000002 1.454393 1.272053 0.042712
15760 1.51918641 14.657964660000001 -3.1346285400000005 0.8900520000000001 0.7530979999999999 -0.491471
15780 0.16211025 15.489185580000001 -4.40294382 0.419361 -0.908439 -0.689183
15800 -1.68699627 11.779004339999998 -4.75965504 0.4588430000000001 -1.297632 -0.365805
15820 -2.69110863 8.99719245 -3.82155417 -0.133208 -0.560236 0.356574
15840 -1.6950797100000001 7.09060914 -2.88419886 -0.01317 -0.829333 0.6803600000000001
15860 -0.47122335000000004 5.99279166 -1.8751520700000002 0.028973 -1.206611 0.420492
15880 -0.7575772500000001 4.97760381 -1.8191664 -0.134948 -0.793081 0.5117520000000001
15900 -1.2513930300000002 4.535565210000001 -1.71558261 -0.5686220000000001 -0.550346 0.3919760000000001
15920 -1.2481066800000002 4.687051230000001 -1.7065966500000003 -1.127648 -0.528225 0.406202
15940 -1.3843185300000003 4.611759480000001 -2.08426203 -1.3797780000000002 -0.631634 0.377868
15960 -0.8553240900000001 4.235438070000002 -2.61461025 -1.056483 -0.505521 0.261392
15980 0.30177522 4.19293134 -1.5302717100000003 -1.058694 -0.113229 0.195712
16000 0.7478457300000001 5.2120137600000005 0.04146687000000001 -1.321434 -0.198513 0.172622
16020 -1.3238496900000003 7.483087620000001 1.3840242299999999 -1.238849 -0.694743 0.054194000000000006
16040 -4.01749911 9.18788904 2.8984233600000002 -0.918247 -0.421748 -0.028306
16060 -6.1691166000000015 11.09747421 0.10628154000000001 -0.615781 -0.122165 -0.084261
16080 -6.18259554 12.31339428 -7.70328288 -0.364565 -0.153363 -0.225608
16100 -1.11368025 10.74555027 -9.64893942 -0.27507600000000004 -0.020212 -0.300998
16120 -1.5655975200000003 5.91794136 -7.34552199 -0.147558 0.08276 -0.321603
16140 -3.0982530600000002 12.25486782 -0.23516532 -0.07933899999999999 -0.142355 -0.29520100000000005
16160 0.73017792 20.334609450000002 2.1427983000000004 0.203392 -0.430755 -0.346268
16180 3.1069349100000005 15.66223398 2.11599738 0.337011 -0.5857859999999999 -0.320567
16200 4.4976986100000005 10.88237034 1.7326422000000001 0.371642 -0.114492 -0.194878
16220 2.10343077 17.552797560000002 -1.8558361800000003 0.579489 -0.319945 0.120894
16240 1.58939658 26.478583020000002 -3.2964444900000003 0.570768 -0.756778 0.677936
16260 -1.31531499 15.35132565 -0.1130112 1.120518 -0.41487 0.479444
16280 -3.5548104600000006 9.150768 0.33110712 2.021064 -0.075648 -0.150292
16300 -4.62163815 9.1763721 1.3233984300000001 1.702118 -0.52531 -0.377339
16320 -3.3132097800000007 10.503360990000003 1.2284964900000002 1.503454 -0.840888 -0.407164
16340 -1.6938730800000001 10.18077876 -0.7349750100000001 1.631134 0.00153 -0.19798
16360 0.14773860000000003 7.526045610000001 -0.21539817000000003 1.7720169999999995 0.7870739999999999 0.103236
16380 0.7144623 5.4486702000000005 1.29046626 1.436891 0.126389 0.18079
16400 0.48289725 4.81548375 0.97072893 1.137958 -1.136927 0.148274
16420 0.91055439 6.458766659999999 -0.64306512 1.016732 -1.774547 0.13329000000000002
16440 1.9083785400000002 8.102353680000002 -1.21816656 0.878526 -1.982538 0.052474
16460 1.9543383900000002 8.570280870000001 -1.5094647 0.762955 -2.071571 0.040031
16480 1.74956445 8.48091177 -1.81572309 0.710957 -1.878038 0.171879
16500 1.11023694 8.66054268 -1.7491131900000003 0.532489 -1.7662790000000002 0.34995
16520 -0.13127742 8.92878732 -1.83847248 0.210318 -1.902955 0.442947
16540 -0.7819747200000001 9.21378744 -1.7691746400000001 -0.092671 -1.861578 0.48137
16560 -1.29914811 10.420731360000001 -0.45939249000000004 -0.290565 -1.659873 0.560914
16580 -0.13921371000000002 10.941348060000001 0.15342840000000002 -0.300791 -1.342311 0.542276
16600 2.61042138 12.97786482 1.62950967 -0.26365700000000003 -1.041518 0.413963
16620 0.6391705499999999 16.7194773 3.63279996 -0.07915499999999999 -0.945779 0.288011
16640 -1.52443476 15.71312826 4.03470585 -0.21905300000000005 -1.184139 0.077968
16660 -4.86937008 10.659781440000001 1.40647932 -0.13864 -1.042952 0.131759
16680 -3.7220121000000006 8.60485131 1.0310604300000001 0.006021 -1.184956 0.087018
16700 -2.5325790300000004 9.545345820000001 0.6378265799999999 0.182824 -1.636547 0.178563
16720 -0.92717253 11.288926170000002 -1.12266621 0.291898 -1.83383 0.401767
16740 0.5096883600000001 13.055098950000003 -0.98165727 0.271235 -1.73013 0.59377
16760 0.89514288 13.186229220000001 -0.93630564 0.341677 -1.661385 0.657199
16780 0.6450075000000001 10.19096154 -0.67150431 0.374787 -1.348689 0.4861140000000001
16800 0.8873537400000001 8.83731888 -0.44816985000000004 -0.438833 -1.590475 0.384601
16820 0.66072312 9.476940690000001 -1.24660575 -0.715821 -2.1925380000000003 0.403734
16840 0.44053767000000005 8.431812720000002 -1.1335945500000002 -0.560476 -2.859545 0.305261
16860 0.18695898 7.48997424 -0.7758336600000001 -0.394903 -3.330914 0.025011
16880 -0.29010132000000005 7.511526810000001 -1.4762284200000002 -0.52332 -3.511186 -0.069659
16900 -0.7741855799999999 7.30002321 -1.7262068400000001 -0.6869430000000001 -3.464281 0.063734
16920 -1.01085183 6.44439501 -1.0873404 -0.416833 -2.556099 0.220418
16940 -1.1870296200000001 6.0951786299999995 -1.17550287 -0.5008739999999999 -1.572367 0.438624
16960 -1.0880859600000001 6.3858685500000005 -1.3540841099999998 -0.68214 -1.392334 0.595224
16980 -1.37594079 6.799311000000001 -1.0065060000000001 -0.6290560000000001 -1.394873 0.651145
17000 -1.4771309400000001 8.502768450000001 -0.5273561700000001 -0.387537 -1.234081 0.724197
17020 -3.4190400600000004 12.190945860000001 -0.6917129100000001 -0.127638 -1.170747 0.6447470000000001
17040 -3.91975227 15.6927627 -2.8428889500000003 -0.14733800000000002 -1.235951 0.451344
17060 -1.2325382100000002 11.588602049999999 -4.30474572 -0.407374 -1.372725 0.248877
17080 0.87747507 9.680664960000001 -4.932693629999999 -0.621555 -1.464053 0.096879
17100 2.63527011 7.838749170000001 -4.617743580000001 -0.547371 -1.436217 -0.001983
17120 2.74289562 7.97765877 -4.4559374400000005 -0.403203 -1.183124 -0.016255000000000002
17140 2.44531908 10.52716005 -3.0801438000000005 -0.355298 -1.015854 -0.063137
17160 0.09939492000000001 13.917760920000001 -1.73325042 -0.37384 -0.931379 -0.1264
17180 -1.00800693 17.777181690000003 0.62704539 -0.354768 -0.805413 -0.208681
17200 -1.77186258 15.507598950000002 1.4218908300000002 -0.351652 -0.667678 -0.29002100000000003
17220 -2.13815817 9.67827132 1.0699767 -0.316577 -0.52267 -0.352987
17240 -1.9725948000000002 7.280707320000001 0.49038228 -0.308477 -0.392691 -0.363779
17260 -0.8256782699999999 4.5373604400000005 0.5236087500000001 -0.385137 -0.348785 -0.354756
17280 1.78429185 4.118090850000001 2.5216605000000003 -0.422765 -0.430608 -0.373074
17300 3.46484295 7.61182425 3.42263052 -0.401519 -0.369225 -0.29075100000000004
17320 2.9877826500000007 11.6872416 2.4903665999999998 -0.481718 -0.041368 -0.159272
17340 0.09490194 13.42886976 2.31942735 -0.41793 0.259425 -0.044912
17360 -4.06868769 12.12763212 0.6366297600000002 -0.186903 0.510598 0.079225
17380 -3.505113 10.094705820000001 -0.45101475 -0.059292 0.49493 0.157048
17400 -0.47046798 9.67782006 -0.905463 0.018182 0.018123 0.246863
17420 0.75547791 9.55567575 -0.1070271 0.302333 -0.343067 0.282426
17440 0.8238830400000001 9.03790395 1.03465089 0.8496520000000001 -0.392708 0.233969
17460 0.7940998800000001 8.12929194 1.43446725 1.277653 -0.276373 0.07443999999999999
17480 0.36943479 8.292755970000002 1.2263971500000002 1.497299 -0.107602 0.036234
17500 -0.37781253 9.099275310000001 0.32796792 1.5145030000000002 -0.05131 0.062987
17520 -0.29608542000000004 9.45149355 0.46074627 1.604086 -0.026188 0.096696
17540 -0.36927783000000003 9.44416548 0.6857288100000001 1.694861 -0.012631 0.090903
17560 -0.45759726 9.409585230000001 0.5622307200000001 1.78013 0.076015 -0.040006
17580 -0.41957370000000005 9.28384065 0.04445892 1.7311580000000002 -0.198412 -0.100885
17600 -0.5032530000000001 8.964711540000001 -0.31928607000000003 1.508074 -0.744991 -0.150881
17620 -0.55414728 8.983713510000001 -0.23156505000000002 1.355614 -1.22054 -0.175906
17640 -0.34143705 9.15016959 0.40789980000000003 1.202782 -1.537378 -0.196864
17660 -0.6297431400000001 9.71644203 1.0315018800000002 1.1081530000000002 -1.4380879999999998 -0.169878
17680 -0.77867856 10.177639560000001 1.31741433 0.918388 -1.574063 -0.100527
17700 -0.29728224000000003 10.44797373 0.65878074 0.751512 -1.588732 -0.017284
17720 0.07484049000000001 10.836567450000002 -0.38664153 0.563864 -1.437306 0.106193
17740 -0.35401347000000005 11.426638950000001 -1.23029172 0.325469 -1.409319 0.240156
17760 -0.20551950000000002 11.47813164 -1.6833960000000001 0.06945599999999999 -1.288501 0.351445
17780 1.47952458 11.23533414 -0.33784659 -0.15336 -1.177237 0.42559
17800 3.1512466800000003 12.306507660000001 1.66947561 -0.233044 -1.076929 0.45161
17820 3.3843126600000004 12.889251090000002 2.6958959100000004 -0.041429 -0.992141 0.394088
17840 1.7600415300000003 12.38030829 3.78907326 0.416222 -1.089261 0.308746
17860 -2.1764760300000003 10.8051264 4.12811667 0.459503 -1.270193 0.230232
17880 -3.59746434 9.48413142 3.51020439 0.450031 -1.119382 0.352818
17900 -3.0741597 8.95079115 2.1125540700000003 0.498663 -0.906795 0.427661
17920 -2.3322980700000002 10.26326124 0.69066324 0.5247729999999999 -1.187492 0.271175
17940 -1.33672041 11.65147434 -0.18202455 0.511933 -1.404987 0.060924
17960 -0.6247989 12.164154750000002 -0.1764819 0.6678569999999999 -1.446765 -0.015913999999999998
17980 -0.13472073 11.94276267 -0.41329530000000003 1.385162 -0.608842 0.27323800000000004
18000 1.29495924 10.890748080000002 -0.5089428 0.413508 -0.92213 0.6065470000000001
18020 2.25506394 9.449698320000001 -0.39876669 -0.478026 -1.676981 0.4731
18040 1.6148437199999999 8.77565322 -0.49651353 -0.467988 -2.239802 0.286953
18060 0.84244356 7.85297367 -0.7457463900000001 -0.3563 -2.927692 0.386891
18080 -0.33260805000000004 7.0924043700000015 -0.96159582 -0.22010900000000005 -2.222194 0.46385
18100 -1.55541474 7.577244 -0.93855213 -0.709205 -1.139229 0.460114
18120 -2.1183910200000002 7.18745346 -1.64478384 -0.969584 -1.378054 0.4703520000000001
18140 -1.9116747 6.861732030000001 -1.5602020200000002 -0.619689 -1.238305 0.383955
18160 -1.5039220500000001 6.563252970000001 -1.3319331300000001 -0.270673 -0.511758 0.606583
18180 -1.32968664 6.4174567499999995 -1.51334946 -0.275515 -0.5164979999999999 0.7304689999999999
18200 -1.08179775 6.906033990000001 -1.9140683400000003 -0.418657 -0.680616 0.604698
18220 -0.75607632 8.25353559 -1.9008935100000002 -0.471768 -0.605001 0.389517
18240 -1.20230379 9.73126494 -1.9604696400000001 -0.532154 -0.8271129999999999 0.309264
18260 -2.21883561 11.924800560000001 -3.4233858900000005 -0.4723810000000001 -0.888834 0.241394
18280 -1.4473379700000002 12.059521290000001 -4.3328906100000015 -0.388207 -0.6750109999999999 0.242776
18300 -0.39008484000000004 10.638523170000001 -5.04720576 -0.319132 -0.471891 0.269704
18320 -0.56596833 8.34559263 -4.89796623 -0.200618 -0.239971 0.244597
18340 -0.62374923 7.3886369400000005 -3.2858202600000004 0.031945999999999995 -0.079631 0.172309
18360 -1.46455452 11.104959240000001 -2.47330701 0.350979 0.059233 0.067537
18380 -1.71318897 16.664541300000003 -3.1240043100000006 0.493964 0.191274 -0.042728
18400 -0.67599729 21.279744089999998 -0.18067077 0.43609 0.01087 -0.165747
18420 -0.69530337 10.89210186 -0.16390548000000002 0.409809 -0.314308 -0.34177
18440 -1.56784401 3.9661535700000004 -0.70159158 0.493538 -0.277008 -0.418145
18460 -0.92777094 6.362216640000001 0.5149269000000001 0.445878 0.293011 -0.401049
18480 1.4289246 9.203016060000001 1.06518942 0.224148 0.391557 -0.343972
18500 3.05604063 10.955719710000002 3.01503483 0.202529 -0.119805 -0.31783
18520 1.14706368 12.785216040000002 2.7749252699999998 0.185277 -0.159165 -0.316832
18540 -1.13553693 11.64847248 1.44958446 0.219706 0.187813 -0.27110300000000004
18560 -2.25671202 9.77347737 -0.33859215 0.138522 -0.034697000000000006 -0.233997
18580 -1.7266581 8.940157110000001 -0.66251835 0.116099 -0.456697 -0.17699700000000002
18600 -2.97565749 9.09733293 -0.5072947200000001 -0.02477 -0.394705 -0.106489
18620 -1.4861070900000002 8.22569481 -0.30701375999999997 0.06475700000000001 -0.139504 -0.067735
18640 0.01062423 8.013131730000001 -0.5622307200000001 0.23617 0.022867 -0.062473
18660 0.9033734700000001 8.90348733 -0.45250587000000003 0.543752 0.046487 -0.108425
18680 1.05725313 8.913366 -0.86625243 1.109932 0.367716 0.054283000000000005
18700 0.8616123 9.202113540000001 -0.44217594000000005 1.5089 0.329152 0.028278
18720 0.26509562999999997 9.417511710000001 -0.22512969000000002 1.643609 -0.324207 0.263996
18740 -0.7514361900000001 9.63246843 -0.75248586 1.898037 0.8209190000000001 0.586909
18760 -1.6242711300000001 9.677378610000002 -1.5715816200000001 2.097354 1.310975 0.407144
18780 -1.5756233400000001 8.9509383 -1.5178424400000001 1.73975 0.5727399999999999 0.18447
18800 -1.21847067 7.096887540000001 -0.7924517999999999 1.637817 1.610864 0.402482
18820 -1.33372836 6.151007340000001 -0.27917298 1.097424 1.175337 0.561635
18840 -1.4277277800000001 7.0076754 -1.1719124099999998 0.796719 0.050172 0.3484
18860 -1.05455538 7.506739530000001 -1.8642237300000002 0.751892 -0.727186 0.047844
18880 -0.57779919 6.51235869 -0.62824221 0.268963 -1.291535 -0.127858
18900 -0.04999176 6.14667132 -0.28231218 -0.400275 -1.879178 -0.177713
18920 0.27123669 7.6074784200000005 -0.9768699900000001 -0.658137 -2.104937 -0.240113
18940 0.16136469000000003 8.346789450000001 -1.38627072 -0.66972 -1.41957 -0.062679
18960 0.63139122 9.01979469 -1.7476122600000001 -0.6847880000000001 -0.874389 0.27621100000000004
18980 0.0205029 8.821750410000002 -2.63931183 -0.76157 -0.81775 0.564022
19000 0.3558087 8.47133721 -3.0021543000000004 -1.133425 -0.992992 0.753929
19020 0.94453623 8.80199307 -2.7650466000000002 -1.409345 -0.8919379999999999 0.7636229999999999
19040 0.7774817399999999 9.4453623 -2.77178607 -1.411374 -0.5260090000000001 0.63068
19060 0.5761511099999999 9.13550364 -1.8884740500000001 -1.6508470000000002 -0.528908 0.49762
19080 0.72718587 8.42762385 -0.61716672 -2.144285 -0.5830609999999999 0.082977
19100 1.67576382 7.90162146 2.12139288 -1.302354 0.416366 0.102533
19120 -1.399887 10.3596543 1.7438746500000002 -0.546913 0.634397 0.068006
19140 -4.956943949999999 14.61380985 -0.6780868200000001 -0.205761 -0.024617 -0.05909
19160 -5.5067454 17.35745103 -4.92715098 0.10443800000000003 -0.600777 -0.099982
19180 -4.85410572 17.16900093 -5.298381000000001 0.005802000000000001 -0.006920999999999999 0.127168
19200 2.0022406200000002 13.025610090000002 -2.9497689000000005 -0.259372 0.393366 0.4207
19220 2.91129408 13.25119104 -3.36664485 -0.7441800000000001 0.038269 0.398541
19240 -4.70621016 18.31202289 -8.39724228 -1.124379 -0.003305 0.20259
19260 -3.7330875900000002 13.83781923 -6.004916820000001 -0.356664 0.448258 -0.433559
19280 -0.5830377300000001 9.86972328 -5.10977394 -0.132916 0.75681 -0.532805
19300 1.2293892 8.16956199 -4.213591200000001 0.400567 0.475213 -0.105701
19320 2.2791573 6.862183290000001 -2.8725249600000002 0.442732 -0.346061 0.376345
19340 1.8312915600000002 5.00873094 -2.41672293 -0.5552159999999999 0.30828 0.643069
19360 0.09355797 3.92887557 -2.7674402400000004 0.90904 0.273484 -0.447995
19380 -1.31965101 5.00843664 -2.94422625 1.231841 0.679045 -0.6502899999999999
19400 -2.66401341 4.918920389999999 -2.7394523100000003 0.366555 -0.197964 -0.095462
19420 -2.8333045800000005 4.57987698 -3.01547628 -0.247293 -0.262803 0.400261
19440 -1.66543389 3.8272439700000005 -2.60982297 -0.6893020000000001 -0.245527 0.7250949999999999
19460 -0.96758973 5.04421371 -1.38955707 -0.882007 0.11178 0.5160560000000001
19480 -2.12902506 6.58196064 0.42136893000000003 -0.757408 0.52567 0.26750100000000004
19500 -3.21756228 7.71600645 0.1591182 -0.706693 0.794329 0.171371
19520 -2.55682935 11.6004231 0.88077123 -0.594965 0.610124 0.052746
19540 -3.5971700400000004 10.146502620000001 -1.23852231 -0.475936 0.46394 0.009968
19560 -2.92372335 8.82415386 -2.8419864300000004 -0.282685 0.470824 -0.014328
19580 -0.93570723 8.03903013 -4.87805193 0.015602 0.604033 -0.018825
19600 0.24414147 5.787115200000001 -4.61025855 0.192382 0.8141609999999999 0.027006
19620 -0.12020193000000001 6.137391060000001 -4.69438911 0.329058 0.536975 -0.037914
19640 -0.9788123700000001 8.123160689999999 -3.52307511 0.363402 0.292054 -0.090771
19660 -2.1463887600000002 9.53082702 -1.03374837 0.407743 -0.08294299999999999 -0.124164
19680 -5.26619439 13.404923550000001 0.13472073 0.322826 -0.894553 -0.083125
19700 -3.16710945 18.54508887 1.79671131 0.350025 -0.697891 -0.00307
19720 2.88704376 13.45177611 2.43932517 0.219995 -0.404596 0.02342
19740 3.5624426400000004 10.9525707 -1.22010894 0.220563 -0.629976 -0.091656
19760 1.62831285 7.8260256 0.30161826 0.211052 -0.6871550000000001 -0.169629
19780 -1.88173458 15.94199556 -3.39074802 0.344374 -0.495721 -0.206331
19800 -1.9203565500000002 29.81529756 -4.6945362600000005 0.646991 -0.415522 -0.278027
19820 -0.27288477000000005 13.049262 0.17499078 1.020673 -0.032603 -0.19045
19840 1.34674623 4.29412149 -0.14354973000000004 1.115984 -0.185182 0.053966
19860 0.30506157000000006 2.955753 -2.29218498 1.407164 -1.364495 0.081012
19880 -0.32138541 6.227201610000001 -1.69267626 1.912486 0.366216 7.099999999999999e-05
19900 -0.018707670000000003 14.089298580000001 -0.95396364 1.779975 1.602008 0.096906
19920 0.7357205700000001 13.21721901 -0.85516713 1.523025 0.8955799999999999 -0.175312
19940 1.56784401 9.79727643 -0.43424946000000003 1.113043 1.777153 0.29819
19960 1.15260633 8.180343180000001 -0.24384717000000003 0.658736 0.391869 0.531801
19980 0.49232466 7.132370310000001 -0.89050275 0.940553 -0.313365 0.027268
20000 -0.26689086 7.875723060000001 -1.32609618 0.713141 -0.600363 -0.464267
20020 -0.43349409 8.37044136 -1.85314824 0.218544 -0.7202689999999999 -0.685485
20040 -0.44113608000000004 6.950198610000001 -2.03067981 -0.295053 -0.8811969999999999 -0.755096
20060 0.5063922000000001 6.449192100000001 -2.0796219000000002 -0.5090779999999999 -0.935142 -0.665723
20080 1.54388799 6.34276341 -1.4142586500000003 -0.7158720000000001 -0.52047 -0.290617
20100 1.9374259500000002 6.318660240000001 -2.1345579000000003 -0.8675290000000001 -0.235737 0.030562
20120 1.88503074 7.37037072 -2.4812433000000005 -0.948004 -0.207219 0.161355
20140 1.5477825600000001 7.56481473 -1.6859465999999999 -0.917787 -0.111526 0.180671
20160 0.4016115900000001 7.58667141 -1.1770038 -0.965011 -0.155115 0.199625
20180 0.08502327 8.00040816 -2.0871069300000005 -1.185861 -0.154351 0.200218
20200 -0.057329639999999994 8.73957204 -2.9572539300000003 -1.644627 0.291581 0.169736
20220 0.19489527 8.4451347 -2.2956282900000002 -1.416048 0.541311 0.124011
20240 0.44802270000000005 8.002811610000002 -0.38933928 -1.232502 0.642458 -0.021183
20260 0.7839171000000001 8.459359200000002 2.98150425 -0.5880479999999999 0.734588 -0.175964
20280 -1.10530251 12.211605720000001 2.2619505600000007 -0.16206900000000002 1.308214 -0.139541
20300 -4.74124167 17.11510479 -3.0223629000000005 0.281341 1.045405 -0.069877
20320 -4.661005680000001 17.531696250000003 -5.0960007 1.092085 1.0011290000000002 -0.089795
20340 -5.344488 13.571830890000001 -3.7941646500000004 0.818462 1.252982 0.03509
20360 0.53020107 11.54743929 -2.17332702 -0.388228 0.6664859999999999 0.164145
20380 0.13771278 17.28964431 -6.38077716 -1.068945 -0.347302 -0.133072
20400 -2.1914460900000003 20.20872753 -6.36117678 -0.528287 -0.04109 -0.720414
20420 -0.25925868 12.225526110000002 -5.8805260200000005 -0.102424 1.768066 -0.370449
20440 0.79499259 8.61653502 -4.40713269 -0.227706 1.721627 0.161778
20460 0.18427104 7.06396518 -2.9121966 -0.077895 -0.239309 0.239044
20480 -1.0877916599999997 5.82438339 -1.7905800600000001 0.615625 0.255604 0.014655
20500 -1.9751454 5.09824719 -1.31397102 1.32915 1.7967669999999998 -0.530334
20520 -3.3410505600000007 5.85716841 -2.4899251500000004 1.023694 -0.722317 -0.605083
20540 -3.9101679000000003 5.83427187 -3.00155589 0.243341 -0.484364 -0.028658
20560 -3.20513301 5.89428945 -2.7401978700000003 -0.25116900000000003 -0.662112 0.627209
20580 -1.70151507 5.55105717 -1.7055567900000002 -0.563552 -0.400997 0.601191
20600 -0.5695686 5.389388370000001 -1.13553693 -0.636699 0.580557 0.289638
20620 -0.38125584000000007 5.311702980000001 -0.8057737800000001 -0.938322 0.763201 0.164452
20640 -0.6559358399999999 6.430327470000001 0.12304683000000001 -0.7649699999999999 0.514894 0.038862
20660 -3.19405752 8.83956537 0.17887554 -0.7542409999999999 0.254012 0.001884
20680 -4.23155331 10.171047240000002 0.15956946 -0.7334430000000001 -0.165529 -0.06045900000000001
20700 -3.5940308400000003 10.60664067 -2.12199129 -0.722769 -0.211185 -0.107327
20720 -2.77313004 8.993003580000002 -3.19555845 -0.453932 0.006322 -0.121751
20740 -1.9281358800000001 7.696690560000001 -4.98598155 -0.14868499999999998 0.509125 -0.118127
20760 -0.6950090700000001 6.15879648 -5.310211860000001 -0.056835 0.512077 -0.136717
20780 0.26389881000000004 6.35159241 -3.10828869 -0.019185 0.24708 -0.233323
20800 -0.49667049 6.97026006 -0.95247252 0.175171 0.244445 -0.27575900000000003
20820 -2.96473896 7.83590427 -1.4287774500000001 0.239545 -0.29518 -0.182751
20840 -4.38093999 13.620625830000002 -3.57980634 0.260759 -0.702572 -0.087009
20860 1.39120515 13.07785815 0.62958618 0.323869 -0.856382 -0.039369
20880 4.11838515 10.692262350000002 3.38460696 0.310026 -0.658011 -0.08458500000000001
20900 3.42922284 10.09156662 0.22467843 0.116353 -0.316419 -0.092785
20920 1.86332121 14.47849071 -6.51250584 0.173371 -0.279059 -0.160801
20940 2.53198062 32.22678195 -5.945487840000001 0.346671 -0.563488 -0.310914
20960 -0.9981282600000001 17.87059251 -1.2882197700000002 0.381057 -0.318405 -0.357989
20980 -0.19085355 5.160972330000001 -0.75547791 0.5456270000000001 -0.192477 -0.290771
21000 -1.84745844 1.5027252300000002 -3.3908951700000003 0.5639529999999999 -0.104199 -0.005541
21020 -2.51731467 4.8280601700000005 -2.94393195 1.085577 -0.134734 -0.014677
21040 -0.4656807 14.57773848 -1.9303823700000002 1.600724 0.698018 0.14488299999999998
21060 0.9737209800000001 15.955915950000001 -0.40340682000000005 1.679617 0.681887 0.380463
21080 1.7329463100000002 11.270964059999999 -1.5238265400000002 1.292618 -0.094968 0.250569
21100 1.67487111 8.97249087 -0.7156591200000001 1.276953 0.5684060000000001 0.603191
21120 0.52331445 6.78852981 -0.5869323000000001 0.8147449999999999 0.487144 0.812643
21140 -0.07724394 6.76563327 -1.18733373 0.779211 -0.547176 0.561619
21160 -1.0268617500000001 8.89390296 -2.2866423300000003 0.742875 -0.601434 0.043347
21180 -1.03793724 8.783432549999999 -2.6099701200000003 0.561503 -0.446116 -0.278585
21200 0.039367530000000005 7.48997424 -1.71513135 0.10877 -0.597661 -0.349919
21220 1.15859043 7.33923378 -2.08516455 -0.30528 -0.812645 -0.30767100000000003
21240 2.1395021400000003 8.008491600000001 -2.4168700800000003 -0.653972 -0.7126 -0.249346
21260 1.79850654 8.14306518 -1.07251749 -0.863511 -0.364355 -0.042953
21280 0.84573972 7.0623171000000005 -0.79679763 -0.840996 -0.13728 0.160944
21300 0.40086603 6.31925865 -1.9872705600000002 -0.794133 -0.295495 0.258682
21320 0.05703534 6.342606450000001 -2.6179064100000002 -0.781103 -0.4437680000000001 0.297419
21340 0.34054434000000006 6.98073714 -1.6408892700000002 -0.880805 -0.482048 0.366206
21360 -0.07139718 8.06777343 -0.6020495100000001 -1.115223 -0.210412 0.5714560000000001
21380 -0.8211951000000001 7.70986539 -1.4265309600000002 -1.348945 0.251761 0.812786
21400 -0.23381154 7.73262459 -2.07394191 -1.393629 0.536159 0.593124
21420 1.2644207100000002 7.55853633 -2.51551944 -1.237054 -0.128803 -0.017022
21440 3.77455446 7.7109150600000005 -0.22393287 -0.8979370000000001 0.6185149999999999 -0.18439
21460 0.6749476200000001 11.05555608 0.35700552 -0.328585 0.902573 -0.05259
21480 -4.40818236 15.42437091 -2.61386469 0.243143 0.989601 0.065592
21500 -7.09674039 16.239130650000003 -3.94833861 0.758613 0.8543780000000001 0.134527
21520 -9.35464923 14.61979395 -3.61962513 0.55097 0.664585 0.091659
21540 0.30386475 11.907888120000003 -0.9003814200000001 -0.472807 -0.182068 -0.14621099999999998
21560 -2.4659691300000004 14.940433800000001 -6.9292444500000006 -0.20754 -0.589809 -0.706789
21580 -3.57890382 17.87552694 -7.633828080000002 0.167467 1.127642 -0.289763
21600 -0.99423369 13.778998470000001 -7.93664316 -0.152516 0.849267 0.603528
21620 -0.39712842 10.479856230000001 -4.7518659 0.6740520000000001 -0.2525 0.753855
21640 -0.7952967000000001 8.76561759 -2.07468747 0.43175 0.098367 1.1320000000000001
21660 -2.21749164 6.62776353 -1.5985296900000001 1.045106 0.007754 0.351258
21680 -3.1692087900000008 5.69011392 -2.18276424 0.8764040000000001 0.367574 0.025947
21700 -3.72574971 6.34350897 -3.03180012 0.5514140000000001 0.011729 0.051907
21720 -3.2947964100000005 6.70754826 -3.00590172 -0.322779 -0.070374 0.295869
21740 -2.22063084 5.846995440000001 -2.96577882 -0.8800049999999999 -0.243672 0.426795
21760 -0.82777761 5.34898098 -2.60832204 -0.775388 -0.175124 0.243704
21780 0.16810416000000003 4.9801446 -2.40564744 -0.763224 0.08187 0.167616
21800 0.6595263 4.854556980000001 -1.4166522899999998 -0.656341 0.044537 0.087225
21820 0.02454462 5.098845600000001 -0.7863107400000001 -0.54848 0.219213 0.0012289999999999998
21840 -2.29592259 6.32300607 0.47017368 -0.385046 -0.06966 -0.094467
21860 -5.10977394 8.904380040000001 -1.0876347 -0.206636 -0.14858 -0.226648
21880 -2.94377499 9.63845253 -0.48184758000000005 0.018997 0.142767 -0.287402
21900 -1.93293297 8.69182677 -2.7225398700000003 0.20834 0.247598 -0.293691
21920 -2.270034 8.67266784 -4.00312746 0.215623 -0.034710000000000005 -0.297552
21940 -1.73579121 7.814802960000001 -3.98471409 0.121136 -0.550348 -0.204615
21960 -0.31194819 7.53517872 -4.53601647 0.248338 -1.393635 -0.151372
21980 -0.36299943 7.772884830000001 -2.50069653 0.381377 -1.263991 -0.186928
22000 -2.18171457 10.307563200000002 -1.13763627 0.277497 -0.373172 -0.158885
22020 -2.60547714 14.68326465 -0.41449212 0.302615 -0.32818 -0.243157
22040 4.45938075 12.40575543 2.4984500400000003 0.335877 -0.624038 -0.344026
22060 1.7090001000000001 11.49474978 -0.47346984000000003 0.567005 -0.5414760000000001 -0.411952
22080 2.72194146 11.1575016 -0.95142285 0.8142050000000001 0.036471 -0.235778
22100 -0.82163655 12.091707900000001 -1.6429788 0.987323 -0.386892 -0.0075629999999999985
22120 -5.157224909999999 23.250700620000003 -6.089635980000001 1.299069 -0.123702 -0.028155
22140 -0.29757654 17.75233296 -2.6411070600000004 1.252163 0.493889 0.345672
22160 0.7878116700000001 9.31692978 -0.5903756099999998 1.03759 -0.236294 0.116509
22180 1.2404745000000001 5.71661073 -0.79754319 0.916982 -0.148917 0.214899
22200 -0.6542877600000001 5.25931758 -2.64215673 0.62107 0.366246 0.578572
22220 -1.13928435 10.01013381 -3.06113202 0.731672 -0.10861400000000003 0.41972
22240 0.32736951 12.903917040000001 -2.9210256000000006 0.610847 -0.121382 -0.011601
22260 1.94145786 11.452233240000002 -3.18163806 0.349988 -0.442549 -0.454187
22280 2.938095 9.81928026 -2.38139712 -0.103538 -0.582176 -0.574681
22300 1.96840593 8.59437423 -2.07887634 -0.453958 -0.6896100000000001 -0.576991
22320 0.46448388 8.25368274 -2.9776096800000005 -0.52528 -0.523703 -0.44631
22340 -0.35087427000000004 7.824230370000001 -3.2584209300000007 -0.5531020000000001 -0.084535 -0.224877
22360 -0.12529332 5.801035590000001 -2.28754485 -0.6862590000000001 0.06995599999999999 -0.115978
22380 1.2657646800000002 4.5613164600000005 -1.0844955 -0.952684 -0.042272 -0.057875
22400 2.26358883 5.31813834 -0.46718163 -1.260082 -0.190817 0.059809
22420 0.45834282000000004 8.13303936 -2.02348908 -1.461973 -0.136227 0.169424
22440 0.1360647 10.10099403 -3.45197223 -1.6451060000000002 -0.196688 0.26329400000000003
22460 -0.13890960000000002 8.710387290000002 -2.8259765100000003 -1.813826 -0.34573000000000004 0.385152
22480 -0.7879588200000001 6.89227056 -1.3970421 -1.552723 0.051828 0.372579
22500 -0.70039476 6.42523608 -1.7956616400000003 -1.244867 0.0014199999999999998 0.19106
22520 -0.36224406000000003 6.790482000000001 -2.12378652 -1.12342 0.06439 0.056164
22540 0.8372050200000001 7.25840919 0.45714600000000005 -1.057302 0.155273 -0.084496
22560 -0.8345170799999999 10.706486850000001 0.00404172 -0.734783 0.24780500000000005 -0.060998
22580 -4.118090850000001 14.78760381 -2.88615105 -0.151219 0.399603 0.099913
22600 -4.140094680000001 15.8051853 -3.0005062200000006 0.526147 0.59344 0.322313
22620 -3.84789402 13.88722239 -3.3805652400000006 0.864671 1.000927 0.4235
22640 3.4355012400000002 12.66860457 -1.6257720600000003 0.812859 1.184858 0.026592
22660 -1.85704281 18.073119960000003 -5.57800524 0.711213 -0.34575 -0.731662
22680 -6.69946482 21.01300038 -7.5058370100000005 0.525457 -0.160486 -0.281339
22700 -3.25019034 12.90317148 -5.6248578 0.08414400000000001 0.030569 0.5400010000000001
22720 -0.36119439 9.26947881 -3.22144704 0.463866 -0.27512 0.73212
22740 0.5822921700000002 8.25338844 -2.2403881800000005 1.715359 0.136992 -0.048014
22760 -0.17229302999999999 6.8195196000000005 -2.60324046 0.32764 -0.241783 -0.026244
22780 -1.80390204 7.09195311 -3.2204071800000005 -0.10834 -0.343801 0.023185
22800 -2.5857198000000006 7.6555278000000015 -2.58976152 -0.559956 0.108297 0.308939
22820 -2.65113288 6.0495228899999995 -1.69207785 -1.329226 -0.071344 0.611444
22840 -2.0041830000000003 4.80995091 -1.50347079 -1.072083 -0.153915 0.524683
22860 -1.09991682 4.39710687 -1.91257722 -0.8596940000000001 0.420154 0.369471
22880 -0.35566155000000005 4.3065409500000005 -1.91901258 -1.137668 0.179752 0.256742
22900 -0.03248091 4.31313327 -1.8935654400000002 -1.198801 0.015223 0.162522
22920 -0.43394535 4.80979395 -1.9083785400000002 -0.908669 0.115907 0.040506
22940 -1.81108296 6.052210830000001 -0.52001829 -0.533168 -0.057318 -0.122223
22960 -3.30766713 7.821532620000001 -0.73916388 -0.118285 0.009975 -0.260417
22980 -2.3556556800000004 8.80184592 0.68497344 0.225814 0.561846 -0.306791
