time Ax Ay Az Gx Gy Gz
20 0.05598567000000001 6.9986992500000005 -5.81794803 -1.58323 1.944606 0.985237
40 0.044007660000000004 8.18962344 -2.78570646 -1.6940369999999998 1.702263 0.946317
60 -1.8938597400000001 6.12451053 0.14773860000000003 -2.131821 1.094773 1.129908
80 -3.8440092600000004 3.93860709 2.8334615400000005 -1.656464 -0.09519 0.996953
100 -3.5554088700000004 2.61356058 1.015335 -0.220002 0.71239 0.52632
120 -3.03748011 2.74050198 -2.77522938 0.433016 0.97618 0.060526
140 -0.9370512 3.62575638 -3.25033749 0.412566 0.306707 -0.33400100000000005
160 0.64246671 5.43953709 -2.43034902 0.56124 0.291564 -0.67157
180 -1.4413538700000001 4.944671639999999 -1.68683931 0.547783 0.340785 -0.7144560000000001
200 -1.82815236 4.52733462 -0.21225897000000002 -0.047072 0.673349 -0.249019
220 -1.8492536700000002 6.30144369 -0.71072469 0.041058 -0.796794 0.754404
240 -1.2927127500000002 9.449551170000001 -2.6132662800000004 -0.220008 0.8262379999999999 1.358319
260 -1.4156026200000003 11.33577873 -5.05887966 -0.183841 -0.878252 1.339392
280 -3.47307354 8.968154850000001 -5.434749810000001 -0.190679 -0.25624600000000003 1.107811
300 -3.60824553 7.126229250000001 -5.69281167 0.655573 -1.77177 0.0186
320 -2.8342071 8.067469319999999 -3.1850813700000002 0.118964 0.986257 -0.321968
340 -2.40534333 7.88739696 -1.71318897 -0.630063 2.408933 -0.072649
360 -1.15200792 9.89756406 0.9758203200000001 -0.686233 1.268586 0.367459
380 3.9739329000000003 17.42017617 2.94348069 -1.459074 -0.216924 0.633156
400 5.7571750800000006 11.724372449999999 -1.8179695800000002 -0.909847 -1.593544 0.494546
420 -0.43574058 13.12036488 0.48349566000000005 -0.348556 -1.31668 0.035572
440 -2.65577301 13.192213320000002 -4.97101149 -0.306709 -0.6953010000000001 -0.347355
460 -0.62180685 16.639702380000003 -2.28005982 -0.6378199999999999 -0.764513 -0.334624
480 -3.6847341 24.589961820000003 -9.80760636 -0.423582 -1.273443 -0.321793
500 -3.4000282800000003 7.83605142 0.11929941000000001 0.134907 -1.268674 -0.666139
520 1.40483124 6.4990367099999995 -2.35669554 0.105906 -0.312267 -0.854506
540 5.6776944600000006 12.87981387 -1.1304455400000002 0.067204 0.001553 -0.712037
560 2.20297284 12.103676100000001 0.8909442000000001 -0.206288 -0.08472 -0.478828
580 -1.6103507400000001 7.934700780000001 -2.19369258 -0.262839 -0.642289 -0.322548
600 -1.57143447 5.85747252 -3.48669963 -0.084387 -0.612841 -0.11624
620 -1.25169714 5.399424000000001 -1.7667711900000003 0.7376119999999999 -0.4572729999999999 -0.305114
640 -0.92686842 6.6743217900000005 -1.4528806200000002 1.522923 -0.6437 -0.98412
660 -1.55316825 7.623645300000001 -3.19391037 1.742546 0.210975 -1.520997
680 -2.0375664300000005 6.339163139999999 -4.38453045 2.112312 -0.534034 -1.214085
700 -0.30775932000000006 4.7702792700000005 -2.89857051 2.042507 -1.200074 -0.8270219999999999
720 0.8903457900000001 5.22937746 -2.57839173 1.959128 -2.03015 -0.432367
740 0.66775689 6.46759566 -2.6467968600000003 2.273289 -2.275672 -0.311285
760 -0.7933543200000001 8.056992240000001 -4.563405990000001 2.789273 -2.010765 -0.671216
780 1.7805444300000002 8.290960740000001 -5.2796733300000005 2.500318 -1.348088 -1.238105
800 1.58684598 9.055267650000001 -3.5923827600000005 2.145617 -1.04151 -0.343669
820 -1.51635132 8.092170900000001 -2.42166717 1.197911 -1.311907 0.164941
840 -4.44336102 10.4060556 0.9174410100000001 0.056987 -1.525716 0.276886
860 -4.39306515 14.276257560000001 -2.23380567 -0.102025 -2.186944 0.337511
880 -0.89019864 17.736911640000002 -2.39172705 -0.256333 -1.155199 0.331907
900 1.46589849 19.347713640000002 -1.5453889200000002 -0.7949149999999999 0.2829 0.53781
920 1.7028590399999999 18.74432016 0.46882971 -1.862164 0.7551399999999999 0.8491479999999999
940 -0.24758478 17.56537398 -0.9096616800000001 -2.804517 1.004415 1.39879
960 -5.513033610000001 15.55580529 -1.70914725 -2.964167 0.922771 1.707564
980 -8.55980379 9.549387540000001 -2.5017462000000004 -2.69105 0.52522 1.787961
1000 -6.203696850000001 5.053935419999999 -4.677918120000001 -2.453203 0.978005 1.305138
1020 -1.67951124 3.7565923500000005 -5.63098905 -1.167363 0.320066 0.357836
1040 -0.09490194 5.6179711800000005 -0.7876645200000001 1.645396 -1.622864 -0.248142
1060 -1.518588 5.14315737 2.40310665 1.907796 -0.24316 -0.5183369999999999
1080 -3.67171623 3.6600423300000005 2.73091761 1.1840959999999998 -1.486141 -0.738648
1100 -4.0430934 3.3620047200000003 0.44802270000000005 1.770545 -2.102584 -0.802128
1120 -3.69536814 3.76706943 -1.71108963 -0.388391 2.774635 0.172125
1140 -2.6598147300000003 4.31342757 -2.93764374 -1.667915 2.823678 1.003815
1160 -1.40827455 5.89729131 -3.51349074 -1.471869 -0.648891 2.106698
1180 -1.61589339 8.91889884 -5.19269787 -2.199627 -1.193966 1.586362
1200 -2.9198287800000005 12.761260020000002 -5.8962416399999995 -0.06622 -3.211463 -0.826356
1220 -4.765040730000001 12.29632488 -9.53202384 -0.139182 0.243862 -0.12413
1240 -3.79804941 7.12189323 -4.44709863 -0.8389559999999999 2.089865 0.511686
1260 -2.83241187 5.63787567 -2.56880736 -1.680438 1.430466 0.972398
1280 -3.30019191 8.27180181 -2.12977062 -2.394539 0.31700100000000003 1.121592
1300 0.49621923000000007 12.72968163 6.21941247 -2.673889 0.147305 0.910487
1320 5.832918090000001 17.30341755 1.61873829 -2.001215 0.233291 0.403397
1340 8.00745174 12.64001823 -3.0386769300000003 -0.5579310000000001 -2.298352 -0.177209
1360 2.29412736 13.364653500000001 3.971088 -0.523408 -0.160128 -0.260892
1380 -5.02998921 42.88208022000002 0.31658832000000003 -0.917341 0.17194 -0.111314
1400 -4.864288500000001 13.799805480000002 0.45355554 -1.066202 -0.567239 -0.01313
1420 -2.2561038 7.52814495 -0.14130323999999997 -0.971134 -0.78168 -0.015396
1440 0.22094082 9.75372003 -2.7928873800000003 -0.616325 -0.528904 -0.132882
1460 2.36073726 12.756021480000001 2.042206560000001 -0.5169729999999999 -0.145266 -0.253389
1480 1.4642504099999998 8.67101976 5.42755908 -0.734963 -0.265771 -0.298554
1500 0.12244842 5.7207996 4.40144289 -0.493923 -0.628262 -0.167151
1520 -1.3328258400000002 5.11890705 -5.16336597 -0.27015300000000003 -0.8021199999999999 -0.040383
1540 -1.00351395 6.34425453 -3.3582671100000003 0.030918 -0.770088 -0.053277
1560 -0.11241279000000001 6.40069146 -1.2644207100000002 0.550741 -0.699633 -0.274062
1580 0.77658903 6.48361539 0.64246671 1.506097 -0.37605 -0.769868
1600 1.54314243 7.61855391 -0.33679692000000006 2.275314 -0.28239699999999995 -1.147039
1620 1.0388397600000001 8.43331365 -3.23971326 2.850832 0.009699 -1.431813
1640 -0.9618999300000001 9.33563745 -3.8417627700000003 3.142241 0.65274 -1.055655
1660 -1.5290748900000002 10.445432940000002 -1.7887848300000002 2.863357 0.523151 -0.375912
1680 0.6950090700000001 12.143494890000001 -0.30955455000000004 2.721939 -1.623264 -0.016295
1700 1.8598779 12.83865111 0.39876669 2.593756 -4.272037 0.219076
1720 0.8994789 13.2633162 0.11001915 2.536352 -4.5716980000000005 0.348314
1740 -2.22841998 14.098137390000002 -2.9337491700000005 2.009606 -3.924841 0.213483
1760 -2.8321077600000004 12.53208861 -4.987178370000001 1.858108 -4.837621 -0.227581
1780 -0.50879565 10.90362861 -2.40774678 2.021426 -4.916736 -0.563897
1800 1.09796463 9.7203366 0.27617112 2.288301 -3.991597 -0.382689
1820 1.86092757 11.798467380000002 1.3178557800000001 2.272984 -3.5410660000000003 -0.083203
1840 2.33918469 15.68423781 2.12917221 1.890942 -3.273513 0.20541
1860 0.12424365 14.737906350000001 2.1517744500000004 1.574417 -3.0025060000000003 0.638686
1880 -0.5352826500000001 12.86544222 2.4641739000000005 1.091872 -2.594853 0.87728
1900 2.19683178 12.231961470000002 3.88202301 0.791184 -1.874511 1.083628
1920 3.41994258 12.342137580000001 2.14234704 0.663663 -1.640195 1.205283
1940 2.5304895000000003 12.1958901 -0.5224119300000001 0.395289 -1.563502 1.173399
1960 1.46470167 11.427531660000001 -0.5258552400000001 -0.091244 -1.238453 1.027511
1980 0.22708187999999999 9.62363943 0.54831033 -0.624908 -1.011972 1.063017
2000 -0.85936581 8.18333523 1.20694392 -1.1680780000000002 -0.700492 1.162442
2020 -1.09392291 8.53435665 0.46044216 -1.583797 -0.29246500000000003 1.249814
2040 -0.94034736 8.69182677 1.36126503 -1.618319 0.25658800000000004 1.1708889999999998
2060 -1.49464179 7.88679855 0.99752985 -0.488975 0.171264 0.484542
2080 -2.43857961 6.7412358 0.31314501 2.141821 -0.461034 -0.581585
2100 -3.12220908 6.867873090000001 -0.39816828 2.28815 -2.153041 -0.8871100000000001
2120 -3.51798372 7.48653093 -0.15522363 0.764364 -3.59634 -0.137467
2140 -2.6631108900000005 6.116878350000001 -0.18950957999999998 0.6345 -3.453014 0.8944129999999999
2160 -2.06854641 5.795345790000001 -0.9593591400000001 0.511591 -1.466284 1.269159
2180 -2.2878391500000004 5.93501076 -1.1036544300000002 0.502524 -1.158193 1.220631
2200 -2.25116937 6.141432780000001 -0.73213011 0.454469 -1.905122 0.240625
2220 -2.38962771 7.13386143 -1.58564916 -0.16616 -1.69613 -0.335477
2240 -3.2322282300000005 9.0058743 -3.2307273000000003 -0.988565 -0.029283 -0.610413
2260 -2.00387889 14.13241353 -7.31258982 -1.101628 2.081769 -0.165255
2280 -1.9080842400000002 18.57037905 -12.42745515 -1.182331 0.508622 -0.161666
2300 -3.03613614 12.450959910000002 -8.83972233 -0.876919 -0.493964 0.6781699999999999
2320 1.07701047 3.73712931 -6.5527758899999995 -1.3631030000000002 -0.200108 1.139074
2340 4.1848479 4.406985540000001 -4.945868460000001 -1.332706 -0.524303 0.934603
2360 2.42615034 8.07779925 -1.2513930300000002 -0.955671 -0.085245 0.5670689999999999
2380 -3.09705624 13.26915315 -1.3994357400000002 -0.651796 0.7098 0.21672800000000006
2400 -6.15040893 20.74790475 1.3212990900000001 -0.635007 0.744395 0.075795
2420 -2.6378109000000003 13.12500501 8.06552694 -0.714251 0.289455 0.16128299999999998
2440 -2.8711809900000005 3.28357377 5.78577123 -0.591858 -0.662522 0.226383
2460 0.2951829 4.25669634 0.6285463200000001 -0.540075 -1.2475379999999998 0.226426
2480 4.82536242 13.76462682 -2.38948056 -0.589971 -1.399818 0.256183
2500 3.7941646500000004 16.37954118 1.19286657 -0.618474 -1.2954709999999998 0.293237
2520 0.37946061000000003 12.055185269999999 0.08562168 -0.646838 -1.20161 0.288646
2540 -2.02049703 9.28803933 -2.90605554 -0.7546609999999999 -1.012546 0.25453600000000004
2560 -2.0776795200000002 8.85633066 -1.77037146 -0.900093 -0.947727 0.155161
2580 -1.20154842 9.12158325 -0.38754405000000003 -0.935364 -0.80984 0.06928
2600 -0.11915226000000001 9.42276006 0.37287810000000005 -0.952484 -0.618954 0.033664
2620 -0.8617594500000001 9.150620850000001 0.8750814299999999 -0.8356809999999999 -0.68988 0.086914
2640 -1.69118514 9.60672699 -0.15866694 -0.55821 -1.10859 0.126776
2660 -0.8114635800000001 9.651774510000001 -0.8255311200000001 -0.058539 -1.675295 -0.045264
2680 0.40280841 9.45374004 -1.26187992 0.329652 -1.555936 -0.127095
2700 0.48947976000000004 9.186250770000001 -1.00485792 0.661745 -0.810211 -0.156709
2720 0.04041720000000001 8.92938573 -0.90995598 1.1500780000000002 -0.7411979999999999 -0.255936
2740 -0.31854051 8.62027263 -0.67629159 2.05113 -0.763 -0.6459239999999999
2760 -0.40445649000000006 8.728496550000001 -0.93271518 2.810798 -0.250389 -1.090996
2780 -0.4573029600000001 8.992101060000001 -0.9154986300000001 2.915776 0.308555 -1.100593
2800 -0.33514884 9.533671920000002 -1.2436137 2.735795 -0.58006 -0.6349670000000001
2820 -0.11047041 10.01297871 -1.7624351699999998 2.593415 -1.904318 0.050466
2840 0.37601730000000005 10.95990858 -1.9079370900000001 2.180639 -3.154008 0.438016
2860 0.67224987 11.510916660000001 -1.9008935100000002 2.051887 -3.454472 0.297565
2880 1.86137883 11.47229469 -0.6086320199999999 2.120747 -4.2401800000000005 -0.144259
2900 0.1329255 13.79232045 -0.26764623000000004 2.552816 -3.916189 -0.289071
2920 -1.51664562 13.64442489 -1.56619593 2.453122 -3.074264 -0.291914
2940 -1.31681592 11.724813900000001 -1.43776341 2.206425 -2.552783 0.047525
2960 -0.34877493 10.949431500000001 -0.45759726 1.841007 -2.514863 0.205157
2980 0.05988024 10.727146710000001 1.20230379 1.294054 -2.137155 0.26281
3000 0.57794634 12.153373560000002 2.6095188600000006 0.8659540000000001 -1.588657 0.396917
3020 -0.22348161 12.40365609 1.01953368 0.487471 -0.925259 0.525883
3040 0.88510725 11.9474028 0.64440909 0.193758 -0.443047 0.60333
3060 1.5232281300000001 12.904662600000002 1.3973462100000003 -0.199114 -0.16722 0.697441
3080 1.1199684600000002 12.243193920000001 0.76131486 -0.645605 0.085096 0.590381
3100 0.38259981000000004 10.010280960000001 0.6725539800000001 -1.278715 0.475007 0.601482
3120 -0.10762551000000001 9.130559400000001 -0.23036823 -2.034837 0.641296 0.697469
3140 -1.9723005000000002 8.216865810000002 -0.68033331 -2.227107 0.749981 0.8572879999999999
3160 -3.1004995500000003 7.4329389 -0.50535234 -1.497765 1.386541 0.8765219999999999
3180 -2.99093166 7.55823222 0.08038314 -0.223649 1.478673 0.441992
3200 -3.0286511099999998 7.4922207300000006 0.24833034 1.501256 -0.953296 -0.267098
3220 -3.2418126 7.192692 -0.36599148000000004 1.5168549999999998 -1.714123 -0.225422
3240 -3.0731100300000005 7.02908082 -0.9394448400000001 0.846017 -1.817357 0.330841
3260 -3.3353607600000004 6.649021800000001 -1.1115907199999997 0.5646760000000001 -0.977061 0.625833
3280 -2.2091040900000003 5.85791397 -1.2771442800000001 0.317298 -0.359852 0.736546
3300 -2.5882704000000003 5.933215530000001 -1.9502966700000002 0.701429 -1.054709 0.744392
3320 -3.10379571 5.7507397199999994 -2.4508519200000007 0.557443 -1.364092 0.184035
3340 -2.6360156700000004 6.41999754 -2.91084282 0.546986 -2.36948 -0.396931
3360 -2.9900291400000003 9.08460936 -3.26905497 0.364793 -0.5147579999999999 -0.25850700000000004
3380 -2.18844423 12.72084282 -5.6743983 -0.840888 2.47019 -0.8219559999999999
3400 0.6441147900000002 16.70316327 -10.342594710000002 -0.647764 1.258739 -0.133256
3420 -1.78429185 13.466893320000002 -8.08289064 -1.1013879999999998 1.095168 0.937348
3440 -0.06481466999999999 8.223752430000001 -5.251077179999999 -1.2974139999999998 0.605182 1.09684
3460 -0.48079791 5.41379565 -2.92970745 -1.092782 0.150392 1.165082
3480 1.11682926 6.51250584 -1.39120515 -1.27869 -0.091111 0.981427
3500 0.04011309 8.47118025 0.7375158 -1.197331 0.018979 0.553497
3520 -1.96675785 9.099275310000001 1.82889792 -0.69153 0.053272 0.330523
3540 -3.0241581300000004 17.612520840000002 4.35324636 -0.175622 0.16978800000000002 0.315818
3560 -1.27684017 17.55339597 -2.04340338 0.114334 -0.122145 0.076799
3580 -3.13418709 6.036348060000001 2.36987037 0.368197 -0.454001 -0.004324000000000001
3600 -4.41956196 6.296058 -0.47346984000000003 0.749363 -1.214421 -0.114987
3620 -3.1003524000000002 11.53292049 -2.48753151 1.407651 -1.894455 -0.322093
3640 4.3266024000000005 15.389947620000001 -1.63310013 1.431576 -1.045766 -0.524908
3660 3.04885971 11.510759700000001 -2.15043048 0.988811 -0.209551 -0.400885
3680 0.91444896 8.044121520000001 -2.485883430000001 0.06480599999999999 -0.682477 -0.14715599999999998
3700 -1.69223481 6.94840338 -2.7572672700000003 0.356014 -0.496908 -0.185952
3720 -4.22646192 7.472306430000001 -3.04062912 -0.197514 0.8393790000000001 -0.080435
3740 -4.2471217800000005 7.64370675 -4.1848479 -0.14391199999999998 0.473595 -0.028318
3760 -0.6753988800000001 7.936044750000001 -4.18664313 -0.134952 0.211983 -0.147561
3780 1.6115475600000002 7.6261959 -3.72395448 -0.167965 -0.130443 -0.266993
3800 -0.00538569 6.41386629 -2.8946759400000004 0.022121 0.051441 -0.362039
3820 -1.6205335200000002 5.40286731 -4.34831193 1.0416379999999998 -0.298368 -0.612979
3840 -2.67119433 5.3678358 -5.10573222 1.6359709999999998 -0.018356 -0.82283
3860 -3.06113202 5.00858379 -2.8377975600000003 2.048051 -0.221254 -1.321756
3880 -3.24315657 4.355944110000001 -2.12692572 2.29922 -1.123141 -1.373326
3900 -0.9657945 6.00281748 -3.0422772 2.172834 -0.969406 -1.3477
3920 0.26165232000000005 8.84376405 -1.81483038 1.951203 -1.292725 -1.02089
3940 0.46134468 7.205866830000001 -0.55309761 1.842632 -0.340621 -0.597716
3960 -0.41253993 6.56729469 -0.92358207 1.618275 -0.728229 -0.441757
3980 -0.11406087000000001 7.2069165 -1.5844523400000003 1.733091 -0.90607 -0.290108
4000 -0.04221243000000001 8.70065577 -2.2977178200000004 1.325206 -0.312177 -0.336447
4020 0.39143862 10.874139750000001 -2.07573714 0.393742 -0.491388 -0.26688
4040 -0.9547190100000001 12.570857730000002 -2.71894941 -0.25099 -0.94641 0.062485
4060 -1.7681249700000001 12.73312494 -1.63146186 -0.6821510000000001 -0.831509 0.20674
4080 -2.8280660400000004 15.831525150000001 -2.26030248 -0.5728949999999999 0.362752 0.356592
4100 -3.1421135700000002 18.294207930000002 -4.89317895 -1.051913 1.394228 0.4331100000000001
4120 -2.5653640500000003 15.30612117 -3.30617601 -1.767759 2.020398 0.573653
4140 -3.7272506400000003 14.446156950000002 -3.4058652300000003 -2.347184 1.960996 1.011926
4160 -4.6101114 19.25909991 -4.45802697 -2.773838 1.96597 1.469343
4180 -7.09569072 13.126505940000001 -3.1804314300000005 -3.388642 1.720862 1.759124
4200 -6.981335550000001 8.36879328 -3.14271198 -3.299506 1.899214 1.569374
4220 -2.42480637 6.0384474 -5.31469503 -2.687621 1.877319 1.18698
4240 -1.81467342 4.5334756800000005 -4.4420170500000005 -1.386624 0.742508 0.665547
4260 -3.0729628800000004 6.317159310000001 -1.88772849 0.413795 -0.220988 0.292662
4280 -3.54761973 5.86764549 -0.1761876 0.82983 -0.729529 0.033437
4300 -4.38931773 3.4220321100000004 1.0741655700000001 -0.514887 -0.03051 0.350024
4320 -3.56378661 1.59538068 -1.0315018800000002 -0.5764630000000001 0.035757 0.348441
4340 -2.7698436900000005 1.0734200100000002 -2.8590558300000004 -0.129118 1.200095 0.4953520000000001
4360 -0.41853384000000005 1.3470503400000002 -4.0487832 -1.056504 1.786417 0.6611739999999999
4380 0.11525769000000001 2.89557846 -4.255352370000001 0.12562 -1.109944 0.139032
4400 -2.0254412700000004 3.84685416 -3.4560139500000004 2.281082 -4.350486 0.394318
4420 -3.0337425000000002 5.8204986299999995 -3.05155746 1.377673 0.67857 0.140145
4440 -1.80194985 8.795861819999999 -4.951107 -0.067291 3.399047 -0.145831
4460 -0.04715667 9.952352910000002 -5.27083452 -0.756516 1.996251 -0.124279
4480 -1.19855637 7.25825223 -1.8535995 -1.394233 0.424217 0.615696
4500 -3.5503174800000004 5.81196393 -0.004188870000000001 -2.297733 -1.621058 1.3843299999999998
4520 -0.9307629900000001 9.902959560000001 2.69828955 -1.882616 -1.774245 0.971888
4540 1.45033002 20.64162321 0.43574058 0.030208 -4.795484 -0.122899
4560 0.46223739 15.71193144 0.0344331 0.380726 -2.302013 -0.60755
4580 -0.9984225600000001 10.854529560000001 -0.99288972 0.17918599999999998 2.454029 -0.8618120000000001
4600 -3.50361207 23.602016340000002 -6.412061250000001 0.495662 1.520396 -0.7569239999999999
4620 -2.4709133700000003 37.14854724 -14.207106870000002 0.198236 1.297033 -0.319676
4640 1.8293491800000001 5.23327203 0.5070004200000001 0.434555 0.112205 -0.197934
4660 0.7050348900000001 0.0287433 2.14414227 0.053542 -0.033010000000000005 -0.315777
4680 0.20192904000000003 7.47081531 -2.76729309 -0.13965 -0.848952 -0.163326
4700 0.97716429 12.65348736 0.82043973 -0.467638 -0.19804 0.113423
4720 2.8669921200000004 7.307655390000001 2.8011277800000003 0.709476 -0.748027 -0.031474
4740 1.72471572 7.27397766 1.4690475 1.643641 -0.617451 -0.992925
4760 -1.3058875799999998 10.74555027 -8.113125060000002 2.31494 0.127555 -2.200554
4780 -5.0900166 10.25128323 -8.33990283 2.594921 -0.415917 -2.131672
4800 -6.436762830000001 0.67643874 -0.6970986 2.546811 -1.084788 -1.588494
4820 -4.51700469 1.44075546 -4.24996668 2.133746 -1.366692 -1.595291
4840 2.96414055 7.0718916599999995 -2.9961702000000003 2.075312 -0.864634 -1.623048
4860 3.92169465 11.001218490000001 -2.3673295800000003 1.701064 -0.258357 -1.066691
4880 -0.77613777 5.45136795 -1.0044066600000001 1.272188 0.68945 -0.357329
4900 -0.66072312 6.05655666 -4.52718747 1.452492 0.445854 -0.601449
4920 3.5790607800000003 11.302395300000002 -3.5284608000000004 1.129114 -0.314486 -0.38802
4940 3.38969835 13.941108720000003 -2.15492346 -0.05084 -0.386541 0.005481000000000001
4960 -1.31471658 7.4206665900000015 -1.9281358800000001 -0.829677 -0.853432 0.488817
4980 -6.1804962 7.976461950000001 -0.8454454200000001 -1.126617 -1.141193 0.513817
5000 -7.98334857 13.241763630000001 -1.84416228 -1.211077 -0.4749640000000001 0.745246
5020 -4.49590338 18.83518038 -3.83413059 -1.144452 0.111966 1.2288629999999998
5040 1.10245761 16.240925880000002 -1.64598066 -1.7027709999999998 0.567496 1.282064
5060 2.28275757 13.12111044 -0.17499078 -2.054198 0.949132 1.51947
5080 0.50145777 11.69936676 -2.9069580600000005 -2.098249 1.046513 1.447467
5100 -5.223236399999999 15.8228433 -6.606809370000001 -2.345481 1.341416 1.440021
5120 -9.980193690000002 17.4131424 -5.26260393 -2.560046 1.970793 1.143954
5140 -7.462427760000001 7.937839980000001 -3.66408405 -2.447278 2.174561 0.705442
5160 -0.7385654700000001 4.924306080000001 -4.961584080000001 -1.767402 1.699341 0.409561
5180 2.25356301 6.183341100000001 -2.9562042600000003 -0.94053 1.098311 0.279375
5200 0.3529638 8.26925121 -1.16337771 -0.321694 0.817262 0.22957800000000006
5220 -4.04773353 7.0720388100000005 0.8358610499999999 -0.053639 0.728506 0.082013
5240 -8.31266046 4.99316247 2.7910921500000003 0.04467 1.1227790000000002 -0.033173
5260 -5.09345991 3.03644025 -0.40041477000000003 0.340323 0.699693 -0.246347
5280 -2.54590101 3.43355886 -2.97969921 1.078385 -0.8632629999999999 -0.570338
5300 0.6538365 4.62254067 -3.39973398 0.5649569999999999 0.35896300000000003 -0.480418
5320 0.04715667 5.81645691 -3.40392285 -0.669184 1.806001 -0.04224
5340 -2.6789834700000004 6.4725399 -1.27295541 -0.5581699999999999 0.651105 0.6938840000000001
5360 -3.97797462 6.53450967 -1.01968083 -0.171067 0.8374 0.922812
5380 -4.06539153 6.649168950000001 -1.5212857499999999 -0.596808 1.13039 0.749616
5400 -3.4892404200000002 9.2432763 -3.33581202 0.4224060000000001 -1.507185 0.653293
5420 -2.9168367300000004 10.715914259999998 -4.02049116 0.43757 -0.351194 0.332519
5440 -1.6390940399999998 10.082129400000001 -4.75650603 0.065076 1.796239 -0.10226
5460 -2.5385729400000003 8.87264469 -3.78248094 -0.224271 1.635883 0.023043
5480 -3.12864444 10.942692030000002 -2.7851080500000003 -0.421272 0.253054 0.218923
5500 -2.8629504 12.728327850000001 -2.86759053 -0.5860449999999999 -0.550709 0.231621
5520 -2.0869597800000004 12.205768769999999 -1.3924019699999999 -0.6291260000000001 -1.141682 0.205372
5540 2.60099397 10.78132734 3.47232798 -0.438386 -0.997304 0.164858
5560 3.8191605300000004 6.9129206100000005 0.89364195 -0.4855060000000001 -0.190311 0.060946
5580 -0.15806852999999998 9.19702215 -4.34411325 -0.425704 -0.230786 0.008004
5600 0.64964763 18.055756260000003 -0.8843616900000001 -0.253373 -0.598834 -0.009548
5620 -0.85188078 22.326971400000005 -0.90696393 -0.16479000000000002 -0.630943 -0.048413
5640 -0.09325386000000001 17.20552356 -7.25676111 0.036832 -0.365567 -0.253511
5660 1.31366691 8.84496087 -2.5159707 0.5058729999999999 -0.594599 -0.394151
5680 0.90591426 8.48734713 0.76011804 0.406812 -0.163563 -0.474444
5700 -0.49487526 11.30284656 0.92463174 0.134925 -0.181565 -0.531868
5720 -0.0896634 12.23674875 0.7933543200000001 -0.04139 -0.174835 -0.463673
5740 -0.12498921000000002 9.47320308 0.0009025200000000001 -0.052308000000000014 -0.150617 -0.383664
5760 -0.21271023000000003 8.14471326 -2.2150980000000002 0.419409 -0.6792199999999999 -0.469422
5780 0.05852646 7.52889051 -2.6084790000000004 1.2116129999999998 -1.44103 -1.120937
5800 -0.31598991000000004 6.53840424 -1.7218708200000001 0.961946 -1.587547 -1.0274219999999998
5820 -0.7924517999999999 6.65860617 -1.74162816 0.90734 0.126288 -0.931723
5840 -0.8234415900000001 6.799006889999999 -3.6630343800000005 1.364362 0.236349 -1.145521
5860 -1.0955709900000001 5.82977889 -5.26949055 1.6033190000000002 -0.687033 -0.873476
5880 -0.44202879000000006 6.032306340000001 -4.54484547 1.816661 -1.580625 -0.569602
5900 0.79754319 9.1735272 -5.2926912 2.037433 -1.7914279999999998 -0.525061
5920 -0.78975405 6.621033870000001 -2.3593932900000008 2.142404 -1.735297 -0.8000010000000001
5940 -1.52577873 4.86309168 -2.5741930500000003 1.852529 -1.0169860000000002 -0.627758
5960 1.1638289700000002 7.400909250000001 -3.2162085 1.456855 -0.6949529999999999 -0.09896
5980 2.5408194300000004 9.57963177 -1.1027519099999998 0.98244 -1.204069 0.024429
6000 1.7262068400000001 7.017554070000001 -0.9157929300000001 0.912997 -1.832762 0.129435
6020 -3.09286737 10.16566155 -3.67905411 0.8140609999999999 -1.5637299999999998 0.335634
6040 -2.95081857 8.56832868 -3.2879097900000005 0.474928 -0.980157 0.412634
6060 0.6228565199999999 11.3342778 -0.34743096000000007 -0.059208 -0.572773 0.497044
6080 -1.7022606300000003 14.143037760000002 -1.1518509600000002 -0.489957 -0.389601 0.617714
6100 -3.20244507 15.49936836 -0.13472073 -0.7657229999999999 -0.15578499999999998 0.726583
6120 -2.95171128 18.71393859 -1.49718258 -1.199219 0.020483 0.977566
6140 -3.0078441000000002 17.346532500000002 -1.83279249 -1.701311 0.141536 1.243096
6160 -2.52389718 13.561049700000002 -1.35138636 -1.823461 0.584774 1.3282
6180 -1.08464265 13.324844520000001 -2.245332420000001 -1.93233 1.602177 1.406253
6200 -3.6173786400000005 13.03608717 -4.39995177 -2.060268 2.350272 1.1832790000000002
6220 -5.46513138 15.000902640000001 -3.55091589 -2.132772 2.460689 0.806617
6240 -4.595445450000001 12.99463011 -2.2094082 -1.541697 2.090486 0.433069
6260 -3.0120329700000004 8.1701604 -1.24421211 -0.564671 1.239351 0.114108
6280 -2.12902506 5.830975710000001 -0.7533785700000001 0.109721 0.694099 0.020173
6300 -1.79342496 4.59289485 -0.7264403100000001 0.285015 0.509274 0.001338
6320 -3.1373262900000003 4.752022860000001 -0.10253412 0.530836 1.295747 -0.020385
6340 -3.7242585900000003 4.61130822 0.45879408 0.464098 0.8456959999999999 -0.102528
6360 -3.50990028 4.054473 -0.04445892 0.269296 -0.54462 -0.167268
6380 -3.16606959 3.66692895 -1.75689252 -0.4522560000000001 -0.267722 -0.056227
6400 -1.07296875 3.3209891100000006 -1.79686827 -0.126791 -0.036435 0.163667
6420 -0.90591426 4.41776673 -1.49973318 0.036738 0.539276 0.438605
6440 -2.4966548100000003 7.5517968600000005 -1.8029995200000002 -0.2516 0.8709530000000001 0.594263
6460 -3.78173538 8.983566360000001 -1.91062503 -0.080033 0.266793 0.748991
6480 -3.51693405 8.816668830000001 -1.49464179 -0.465258 1.380618 0.929675
6500 -2.71026756 8.01523107 -2.1914460900000003 -0.796238 0.661563 1.214568
6520 -2.76848991 8.10609129 -3.6408834000000003 -0.991941 -0.278952 1.0872879999999998
6540 -2.74947813 9.42276006 -5.923484010000001 -0.715865 -1.368395 0.7648050000000001
6560 -1.87829127 8.356520970000002 -3.2868601200000005 -0.251048 -0.432093 0.115236
6580 -1.7961129 7.62574464 0.02439747 -0.021875 0.466002 -0.366082
6600 -1.3443525900000002 7.10721747 0.25521696000000005 -0.33171300000000004 0.371304 -0.125638
6620 0.8795744100000001 9.2199285 -0.16645608 -0.743873 -0.382459 0.384127
6640 4.2050564999999995 14.91034653 -0.71491356 -0.8752540000000001 -1.132894 0.618111
6660 1.6453822500000002 15.290699850000001 -0.7114702500000001 -0.570969 -0.8390120000000001 0.388056
6680 -2.3216738400000003 16.00905672 -0.60968169 -0.131828 -0.153924 -0.02102
6700 -4.13290395 15.051051359999999 -5.66317566 0.286339 -0.506616 -0.361614
6720 1.01204865 10.43345493 -0.84559257 0.567774 -0.393422 -0.673851
6740 1.88967087 11.12845419 -1.4929937100000004 0.583462 0.202199 -0.720438
6760 1.9264976100000002 17.04445317 -2.55084525 0.494136 0.536877 -0.688376
6780 0.94333941 20.94145605 -3.1959999000000003 0.434294 -0.161875 -0.653716
6800 -1.47727809 9.094792140000001 -1.5582596400000002 0.413031 -0.226346 -0.496753
6820 -2.08456614 5.66915976 -0.09669717 0.408397 -0.212974 -0.639944
6840 -1.1424235500000002 6.834185550000001 -1.1335945500000002 0.521085 -1.554287 -0.7047359999999999
6860 1.3090267800000002 9.5466996 0.15373251000000002 0.443423 -1.450794 -0.41165
6880 1.09647351 7.403754149999999 0.46747593000000004 1.187289 0.30288200000000004 -0.847741
6900 0.7084782000000001 6.199360830000001 -2.2628432700000003 1.968843 1.18821 -1.27925
6920 0.21959685 6.949894500000001 -3.7157238900000005 1.937631 0.8254309999999999 -1.105952
6940 -2.171531790000001 7.862999490000001 -4.736895840000001 1.693503 -0.376076 -0.925588
6960 -2.39546466 6.41042298 -4.13290395 1.477658 -1.564574 -1.092215
6980 -1.24990191 5.231319840000001 -2.63407329 1.5103799999999998 -3.187573 -0.974539
7000 0.54517113 5.657338709999999 -1.3046907600000002 1.746975 -1.7271040000000002 -0.641472
7020 0.95666139 7.05961935 -1.4537733300000002 1.837227 -0.062791 -0.5414939999999999
7040 1.3825233000000001 7.832912220000001 -1.93262886 1.7932439999999998 -0.277067 -0.464614
7060 3.96540801 7.6119714 0.03143124 1.236124 -0.308315 -0.691724
7080 1.67786316 9.202711950000001 -1.4009366699999999 0.558055 -0.257575 -0.272441
7100 -2.15297127 11.727658800000002 -4.127067 -0.061949 -0.782431 0.183236
7120 -0.29114118 9.668098350000001 -2.7538239600000005 -0.431543 -0.820808 0.243729
7140 -0.7116174 10.941200910000003 -0.91385055 -0.567657 -0.20795300000000005 0.281517
7160 -3.3745811400000005 15.129335160000002 -2.24847162 -0.585345 0.267729 0.420721
7180 -4.7801579400000005 16.294066650000005 -3.14091675 -1.018338 0.481579 0.5968829999999999
7200 -4.57598241 14.27042061 -1.04602068 -1.5827129999999998 0.7721399999999999 0.884193
7220 -3.32787573 13.66613442 0.24729048000000003 -2.063005 1.099256 1.015015
7240 -1.8625756500000001 17.211213360000002 0.46807434000000003 -2.256556 1.4527370000000002 1.23006
7260 -2.2978747800000003 20.19959442 -1.2509515800000002 -2.398178 1.950975 1.430326
7280 -8.37553275 13.145812020000001 -2.9548504799999997 -2.643248 2.514112 1.208907
7300 -7.275615930000001 8.589734100000001 -4.086198540000001 -2.349961 2.1119380000000003 0.830116
7320 -1.00665315 10.065364109999999 -4.84107804 -1.069449 0.491286 0.345482
7340 0.33141123 9.00946476 -3.16741356 0.434872 0.019337 0.115176
7360 -0.76715181 7.30450638 -1.14272766 0.711947 0.086948 0.016612000000000002
7380 -2.90516283 5.70374001 1.08958689 0.593784 0.452359 -0.152392
7400 -5.041967220000001 5.0322357 1.8738081000000002 0.054864 1.287618 -0.238412
7420 -4.716991350000001 4.177362870000001 0.9202859100000002 -0.046502 0.568817 -0.481754
7440 -2.6432064000000004 3.71587104 -1.5470370000000002 -0.515041 0.364671 -0.172844
7460 -1.4042328300000002 3.7532961900000004 -1.8462616200000002 -0.031868 -0.589357 0.0924
7480 -1.3257920699999999 4.13709282 -2.30445729 -0.346464 0.63922 0.8182229999999999
7500 -0.21195486000000002 4.421955600000001 -2.30416299 -0.779799 0.556013 1.488283
7520 -0.08128566000000001 5.642515800000001 -1.9001479500000003 -0.75654 -1.094634 1.069681
7540 -2.18126331 7.7486345100000005 -1.7768068200000002 -0.444732 0.13050499999999998 1.047857
7560 -4.134404879999999 9.313633620000001 -2.77687746 0.013493000000000002 0.229964 0.554207
7580 -3.2335722000000002 9.548190720000001 -4.4683569 0.332907 1.134559 -0.298231
7600 -3.3281798400000002 9.066941550000001 -3.6359391600000004 0.039525 1.408266 -0.027166000000000003
7620 -4.4738995500000005 8.86531662 -3.20064003 -0.6805939999999999 0.910546 0.655309
7640 -4.13993772 7.94323548 -2.43334107 -1.201584 0.342612 0.875656
7660 -3.65719743 7.099134030000001 -1.0597939200000002 -0.984883 -0.376222 0.365344
7680 -4.24816164 9.489213000000001 -1.28657169 -0.547084 -0.324466 0.097007
7700 0.8717852700000001 15.530652450000002 -1.07491113 -0.468318 -0.528617 -0.066687
7720 5.7269406599999995 17.14594743 -2.3632878600000002 -0.426687 -0.6093770000000001 -0.152819
7740 5.867194230000001 7.03342665 2.93389632 -0.154566 -0.253985 -0.28596900000000003
7760 0.78226902 9.91568313 -1.06443405 0.228308 0.053095 -0.4214890000000001
7780 -0.8795744100000001 22.218149070000003 -3.6525573000000002 0.520151 -0.048194 -0.652193
7800 -0.76236453 18.89490366 0.69530337 0.518501 0.152555 -1.035954
7820 -2.72283417 9.26139537 -1.04438241 0.588557 -0.198031 -1.069198
7840 -2.65997169 11.5133103 -2.416271670000001 0.554286 -0.158662 -0.76184
7860 -0.47615778 13.86297207 -1.5464385900000002 0.190209 -0.990089 -0.584925
7880 4.40309097 12.365936640000001 -0.23950134000000003 0.196114 -1.291768 -0.538563
7900 3.26666133 8.9540775 1.97933427 0.024095 -0.765354 -0.4314810000000001
7920 -0.31344912 8.44678278 -0.36972909000000004 0.294947 -1.411181 -0.332621
7940 -0.68078457 9.05990778 -1.5271227 0.447362 -1.019382 -0.142984
7960 -0.34518447 8.1382779 -1.53460773 0.825766 -0.510033 -0.507393
7980 -0.12873663 6.97833369 -1.52443476 1.214093 0.089535 -1.330116
8000 0.61611705 6.646932270000001 -2.37960189 1.564019 -0.180126 -1.596518
8020 -0.16181595000000001 6.8226588 -3.42547542 1.6555509999999998 -0.7776569999999999 -1.431675
8040 -0.99737289 4.9021551 -3.1120263 1.796784 -1.742538 -0.820566
8060 -2.03097411 3.68099649 -1.43536977 1.6532509999999998 -2.63526 -0.159195
8080 -0.98405091 6.042037860000001 -2.7279255600000005 1.911221 -2.517517 0.009098
8100 2.9180335500000005 9.381891600000001 -2.16315405 1.965011 -1.7017209999999998 0.01377
8120 2.8515708 8.30577384 -2.00103399 2.053934 -0.737464 0.423353
8140 1.59044625 7.116654690000001 -2.91308931 1.697423 -1.025924 0.408413
8160 1.6328058300000001 8.378377650000001 -2.2936761 1.50197 -2.195176 0.47264
8180 -1.3548296699999998 11.44998675 -4.941826740000001 1.062167 -2.629613 0.804478
8200 -1.2162241800000002 11.13280002 -5.050197810000001 0.457482 -2.41722 0.961283
8220 -0.21869433000000002 8.81756154 -2.19608622 0.29251 -1.954974 0.8591260000000001
8240 -2.56670802 10.03483539 -0.11900511 0.13627999999999998 -1.489393 0.714296
8260 -5.45256477 10.686425400000001 -1.00561329 -0.169454 -1.010685 0.613271
8280 -4.98882645 12.37911147 -0.90696393 -0.551492 -0.538572 0.629225
8300 -1.6357978800000001 17.443072710000003 -1.8829314000000001 -0.8032819999999999 -0.132616 0.5596479999999999
8320 1.64761893 19.703228040000003 -2.18829708 -1.157277 0.041637 0.4469260000000001
8340 -0.08382645000000001 18.26561178 -2.03067981 -1.543177 0.253227 0.348887
8360 -1.55316825 16.15410738 -1.31770863 -1.919302 0.463876 0.211394
8380 -4.44575466 12.20382639 -1.3662092700000001 -2.172497 0.963856 0.073321
8400 -4.7681799300000005 12.180017520000002 -2.0809756800000003 -2.066669 1.359317 0.186785
8420 -2.2132929600000004 12.418322040000001 -1.98277758 -1.524331 1.149063 0.613858
8440 -0.25088094 8.66293632 -1.62501669 -0.6467189999999999 0.192218 0.708809
8460 0.08532738000000001 6.98956614 -2.30730219 0.695525 -0.275061 -0.015085
8480 -1.52652429 6.65081703 -0.88960023 1.407855 0.422929 -0.4244060000000001
8500 -4.42913652 5.36080203 0.5674692600000001 1.071026 -0.098373 -0.303245
8520 -4.84272612 4.52448972 1.1770038 0.914827 -1.44833 -0.370973
8540 -3.6782987400000002 4.96173123 -0.14280417 0.95455 -2.004212 -0.985279
8560 -1.8947622600000003 5.19389469 -0.92777094 2.287529 -3.264573 -2.104532
8580 -1.6712708400000003 4.42405494 -1.17610128 1.299246 0.26859 -0.627929
8600 -2.13500916 3.306470310000001 -0.7331797800000001 -1.211035 4.733264 0.72148
8620 -2.6634150000000005 3.4271235 -0.43574058 -0.711871 -0.106496 1.140298
8640 -3.1118791500000005 4.708162350000001 -0.49816161000000003 -1.320362 0.909612 2.240355
8660 -3.74311341 6.57746766 -1.10260476 -1.242573 -1.994163 0.535464
8680 -3.67740603 7.79818482 -3.3961337100000004 -0.6984100000000001 -0.667334 0.190393
8700 -1.97768619 9.65821968 -5.7133145700000005 -1.168678 1.7092189999999998 0.616693
8720 0.40490775 13.57123248 -7.86524598 -1.272506 1.379631 1.076794
8740 -3.5328066300000005 14.89492521 -5.55299955 -1.631724 1.2104549999999998 1.0712959999999998
8760 -6.732249840000001 11.42589339 -5.12594082 -2.026194 0.143018 0.8883110000000001
8780 -5.3245737 6.42284244 -7.97332275 -2.196968 -0.742173 0.490874
8800 -4.004618580000001 5.3112517200000005 -6.15399939 -1.677688 -1.452772 0.32236
8820 -4.656963960000001 13.248944550000001 -2.85501411 -0.7014100000000001 -2.25046 0.224447
8840 -3.4828050600000005 18.668881260000003 0.047902230000000004 -0.586152 -0.965548 0.07726
8860 4.37195403 8.18767125 8.19336105 -0.883726 -0.008908 0.063273
8880 6.07646115 9.825715620000002 -1.94654925 -1.075368 -0.443741 0.013353
8900 4.458183930000001 13.824801359999999 -1.2467529000000002 -1.017088 -1.069013 -0.048463
8920 -2.01855465 27.8391123 1.0000706400000001 -0.8914139999999999 -1.146037 -0.076329
8940 -1.4735404799999998 23.414007690000002 -2.2242213 -0.942993 -0.784602 -0.108131
8960 -0.42901092 9.143282970000001 1.57577049 -0.993431 -0.16963399999999998 -0.14025
8980 -1.81078866 9.36871677 -1.3768335 -0.68704 -0.079279 -0.091223
9000 -2.36268945 11.746072170000001 -0.3902418 -0.286527 -0.717623 -0.111109
9020 -1.4688905399999999 10.28526507 2.0357712 -0.04014 -0.8851129999999999 -0.264065
9040 -1.2006557100000002 7.660472040000001 2.44441656 0.124986 -0.381192 -0.41845
9060 -1.0811993400000002 5.91540057 1.12056687 0.759372 0.31913800000000003 -0.812294
9080 0.5822921700000002 5.93470665 -2.410591680000001 1.3418139999999998 0.260702 -1.089094
9100 1.1394315000000002 7.31199141 -2.88599409 2.074183 -0.145543 -1.363332
9120 0.12948219000000002 7.164105660000001 -1.3079771100000002 2.60186 0.15027100000000002 -1.205133
9140 -0.14849397 7.3142379 -0.28515708 2.69192 0.591839 -0.6207520000000001
9160 -0.1850166 8.52821559 -0.13247424000000002 2.536365 0.054013 -0.254749
9180 -0.015264360000000001 9.26079696 -0.92267955 2.6827490000000003 -2.049179 -0.030978
9200 0.0634707 9.15660495 -1.6685829000000003 2.634985 -4.373315 0.202403
9220 -0.06975891000000001 9.962535690000001 -1.34420544 2.102642 -4.541086 0.261924
9240 -0.11077452 12.273428339999999 0.25851312000000004 1.666724 -4.211439 0.254184
9260 -0.08846658 13.222300590000001 0.95591583 1.979967 -4.261819 0.060952
9280 1.05125922 11.8776537 -0.21644784 2.272493 -4.379368 -0.100292
9300 -0.5772007800000001 13.30253658 -1.8874243800000001 2.429593 -4.037081 -0.0537
9320 -2.7357147000000004 12.86544222 -4.55861871 2.204209 -3.708798 0.097061
9340 -1.20439332 11.162583180000002 -3.9463962300000004 1.675264 -3.651473 0.338984
9360 1.1154754800000002 10.175834520000002 -1.72680525 1.423904 -3.596 0.5369149999999999
9380 2.11914639 11.38023765 0.39653001 1.508363 -3.331947 0.763629
9400 2.3403815100000003 12.507092730000002 2.30565411 1.455118 -2.929663 0.906952
9420 0.7885572300000001 13.10644449 2.7928873800000003 1.295702 -2.6325380000000003 1.066759
9440 -2.30116113 11.51061255 2.13321393 0.993871 -2.609121 1.066757
9460 -0.48304440000000004 11.83080114 2.07229383 0.7201930000000001 -2.438062 0.8840969999999999
9480 2.5168634100000005 11.8255626 3.733686 0.409616 -2.091414 0.778934
9500 2.03546709 12.50783829 2.60443728 0.051054 -1.691528 0.721438
9520 0.29593827000000006 12.42745515 0.46388547 -0.350571 -1.201652 0.84085
9540 -0.52510968 11.454783840000001 0.5213622600000001 -0.583145 -0.828534 0.974411
9560 -0.29997999 10.73403333 0.77808015 -0.735773 -0.80578 1.010704
9580 0.53588106 9.24566994 0.050148719999999994 -0.7311850000000001 -0.8988780000000001 0.845281
9600 0.37976472000000006 8.621469450000001 -0.42870681 0.106376 -1.226515 0.26937
9620 0.29099403 9.01994184 0.5312409300000001 1.7136509999999998 -1.729225 -0.34901
9640 -0.40146444000000003 8.71457616 1.07701047 1.572765 -2.015147 -0.385947
9660 -1.7013581100000001 7.50659238 0.75966678 0.806003 -3.107444 0.108957
9680 -2.2811094900000004 7.553444939999999 -0.5822921700000002 0.571588 -3.188792 0.6746489999999999
9700 -2.8261236600000004 7.9616390400000006 -0.8331632999999999 0.569537 -1.841782 0.8171189999999999
9720 -2.7401978700000003 7.67753163 -0.6453116099999999 1.566734 -1.894685 0.12980799999999998
9740 -2.6460513000000003 7.078483980000001 -0.4263131700000001 1.941107 -2.803237 -0.758378
9760 -2.66566149 6.808895370000001 -0.5550498 -0.610272 -1.351078 0.073312
9780 -2.7054704700000003 6.34515705 -0.34248672 -1.774846 2.08241 0.789305
9800 -2.8285173000000006 6.364011870000001 -1.22819238 -1.432085 0.974227 0.566656
9820 -2.8298612700000003 7.088804100000001 -1.8652734000000002 -0.741156 -0.762521 0.587595
9840 -3.49717671 8.252937180000002 -3.14990271 -1.148917 1.162823 1.3749
9860 -3.6565990200000003 9.043446600000001 -4.89766212 -1.18451 1.005466 1.064001
9880 -2.5625191500000004 12.095151210000001 -6.81712596 -1.202657 0.29073000000000004 1.0637219999999998
9900 -3.96974403 15.4237725 -9.927052920000001 -1.290493 0.773151 0.910802
9920 -4.26044376 11.662402680000001 -7.6651121700000004 -1.064475 1.160222 0.621329
9940 -2.36029581 5.43804597 -6.127659540000001 -0.706661 0.91542 0.5247970000000001
9960 -0.6575839200000001 4.303548900000001 -3.7335388500000004 -0.736458 0.096823 0.400656
9980 0.5011536600000001 7.54221249 -2.4584841 -0.886394 -0.565014 0.339568
10000 -4.49305848 18.36964683 -3.1154696100000003 -0.944802 -0.901751 0.417572
10020 -5.59281834 30.856079700000002 -2.0255884200000005 -0.904027 -0.808315 0.459398
10040 -0.16466085 1.4275806300000002 9.31303521 -0.749047 -0.497837 0.470765
10060 3.26889801 -3.4299684000000004 7.505238600000001 -0.7259979999999999 -0.07623400000000001 0.512046
10080 1.44584685 8.873095950000002 -0.45745011 -0.8717030000000001 -0.01378 0.471424
10100 4.09533165 21.65636961 -3.1874750100000004 -0.953705 -0.241369 0.447642
10120 3.8387707200000003 16.09422714 5.429060010000001 -1.078141 -0.4144850000000001 0.424562
10140 -1.80524601 8.61323886 0.44053767000000005 -1.191754 -0.330847 0.386273
10160 -3.9679488000000003 7.97511798 -3.20947884 -1.130329 -0.15650899999999998 0.4249350000000001
10180 -2.39038308 9.537419340000001 -2.26164645 -0.982519 -0.383452 0.30661700000000003
10200 0.72569475 9.960887610000002 -0.79589511 -0.712066 -0.345721 0.227273
10220 1.3319331300000001 9.01350648 0.00164808 -0.478882 0.17686300000000002 0.141707
10240 0.41358960000000006 8.067920580000001 -0.39653001 -0.002493 -0.06715499999999999 0.012887
10260 -0.6271925400000001 8.0397855 -0.52406001 0.12997999999999998 0.01212 0.053235000000000005
10280 -0.96534324 8.386912350000001 -0.3210813 0.088364 0.638984 -0.031180000000000006
10300 -0.33859215 8.68434174 -0.30326634 0.523929 0.733097 -0.234425
10320 0.14534496 8.52327135 -0.47062494000000005 0.962822 0.106158 -0.475179
10340 -0.09445068 8.096065470000001 0.18891117000000002 1.626224 -0.29632600000000003 -0.8310879999999999
10360 0.0836793 8.813971080000002 0.59845905 2.507258 -0.623293 -1.345807
10380 -0.09700128 9.95654178 0.42646032 3.247673 0.215071 -1.452805
10400 -0.08726976 9.87691401 -0.05074713 3.32477 1.409525 -0.791499
10420 0.18336852 9.32291388 -0.14610033 2.987489 0.966444 -0.25169899999999995
10440 0.11391372000000001 9.648036900000001 -0.5397756300000001 2.795474 -1.850537 0.012284
10460 -0.19819143 10.179277830000002 -1.63369854 2.401475 -3.059512 0.059151
10480 0.40371093 10.368787410000001 -1.99131228 1.976246 -3.818038 -0.092398
10500 1.44509148 10.37941164 -0.12649014 2.175897 -3.586461 -0.36797
10520 1.11204198 11.07547038 0.06392196 2.642535 -3.487032 -0.5955739999999999
10540 0.40400523 12.62220327 -0.7816706099999999 2.988883 -2.820478 -0.552348
10560 -0.36359784 12.857662890000002 -1.91901258 2.380318 -2.13898 -0.488038
10580 -0.42391953000000004 10.71665982 -1.8037450800000001 1.388855 -1.7656439999999998 -0.283934
10600 -0.35236539 10.02465261 -1.7253141300000001 0.774016 -1.682089 -0.133443
10620 0.1764819 9.652824180000001 -1.2064926599999997 0.4353010000000001 -1.296334 0.128616
10640 0.1707921 9.60343083 -0.06660990000000001 0.108299 -0.670962 0.397927
10660 0.02963601 11.908780830000001 1.78534152 0.0013 -0.038727 0.624969
10680 2.25071811 14.86947807 3.3482412900000003 -0.010186 0.12493 0.733637
10700 0.25597233 17.391736980000005 4.04115102 -0.27673600000000004 -0.040459 0.76617
10720 -2.27077956 14.57714007 1.36950543 -0.581796 -0.013872999999999998 0.775756
10740 0.6620769 13.474976759999999 3.5200830600000006 -0.617054 0.493037 0.580444
10760 1.53910071 12.200078970000002 1.97034831 -0.6436470000000001 1.032924 0.389423
10780 -0.45879408 11.63949633 0.7309332900000001 -0.8493860000000001 1.256492 0.336424
10800 -0.93764961 11.3544864 0.83780343 -1.128456 1.140205 0.35492
10820 -1.99400022 8.337067740000002 1.5877485 -1.348848 1.090556 0.441039
10840 -1.5314685300000002 7.3187308799999995 -1.07086941 -1.38135 0.8643430000000001 0.562879
10860 -1.6116947100000003 6.952592250000001 -2.50040223 -1.215094 0.6281720000000001 0.604935
10880 -1.7115408900000002 7.58054016 -1.4245885800000002 -0.655384 0.447617 0.517209
10900 -2.19788145 6.326439570000001 -0.03458025 -0.246296 0.074421 0.5162720000000001
10920 -3.248091 4.9370296499999995 0.09040896000000001 -0.454418 -0.007576 0.6890430000000001
10940 -3.3087168000000005 5.403612870000001 -1.02581208 -0.8558959999999999 0.286254 0.817254
10960 -2.7665475300000004 6.565950720000001 -2.82956697 -0.674525 0.534741 0.5906710000000001
10980 -2.61835767 6.244859610000001 -4.40024607 -0.391824 0.450871 0.27442300000000003
11000 -2.1194406900000002 5.901627330000001 -3.6001620900000004 -0.371702 -0.163434 0.16746
11020 -1.78893198 5.881124430000001 -2.27362446 -0.548007 -0.605282 0.25973
11040 -2.28604392 5.57964351 -1.54508481 -0.365387 -0.261146 0.088581
11060 -2.43977643 5.435799480000001 -1.38058092 0.16514700000000002 0.037208 -0.389863
11080 -2.39382639 5.68622916 -1.6741157400000002 0.451189 -0.09726 -0.310781
11100 -2.0610613800000004 5.91420375 -2.12303115 0.22528 -1.361138 0.2661
11120 -1.42623666 7.006929840000001 -2.36717262 0.321431 -0.5403560000000001 0.585119
11140 -0.7839171000000001 8.38541142 -3.4953814800000003 0.495995 0.363166 0.391832
11160 -0.5022033300000001 10.99209519 -4.1294606400000005 -0.734064 1.007062 0.5415800000000001
11180 -0.36015453000000003 10.48270113 -3.96136629 -1.361911 0.5962689999999999 0.71825
11200 -0.30431601 9.52379325 -3.40871013 -0.872531 -1.478265 0.138941
11220 -0.5643300600000001 9.69519357 -4.41746262 0.22906 -2.780555 0.380109
11240 -1.04707035 10.43434764 -3.95073225 -0.245662 0.590087 -0.300506
11260 -2.8015692299999997 9.55927602 -2.18530503 -0.157256 0.48589 0.105101
11280 -3.1992960600000004 8.071668 -0.28650105 -0.665031 -0.44755 0.3431
11300 -2.1562674300000007 8.10714096 -1.82844666 -0.8043319999999999 -2.12429 0.462849
11320 -1.93846581 8.285123790000002 -3.15588681 -0.34759 -2.325244 0.237697
11340 -1.0865948400000003 8.516090430000002 -3.1278988800000005 0.208557 -1.542311 -0.232644
11360 -0.80532252 11.98692729 -1.51485039 0.141605 -0.601279 -0.5387609999999999
11380 1.01623752 16.103213099999998 0.99588177 0.045101 -0.94291 -0.535792
11400 3.82768542 13.129792290000001 0.97402509 0.262864 -0.998625 -0.378239
11420 4.37854635 10.121506740000001 0.04221243000000001 0.4198310000000001 -0.496353 -0.379923
11440 -1.8805377600000002 10.27822149 -0.66282246 0.353181 0.223416 -0.498815
11460 -1.40542965 8.371039770000001 0.7575772500000001 0.07785399999999999 0.320861 -0.386564
11480 1.08494676 13.880482920000002 -0.07394777999999999 -0.389079 -0.043973000000000005 -0.121234
11500 -1.3816305900000003 28.79367435 -4.73929929 -0.465482 -0.412241 0.131873
11520 -0.36778670999999996 9.24822054 -5.40301446 -0.278976 -0.370735 -0.019633
11540 0.11720988 2.68900929 -0.77463684 0.075188 -0.4602850000000001 -0.575725
11560 0.6354329400000001 4.93284078 -0.45580203 0.528269 -0.466412 -0.50205
11580 0.51762465 12.07628658 0.6027950700000001 1.079349 0.621394 -0.486776
11600 -0.6797349 10.1165625 -0.5580418500000002 1.833165 0.624501 -0.8511190000000001
11620 0.52420716 7.880510340000002 -2.84947146 2.21753 0.510845 -1.265963
11640 0.18306441 6.703065090000001 -4.557726000000001 2.165634 -0.01764 -0.92809
11660 -1.85793552 6.03694647 -2.36747673 2.157877 -1.04756 -0.705703
11680 -1.62232875 6.2525016 -2.18724741 1.994819 -2.668348 -0.704765
11700 -0.15297714 7.37381403 -2.82222909 2.035413 -3.1287 -0.701755
11720 -0.43035489 7.07863113 -3.3296807700000004 2.087494 -1.766212 -0.480947
11740 -0.42661728 5.974074180000001 -1.5925357800000002 1.7651830000000002 -1.120428 -0.524618
11760 -0.18905832000000003 6.199812090000001 -1.38387708 1.451763 -0.7966850000000001 -0.494107
11780 0.16435674 8.157289680000002 -2.11135725 0.731709 -0.462113 -0.421586
11800 1.78189821 10.437045390000002 -2.29398021 0.063297 -0.378576 -0.220195
11820 1.1653299000000001 8.337067740000002 -1.1150340300000001 -0.33604 -0.233179 -0.004185
11840 -3.0786526800000003 8.3289843 -1.85659155 -0.590809 0.105299 0.286295
11860 -1.6780103100000001 11.75475402 -3.91151187 -1.140262 0.472187 0.653728
11880 1.5783210900000002 12.607233210000002 -0.8196941700000001 -1.589316 1.079456 0.760908
11900 -2.07842508 11.94471486 -1.18074141 -1.870181 1.467345 0.972093
11920 -3.8812774500000002 13.599524520000001 -0.17169462000000002 -1.855111 1.858922 1.335961
11940 -5.02505478 16.95643785 -1.6946284500000002 -2.114696 1.922236 1.7111490000000005
11960 -3.58174872 15.786026370000002 -0.51972399 -2.37351 1.6658130000000002 1.592165
11980 -2.67344082 14.85885384 -0.050295870000000006 -2.102119 1.399977 1.2365469999999998
12000 -1.7095985100000002 16.27864533 0.5881291200000001 -1.426081 0.685476 0.84267
12020 -3.1942046700000004 18.11682351 -2.81265453 -0.710283 0.039104 0.692537
12040 -5.03627742 15.390241920000001 -4.48931106 -0.31751 0.34111 0.485522
12060 -4.99736115 7.331454450000001 -3.6512035200000006 0.140671 1.085402 0.172644
12080 -2.92492017 5.68338426 -2.67344082 0.621375 0.866657 -0.418718
12100 -1.20978882 5.37996096 -1.0865948400000003 0.8718809999999999 -0.69035 -0.741849
12120 -1.5648421500000003 4.720581810000001 -0.042065280000000004 0.14538800000000002 -0.023696 -0.326898
12140 -3.60585189 3.93771438 1.47533571 0.001189 1.624691 -0.303312
12160 -3.68413569 3.0412275300000005 0.6780868200000001 0.360379 1.548969 -0.060355999999999986
12180 -2.17093338 2.294872920000001 -1.20978882 -0.089252 0.252313 0.648532
12200 -1.6313049000000004 2.78436249 -2.8035214200000005 -0.516799 0.114209 0.92346
12220 0.32557428000000005 3.39299451 -3.5154429300000003 -0.57522 0.567581 1.082705
12240 -0.4776587100000001 4.38423615 -3.1946559300000006 -0.708605 0.663405 0.944918
12260 -2.33140536 5.82618843 -2.4544423799999997 -0.8350489999999999 0.962228 0.652027
12280 -2.50818156 7.74564246 -2.1713846400000003 -0.5158699999999999 0.596294 0.245596
12300 -0.96758973 8.83298286 -2.87866602 -0.192462 -0.113235 -0.020427
12320 -1.8347348700000001 8.530314930000001 -4.734806310000001 -0.084375 -0.665771 0.06649400000000001
12340 -4.6388547 8.803042740000002 -5.98186332 -0.124635 -0.741663 0.165654
12360 -4.116737070000001 9.83934171 -4.70935917 -0.176696 -0.411535 -0.028481
12380 -2.80052937 9.676181790000001 -1.1843416800000002 0.046791 -0.081044 -0.285853
12400 -4.36791231 12.2565159 -2.06495595 0.009627 0.255364 -0.464937
12420 -3.29165721 15.91565571 -1.7841447000000001 0.105526 -0.202152 -0.419883
12440 3.4590060000000005 14.267732670000001 2.13605883 0.314763 -0.303452 -0.310402
12460 4.3024992300000005 11.19417138 -0.23336028 0.327993 0.408491 -0.406293
12480 0.046705409999999996 14.59479807 -2.12018625 0.337789 0.118024 -0.503061
12500 0.0230535 15.41090178 -2.94003738 0.13273900000000002 -0.581385 -0.444845
12520 0.8918467200000001 15.91894206 -1.0008162 0.119243 -0.991287 -0.22436
12540 0.25896438000000005 13.727358630000001 -1.53250839 0.043775 -0.6927399999999999 -0.226338
12560 -0.17035065000000002 9.93334113 -0.38305107000000005 0.384452 -1.116851 -0.488334
12580 -1.12460859 9.6306732 0.9442321200000001 0.77781 -0.677457 -0.6880430000000001
12600 -2.46223152 10.21670298 -0.6063855300000001 1.123031 0.291106 -1.043659
12620 -1.25394363 12.095749620000003 -2.14923366 1.489216 0.174293 -1.452217
12640 0.57974157 10.122252300000001 -2.8515708 1.516646 -0.407181 -1.251523
12660 0.97612443 7.238043630000001 -2.08231965 1.575916 -0.831995 -1.094604
12680 0.5762982600000002 5.88096747 -1.6887915 1.781727 -1.048072 -1.050161
12700 -0.7006890600000001 6.10071147 -2.1802136400000003 1.927785 -1.130263 -0.869574
12720 -2.57074974 7.181165250000001 -2.99093166 2.028814 -1.605906 -0.558474
12740 -1.98771201 7.00902918 -4.86278757 2.024896 -0.912964 -0.417316
12760 1.0044066600000001 4.9135347 -3.81496185 1.907967 -0.189849 -0.264167
12780 1.1946618 4.36462596 -1.5612516900000002 1.518205 -0.244087 -0.481533
12800 -0.40625172 5.61901104 -1.57382811 0.8978860000000001 -0.50536 -0.406483
12820 0.22333446 8.12600559 -3.441348 0.06034 -0.7705930000000001 0.047342
12840 2.63871342 9.68650191 -2.7093650400000007 -0.661678 -1.243912 0.224503
12860 0.45565488000000004 9.020844360000002 -2.2418891100000002 -0.67689 -0.994879 0.297785
12880 -1.39225482 10.92099231 -5.01681438 -0.590911 -0.4812 0.435528
12900 -1.1677235400000001 10.029744 -3.5452260900000003 -0.851202 0.064868 0.49924
12920 -1.1696659200000001 9.35180433 -1.2900150000000001 -1.101707 0.523113 0.672092
12940 -3.88098315 12.452755139999999 -1.67786316 -1.332947 0.763947 0.851765
12960 -4.20670458 15.09715836 -2.4611818500000004 -1.633735 0.874342 0.944595
12980 -2.48244012 15.40147437 -1.7649759600000003 -1.805632 1.199383 1.060482
13000 -0.5878250100000001 14.229257850000002 -0.8782206300000001 -2.029877 1.529848 1.197361
13020 -0.50310585 15.99603885 -1.9393683300000002 -2.27224 1.6407650000000005 1.109
13040 -2.6270395200000003 20.641476060000002 -3.27922794 -2.181826 1.880839 0.934135
13060 -4.93778502 15.60055851 -2.6517312900000003 -1.805722 1.514094 0.680859
13080 -7.12593495 6.926693850000001 -2.3620910400000006 -1.303869 0.97395 0.524824
13100 -4.00013541 8.18707284 -5.60524761 -0.5784189999999999 0.646842 0.44592
13120 0.12034908 7.28250255 -6.15040893 0.351033 0.400816 0.16003499999999998
13140 0.2459367 7.411386330000001 -3.3691954500000003 0.8914030000000001 0.198877 -0.157466
13160 -2.5325790300000004 7.71211188 -0.80472411 0.5663159999999999 0.594762 -0.308727
13180 -4.80531078 6.44739687 0.9967744800000001 0.4356100000000001 0.070703 -0.475611
13200 -4.86892863 5.27936922 -0.30521853 0.108723 0.415011 -0.514655
13220 -3.44149515 5.36723739 -2.32660827 0.14271 -0.09515 -0.038405
13240 -2.7671459400000002 5.60345238 -2.6186519699999997 -0.186812 0.401395 -0.050957
13260 -2.74095324 5.33385396 -2.8636959600000003 -0.561732 1.650886 0.8250370000000001
13280 -2.93943897 4.54859289 -2.77762302 -0.392651 -0.48692 1.426094
13300 -3.06457533 4.227511590000001 -2.1459375 -0.466477 0.57562 1.109091
13320 -2.65547871 4.4656591500000005 -1.7154354600000004 0.283376 -0.25673 0.552443
13340 -2.12647446 6.067936260000001 -0.46238454000000007 0.200505 0.444535 -0.252338
13360 -1.58146029 7.225025760000001 0.32287653 -0.15241500000000002 2.2053990000000003 -0.203648
13380 -0.58318488 8.18408079 -1.70016129 -0.80905 2.00491 0.4190680000000001
13400 -1.7717154300000002 9.51406173 -4.611161070000001 -1.445737 0.900415 0.921305
13420 -4.26642786 10.270442160000002 -6.15639303 -1.803279 -0.543956 0.929205
13440 -3.9378615300000006 8.86935834 -5.460196949999999 -1.332955 -1.453746 0.533072
13460 -3.14256483 7.214244570000001 -4.59633816 -0.88987 -1.030919 0.171362
13480 -2.76400674 7.0183094399999995 -2.79513387 -0.276006 -0.050747 -0.12364
13500 -3.30602886 8.87369436 -2.5824334500000004 0.121129 -0.328714 -0.218786
13520 -4.22496099 14.01670458 -0.23127075 0.4606810000000001 -0.535367 -0.249265
13540 2.3656815 14.72906754 1.3148637300000001 0.628336 -0.120117 -0.342629
13560 4.5435015000000005 11.875701509999999 1.17909333 0.80496 0.12796 -0.462423
13580 2.6005427100000005 9.206606520000001 1.20529584 0.6926399999999999 -0.365173 -0.653787
13600 -1.25887806 16.085103840000002 -6.12122418 0.5261979999999999 -0.715685 -0.766664
13620 1.18448883 23.11148691 -1.02327129 0.481766 -0.8052699999999999 -0.702766
13640 -1.60331697 17.33604561 -2.8141456500000004 0.32770900000000003 -0.867604 -0.432434
13660 -2.34382482 9.648782460000001 -2.36792799 0.21390100000000006 -1.181798 -0.349505
13680 -0.48349566000000005 8.46849231 -0.77808015 0.45119 -1.296818 -0.562412
13700 0.61282089 11.14103061 -1.7030061900000002 0.632178 -1.2542870000000002 -0.433016
13720 3.63220155 12.56607045 0.42466509 0.62385 0.115138 -0.29596
13740 1.9067304600000001 9.090897570000001 1.5441921 1.405022 1.218584 -0.661523
13760 -0.9273196800000001 7.68681189 -0.9830012400000001 1.782455 0.233831 -0.8787459999999999
13780 -0.96654006 7.37591337 -3.1033444500000003 1.709018 -0.5153399999999999 -0.478784
13800 -0.9680409900000001 7.42006818 -2.3135904000000003 1.51435 -0.367843 -0.69825
13820 -1.13718501 8.41924611 -3.46634388 1.573126 -0.663872 -0.778645
13840 -0.89199387 7.641607410000001 -4.16253996 1.100451 -2.4574580000000004 -0.187854
13860 -0.34009308 5.438340270000001 -4.20026922 1.491539 -2.355249 0.019846000000000003
13880 -0.118701 4.526137800000001 -3.1677078600000006 1.589065 -0.8917729999999999 -0.277246
13900 -0.75158334 5.18057271 -2.1713846400000003 1.489536 -0.111131 -0.140072
13920 -0.29054277 6.33033414 -1.8053931600000002 0.921436 -0.167021 -0.322362
13940 0.86250501 7.6757364 -2.2811094900000004 0.366208 -0.854707 0.037836
13960 2.36178693 7.693698510000001 -1.3212990900000001 -0.116984 -1.598381 0.21808
13980 2.66925195 7.4920735800000005 -0.20312586 -0.432847 -1.188013 0.16621
14000 -0.53020107 8.37627831 -1.3727917800000002 -0.289924 -0.403729 0.248456
14020 -2.66026599 11.944263600000001 -4.531376340000001 -0.450549 -0.045298000000000005 0.262898
14040 -0.16390548000000002 10.98011718 -5.6854737900000005 -0.8943780000000001 0.067646 0.375021
14060 0.97192575 10.129286070000001 -2.0389104000000002 -1.142005 0.25090100000000004 0.582428
14080 -1.89730305 12.97232217 -1.2734066700000002 -1.413235 0.544357 0.691253
14100 -5.34403674 14.407093530000001 -2.42301114 -1.635088 0.782737 0.677647
14120 -3.7080917100000006 12.53493351 -3.05065494 -1.767254 0.8597020000000001 0.7257640000000001
14140 -1.51918641 12.51218412 -0.43604469000000007 -1.804475 1.495262 0.860353
14160 -1.00725156 15.648460740000003 -1.2886710300000002 -2.1645380000000003 2.038953 0.805867
14180 -0.77599062 19.20191742 -0.49547367000000003 -2.03205 1.370452 0.568367
14200 -2.81699055 18.490152870000003 -1.94909985 -1.073022 0.624544 0.323922
14220 -6.924153060000001 11.978245440000002 -2.66385645 -0.238714 0.6204770000000001 0.085132
14240 -4.58002413 7.81884468 -3.88038474 0.291349 0.381871 -0.111686
14260 -0.2513322 10.691820900000002 -3.98471409 0.770262 -0.140742 -0.369385
14280 0.91070154 11.30688828 -2.1833626500000003 1.2306549999999998 -0.275524 -0.628779
14300 -1.8056972700000002 7.88126571 -0.36059598 0.628722 -0.397648 -0.4693890000000001
14320 -4.92715098 5.9749767 1.9074858300000002 -0.5192100000000001 0.312894 -0.008301000000000001
14340 -5.22084276 4.881799350000001 0.79589511 -0.351052 1.015062 0.074227
14360 -3.04572051 4.84093089 -2.26554102 0.118277 1.396363 0.482941
14380 -2.1305161800000003 5.56303518 -2.35849077 0.099628 1.155341 0.8324290000000001
14400 -1.4567751899999999 5.61647025 -1.98172791 -0.196287 1.588695 0.87574
14420 -2.42570889 5.21455455 -1.39555098 -0.650462 0.754923 0.918501
14440 -2.96009883 3.6438754500000003 -1.4123162700000003 -0.860624 0.737629 0.896759
14460 -2.13201711 3.07879983 -1.2543948900000002 -0.908557 0.504444 0.644623
14480 -1.6440284700000003 5.13342585 -1.4123162700000003 -0.6785909999999999 0.258232 0.744821
14500 -1.8857763000000003 7.841594070000001 -2.44995921 -0.729843 -0.368462 0.601056
14520 -1.98576963 8.75410065 -3.2448046500000003 -0.4621020000000001 -0.525511 0.216431
14540 -1.9026887399999999 8.398586250000001 -3.8094290100000006 -0.384607 -0.14237 -0.027073000000000003
14560 -3.6730602 8.228235600000001 -4.78510218 -0.437668 -0.094187 -0.042461
14580 -5.514985800000001 9.16140204 -5.30825967 -0.442201 -0.329843 0.018698
14600 -4.905745560000001 8.69556438 -2.8575549000000002 -0.187866 -0.32611100000000004 -0.069261
14620 -3.6169273800000004 7.78336191 -0.6318326700000001 0.22550100000000006 -0.23598 -0.322862
14640 -0.12857967 10.318344390000002 0.11945637 0.562516 0.041458 -0.731061
14660 3.60525348 16.738341929999997 2.16913815 0.32274 0.5632699999999999 -0.746223
14680 0.53259471 13.317055380000001 -0.25012557 0.30909000000000003 0.281613 -0.362466
14700 -0.47885553000000003 14.363527320000001 -2.34921051 0.197039 -0.233344 -0.158558
14720 -0.40131729000000005 17.86834602 -3.4159008600000003 0.467577 -1.049319 -0.399177
14740 -0.25461855 15.748454070000001 -1.4394114900000001 0.5338609999999999 -1.228736 -0.609992
14760 1.1576879100000002 11.353887990000002 -0.6500988900000001 0.19089 -1.267248 -0.5386310000000001
14780 1.84386798 10.715914259999998 -0.6361785000000001 0.319805 -0.8467459999999999 -0.313943
14800 -0.01616688 14.807508299999999 -2.29891464 0.8154899999999999 -0.331397 -0.4158270000000001
14820 0.64246671 12.708276210000001 -0.91758816 1.422925 -0.261351 -1.1423370000000002
14840 0.28291059 9.349253730000001 -0.91504737 1.34572 -0.575378 -1.13286
14860 -0.55953297 7.20811332 -1.3124700900000001 1.137658 -0.031656000000000004 -1.060235
14880 -0.9422897400000001 7.206612389999999 -1.10155509 1.420189 -0.059336 -1.0432709999999998
14900 -0.36673704 8.136031410000001 -1.85808267 1.995222 -0.718846 -0.982861
14920 0.10628154000000001 8.337067740000002 -2.47240449 1.813901 -2.422115 -0.320716
14940 0.12094749 7.79204376 -3.38805027 2.029827 -2.9219 -0.198926
14960 -1.3085755200000002 6.75200718 -4.8361436100000015 1.996429 -1.676157 -0.544724
14980 -2.388735 5.70433842 -3.7679621400000003 1.703056 -1.071627 -0.420429
15000 -0.42361542 5.53115268 -2.86384311 1.017715 -0.727007 -0.226968
15020 3.2594706 6.872209110000001 -2.9054571300000003 0.431263 -1.23776 0.13599
15040 2.50100064 8.028553050000001 -1.3774319099999999 0.190683 -1.525772 0.441258
15060 0.7396151400000001 7.1292213 -1.27939077 -0.06663999999999999 -1.150634 0.623782
15080 0.55744344 8.52537069 -2.35909899 -0.27221100000000004 -0.803841 0.657153
15100 1.04243022 10.24783992 -3.2639635800000004 -0.410534 -0.609925 0.7681020000000001
15120 0.87582699 11.58725808 -3.01563324 -0.729675 -0.539977 0.868332
15140 -0.7117743599999999 9.45060084 -1.6094482200000002 -1.186616 -0.140902 1.09857
15160 -4.9313496599999995 10.94029839 -1.36336437 -1.500394 0.426445 1.215292
15180 -5.405260950000001 11.653867980000001 -2.57599809 -1.6146200000000002 0.549856 1.354273
15200 0.09774684000000002 13.57676532 -0.82179351 -1.576802 0.448403 1.384577
15220 -1.1693716200000002 13.78768032 -0.19085355 -1.716578 0.488024 1.188066
15240 -2.84647941 14.3478117 -0.6623712000000002 -1.395336 0.991716 0.955724
15260 -2.90275938 17.01002988 -1.22070735 -0.697915 0.653728 0.691836
15280 -2.44501497 16.63580781 -1.71019692 -0.088991 0.458271 0.558539
15300 -0.8717852700000001 13.92135138 -2.5110264600000005 0.067478 0.8730979999999999 0.580465
15320 -1.2930070500000002 10.07090676 -3.7773993600000004 -0.189974 1.097459 0.640336
15340 -2.49067071 9.96612615 -4.69648845 -0.251221 0.902059 0.540814
15360 -2.97686412 10.50470496 -4.0300657200000005 -0.16313 0.842878 0.346021
15380 -2.5812366300000003 9.10630908 -2.7485854200000004 -0.27465700000000004 0.846892 0.238414
15400 -3.12774192 7.104225420000001 -0.8014377600000001 -0.3738800000000001 0.700816 0.091562
15420 -3.4483817700000006 6.40518444 0.00045126000000000004 -0.390923 0.792036 -0.06143
15440 -3.82559589 5.704789679999999 0.02963601 -0.294473 -0.194213 -0.194088
15460 -3.3343209000000003 5.0843267999999995 -1.1076961500000004 -0.139578 -0.614406 0.056428
15480 -2.5737516 4.627475100000001 -2.33903754 -0.5624600000000001 0.762179 0.094439
15500 -2.0404113300000004 5.51917467 -2.0371151700000003 -0.101082 1.356011 0.108651
15520 -3.47906745 6.2324401499999995 -1.27939077 0.106234 0.043053 0.8616739999999999
15540 -3.47457447 6.24605643 -1.0124901 -0.581739 1.034231 1.339503
15560 -2.65607712 6.99779673 -0.5634275400000002 -0.964687 0.451333 1.452943
15580 -1.30109049 7.106167800000001 0.15956946 -1.200244 1.18507 1.18437
15600 -1.3187583 7.3248719399999995 -2.54470419 -1.1090209999999998 1.996247 0.447963
15620 -1.9001479500000003 7.8869457 -4.13709282 -0.744305 1.678549 -0.072511
15640 -2.52644778 8.181088740000002 -4.10027589 -0.258373 0.717533 -0.192868
15660 -2.7075698100000003 8.336910779999998 -3.42891873 -0.436155 0.508637 -0.013312
15680 -2.10417633 8.534650950000001 -3.1611253500000003 -0.620876 0.459278 -0.030563
15700 -0.98660151 8.61773184 -3.3382056600000003 -0.626199 0.7011069999999999 -0.028773000000000007
15720 -0.8038314000000001 8.4852576 -4.1831998200000005 -0.5498810000000001 0.819121 -0.036937
15740 -1.7771011200000002 8.14875498 -4.15176858 -0.443443 0.193814 -0.13153199999999998
15760 -2.4629770800000004 9.20436003 -1.0484241300000001 -0.675022 -0.159705 -0.235246
15780 -2.3135904000000003 13.41899109 0.9436337100000001 -0.8105760000000001 -0.190056 -0.253246
15800 1.1304455400000002 12.393179009999999 0.8075690100000001 -0.8799170000000001 0.231191 -0.308749
15820 2.4441222600000003 9.56270952 -0.91774512 -0.6017279999999999 0.230937 -0.486267
15840 1.4084217 13.06198557 1.0473744600000001 -0.411628 0.280208 -0.717875
15860 -0.97282827 13.30568559 -3.3967321200000002 -0.394572 0.349101 -0.645205
15880 1.22625 13.815216990000001 -0.6149202300000001 -0.331422 0.775369 -0.739313
15900 1.3757936400000002 16.995658230000004 -1.72965015 0.125059 -0.239279 -1.00829
15920 0.60668964 14.88758733 -1.00201302 0.062779 -0.505732 -1.186776
15940 -0.20656917 10.754232120000001 0.9279180900000001 0.406391 -0.210105 -1.6205889999999998
15960 -1.6585472700000001 8.66023857 2.891988 0.761471 0.357921 -1.720318
15980 -3.6486627300000003 10.579849560000001 1.2100831200000002 1.464026 1.7327119999999998 -1.410593
16000 -1.88368677 12.97037979 -0.85068396 2.366313 0.6383 -0.768364
16020 0.9529139700000001 9.8014653 -1.71572976 2.133402 -1.617802 -0.338743
16040 2.31613119 6.8831374499999995 -0.93884643 2.417252 -0.496522 0.061318
16060 2.84647941 5.77469574 -0.78422121 2.960307 1.33436 0.470826
16080 1.1132388 5.841904050000001 -1.51635132 2.709685 0.055449 0.8328409999999999
16100 -0.54202212 5.66466678 -0.83915721 1.923063 -3.4176010000000003 0.5123989999999999
16120 -0.19474812000000002 6.77984796 -2.04534576 2.102567 -5.101989 0.6696350000000001
16140 1.55691567 7.411092030000001 -2.00463426 2.261137 -5.487819 0.848562
16160 0.90322632 6.12287226 -1.3503465000000001 1.573295 -5.268826 0.759087
16180 -0.79769034 5.99428278 -2.7015857100000003 0.876359 -4.4206080000000005 0.233976
16200 -1.74057849 7.778868930000001 -4.401747 0.511912 -4.338433 -0.019707
16220 2.2829047200000003 9.628279560000001 -3.3410505600000007 0.434079 -3.836264 0.473693
16240 3.68593092 9.00228384 -0.76131486 0.47285 -2.782716 0.974678
16260 1.70465427 10.166259960000001 -2.105971560000001 0.329384 -2.749884 0.880698
16280 0.6436635300000001 9.695635020000001 -1.4338688400000001 0.272046 -2.429235 0.6641060000000001
16300 -2.21374422 9.099432270000001 -2.4923187900000006 -0.002852 -2.035498 0.739662
16320 -1.83518613 11.950394850000002 -0.05912487 -0.284823 -1.7972419999999998 0.808958
16340 -1.89625338 20.013381 4.15057176 -0.392663 -1.052554 0.621379
16360 -3.4320677400000004 16.95793878 0.036071370000000005 -0.215719 -0.333325 0.426209
16380 0.6333336 18.790123050000002 0.89978301 -0.188336 -0.11645 0.246661
16400 3.8014927200000006 22.284906120000002 3.74775354 0.065038 -0.490338 -0.244608
16420 2.91428613 17.89289064 2.23919136 0.913961 -0.7462 -0.664571
16440 -0.46762308 18.370098090000003 -0.58213521 1.208672 -1.118025 -0.376821
16460 -1.90194318 19.11255813 0.31390038 0.5332279999999999 -2.198294 0.227664
16480 -1.59568479 13.333222260000001 1.94250753 0.437819 -1.984998 0.782199
16500 1.2000573 11.109746520000002 0.54336609 0.388497 -1.361285 1.225436
16520 2.1139078500000004 8.2393209 1.30333698 -0.123744 -1.055226 1.321878
16540 1.01623752 6.414611850000001 3.0144266100000006 -0.46578 -1.132165 1.145468
16560 -1.18089837 5.44043961 2.97985617 -0.669806 -0.888084 0.491046
16580 -3.2401645200000004 3.87888381 2.3882837400000003 -0.457765 -0.440693 0.047574
16600 -4.0231791 3.3712849800000004 -0.37900935 -0.421187 -0.623151 -0.442251
16620 -2.6948462400000004 3.98500839 0.10612458 -0.517237 -0.262429 -0.789488
16640 0.33605136 4.56236613 0.42152589 -0.8820129999999999 0.156962 -0.39199
16660 -1.3103707500000001 6.167027070000001 -0.25566822 -0.724263 0.173584 0.375006
16680 -2.9970629100000004 7.519315949999999 0.20926692000000002 -0.536551 -0.399629 0.768021
16700 -2.9316498300000005 9.00676701 0.10164141000000002 -0.69687 -1.180959 0.761493
16720 -3.99893859 10.82578626 -1.1684691 -0.606614 -0.790363 0.773373
16740 -5.99188914 10.90392291 -4.01180931 -0.728388 0.183383 0.591813
16760 -4.832396190000001 12.17013885 -5.6595852 -1.036307 0.256859 0.333195
16780 -2.41732134 12.89104632 -7.03790982 -0.8782190000000001 -0.338527 0.170556
16800 0.71401104 12.147693570000001 -7.15811175 -0.760945 -0.8671709999999999 0.135733
16820 1.7078032800000003 8.85393702 -4.922814960000001 -0.8140310000000001 -0.91227 0.271084
16840 0.6899176800000001 7.49371185 -4.28244759 -0.887127 -1.219025 0.32331
16860 -0.5418749700000001 7.830969840000002 -3.61543626 -0.830959 -1.587616 0.276104
16880 -2.8834533 9.6799194 -3.03194727 -0.689901 -1.416128 0.159365
16900 -4.0718367 12.838356809999999 -1.7304055200000004 -0.772997 -1.018073 0.054657
16920 -3.16322469 15.37677279 0.9093575700000001 -0.901325 -0.901295 0.0002
16940 -1.2789395099999998 9.90700128 1.2726513 -0.980129 -0.935905 -0.067604
16960 -2.02124259 6.312676140000001 0.07439904 -1.096156 -0.679673 -0.108267
16980 -0.02798793 5.69131074 1.3076828100000002 -1.19063 -0.307676 -0.08056100000000001
17000 1.6597440900000002 7.52111118 2.35804932 -0.8713270000000001 -0.260768 -0.099756
17020 3.66228882 11.546389620000001 1.09227483 -0.032554 -0.608222 -0.25048000000000004
17040 4.1646393 14.059966680000002 -1.3192095600000002 0.380336 -1.09219 -0.258726
17060 3.07684764 12.230617500000001 -1.5819115499999998 0.428983 -0.778795 -0.085736
17080 -0.10028763 10.927123560000002 0.21015963000000001 0.657051 -0.324854 -0.050542
17100 -1.91961099 9.645790410000002 1.9233486000000002 1.323063 -0.402363 -0.425009
17120 -2.03621265 9.33593175 2.0853117 1.984091 -0.74988 -0.6720470000000001
17140 -0.8231374800000001 9.971511840000002 1.58011632 2.6062 -0.569665 -0.990535
17160 0.01631403 10.256374620000003 1.46290644 3.133033 0.04136 -0.803904
17180 -0.50983551 9.72961686 1.6548096600000002 3.139236 0.16859100000000002 -0.392758
17200 -0.37182843 9.283095090000002 0.23036823 2.6742 -0.938836 -0.1051
17220 -0.164808 8.650958310000002 -0.25177365 1.981361 -3.4226050000000003 0.115434
17240 -0.34787241 8.721315630000001 -0.17827713000000003 1.971267 -4.504797 0.092181
17260 -0.5956141500000001 8.76338091 0.17303859 2.260919 -4.404539 0.076984
17280 -0.83361456 8.592579 0.31734369000000007 2.382696 -3.891628 -0.156763
17300 -0.6087791700000001 8.649761490000001 -0.13531914 2.499149 -3.777408 -0.316329
17320 -0.40220999999999996 9.33908076 -0.8033801400000001 2.220765 -3.626774 -0.182803
17340 -0.41733702000000006 9.949508009999999 -1.5802634699999998 1.693054 -3.105864 0.010465
17360 -0.28156662 10.01716758 -1.66423707 1.405468 -2.557073 0.216056
17380 0.84633813 10.5617403 -0.65787822 1.270993 -2.161003 0.385525
17400 2.40564744 11.65311261 0.15447807000000002 0.8896 -1.652134 0.532828
17420 1.81677276 11.93228559 -0.3972755700000001 0.500037 -0.988005 0.7546510000000001
17440 -1.63833867 12.876076260000001 -1.97619507 0.061654 -0.486762 0.993433
17460 -1.39450131 11.182046220000002 -1.24151436 -0.434876 -0.41444 0.920437
17480 1.15949295 10.63059669 0.28695231 -1.066175 -0.398188 0.866869
17500 1.5874443900000004 11.089537920000001 0.97522191 -1.788429 -0.479364 1.013615
17520 -0.5786919 13.71597903 1.6367004000000003 -2.048424 -0.341192 1.317133
17540 -1.63265868 13.45371849 0.8692444800000001 -1.369639 0.368275 1.263282
17560 -0.04355640000000001 12.73267368 1.0359948600000002 -0.062516 0.326439 0.4702310000000001
17580 1.42248924 13.59412902 2.45908251 1.287527 -1.401563 -0.401544
17600 1.51619436 13.660140510000002 3.3257862 1.274797 -2.187221 -0.253212
17620 2.00043558 11.30373927 2.060168670000001 0.425029 -2.038102 0.487349
17640 1.9742428800000003 10.37088675 0.9413970300000001 0.066881 -0.805068 0.936193
17660 0.7749409500000002 9.493254720000001 0.38125584000000007 0.279889 -0.702159 1.12342
17680 -0.69814827 8.092170900000001 0.00748503 0.548438 -0.7832680000000001 0.395804
17700 -1.52607303 7.69654341 -0.33126408 -0.469315 -1.2518280000000002 -0.093541
17720 -2.6162583300000004 7.55284653 0.99782415 -1.468255 0.294233 -0.379169
17740 -3.34479798 7.550747190000001 1.4226462000000002 -0.955619 0.938015 0.152356
17760 -3.15139383 7.103028600000001 -0.07903917 -1.081868 0.315763 0.560333
17780 -2.84318325 6.96711105 -0.7306291800000001 -1.233983 0.964966 1.111777
17800 -2.18769867 7.037615520000001 -0.57825045 -1.417177 1.121847 1.198959
17820 -2.15297127 6.123764970000001 -0.8421492600000001 -1.515016 0.7659699999999999 0.770374
17840 -3.22713684 5.3931357900000005 -1.48326219 -1.0512 0.243157 0.309608
17860 -2.97237114 5.492677860000001 -2.02528431 -0.8320709999999999 0.239584 0.213935
17880 -1.99744353 6.887777580000001 -2.79483957 -0.82071 0.161758 0.219455
17900 -2.61700389 9.93304683 -3.2624626500000002 -0.658014 -0.098063 0.318132
17920 -3.0915234000000003 13.659247800000001 -4.85336016 -0.484911 -0.338104 0.256624
17940 -2.4719630400000003 16.727717700000003 -9.88289811 -0.524699 -0.271511 0.15478
17960 -3.8523870000000002 11.905494480000002 -7.47994842 -0.709566 -0.176813 0.076455
17980 -1.0204263900000001 7.4559923999999995 -4.447255590000001 -0.78803 -0.14852 -0.004246
18000 1.06099074 5.778433350000001 -1.61723736 -0.7628229999999999 -0.269918 -0.037029
18020 1.75495014 11.28713094 0.17154747 -0.711721 -0.41438 0.08101699999999999
18040 0.82163655 18.1970595 -1.71049122 -0.748776 -0.458449 0.211138
18060 -1.73339757 11.62362375 3.1638231000000006 -0.354148 -0.107892 0.115169
18080 -4.0760255700000005 2.61221661 8.42597577 0.34536100000000003 -0.221104 -0.15112799999999998
18100 -0.32827203 5.166652320000001 2.9241648000000002 1.097903 -0.689998 -0.227524
18120 0.4573029600000001 13.953685140000003 -3.47412321 1.244324 -0.906612 -0.26361100000000004
18140 2.8711809900000005 15.507903060000002 -1.57547619 1.459986 -0.905214 -0.533435
18160 1.3994357400000002 12.16161396 1.2582796500000002 2.208361 -0.664736 -1.112833
18180 0.16570071 9.76508982 1.43072964 3.159728 0.023876 -1.781118
18200 -0.67643874 9.52379325 1.13613534 3.693079 0.564847 -1.929774
18220 -0.6719555700000001 9.421857540000001 1.02836268 3.499479 -0.113526 -1.547833
18240 -0.25566822 9.24118677 0.5706182700000001 3.062862 -2.0697650000000003 -1.071949
18260 0.34623414 9.290276010000001 -0.57974157 2.46951 -2.560779 -0.577673
18280 0.66461769 9.28264383 -1.8871300800000002 2.134547 -2.203193 -0.46724
18300 0.6836294700000001 9.23519286 -1.7907272100000002 1.961689 -2.570671 -0.594026
18320 0.06271533 8.34754482 -0.24729048000000003 1.968301 -2.594909 -0.66552
18340 0.02798793 7.491171060000001 0.52181352 1.909776 -1.865877 -0.4446729999999999
18360 0.4391838900000001 8.08229223 0.15851979 1.500348 -1.337016 -0.211065
18380 0.52436412 9.82197801 -0.75038652 0.978295 -1.041722 -0.07835800000000001
18400 -0.03458025 10.22837688 -2.1475855800000003 0.392266 -0.8956639999999999 0.134211
18420 -0.05089428 9.524695770000001 -3.56558184 -0.182456 -0.534754 0.42029
18440 0.42421383 10.36864026 -3.10169637 -0.676764 0.071215 0.625432
18460 0.8777791800000001 12.30845004 -2.54605797 -1.000957 0.74917 0.796419
18480 -0.14235291 12.987890640000002 -0.5944173300000001 -0.844867 1.583599 0.847715
18500 -1.28642454 10.11821058 0.025898400000000002 -0.753376 1.35175 0.673463
18520 -2.71594755 8.08872759 -0.9638423100000001 -1.17761 0.665305 0.610491
18540 -2.09728971 9.12981384 0.4263131700000001 -1.384087 0.7693840000000001 0.602506
18560 -2.1871002600000002 10.78072893 1.0532114099999998 -1.393728 1.193566 0.560234
18580 -2.2040127000000003 14.75991018 0.65339505 -1.303469 1.442099 0.6673680000000001
18600 -0.9006757200000001 18.086441940000007 0.01466595 -1.378823 1.162827 0.77509
18620 2.4827344200000003 17.3326023 0.31988447999999997 -1.47211 1.01101 0.726563
18640 4.9075407900000005 16.33537656 1.91497086 -1.147664 0.883724 0.575168
18660 2.2013247600000003 12.47954625 -0.17394111 -0.452769 0.514624 0.367919
18680 -1.13120091 8.65260639 -0.1764819 -0.397187 0.088219 0.393423
18700 -3.2694964200000003 7.05497922 0.0378666 -0.739333 0.317813 0.549904
18720 -4.3354314 5.49207945 -0.99288972 -0.712178 0.915277 0.565351
18740 -3.90402684 5.35585779 -2.52270036 0.048442 1.057711 0.251083
18760 -2.3652302400000003 6.083799030000001 -2.0381648400000003 0.439984 -0.335146 0.0473
18780 -1.97873586 5.75852886 -1.19391624 -0.209106 -1.038509 0.147285
18800 -2.2439884500000002 4.75935093 -0.6694049700000001 -1.078142 0.283218 0.171567
18820 -3.11023107 4.6388547 -1.23987609 -0.285169 0.248771 -0.159339
18840 -2.7443965500000003 4.93733376 -1.99864035 0.468956 0.460218 -0.144729
18860 -2.5765965 5.904325080000001 -3.0087466199999997 0.792326 1.024701 0.4016
18880 -3.42413145 6.237080280000001 -5.98126491 0.507833 -0.8306020000000001 1.078175
18900 -2.92581288 5.52470751 -4.49350974 -0.57567 -0.378798 1.186464
18920 -2.45190159 5.61647025 -1.9079370900000001 -0.8716459999999999 -1.204473 0.932286
18940 -2.2097025 5.92587765 -0.76042215 -0.203716 -1.371306 0.516285
18960 -1.6543584000000002 6.728512230000001 -0.58394025 0.259286 -0.30856300000000003 -0.316124
18980 -0.8421492600000001 7.29837513 -1.72965015 0.201422 0.998868 -0.616237
19000 -1.41920289 9.20331036 -3.8853191700000003 -0.006387 0.303264 -0.175622
19020 -2.80172619 10.377920520000002 -4.024081620000001 -0.7355659999999999 -0.567196 0.4880390000000001
19040 -2.24069229 8.85663477 -2.71565325 -0.79937 -1.227358 0.7319939999999999
19060 -1.3537800000000002 8.283024450000001 -3.6824876100000004 -0.297794 -1.393541 0.29774
19080 -1.1482605000000001 8.992101060000001 -5.0436153 0.068402 -0.522034 -0.312911
19100 -1.74207942 10.6195212 -4.43377665 -0.113908 -0.246705 -0.543136
19120 -2.26539387 9.56107125 -1.77695397 0.238016 -1.027571 -0.5770649999999999
19140 -2.24937414 6.439460580000001 -0.6352759800000002 0.22316100000000005 -0.11542 -0.632817
19160 -1.01369673 4.29845751 0.57151098 0.385308 0.454384 -1.009497
19180 -0.05988024 7.2372980700000005 0.48873420000000006 0.41679 0.162139 -0.946946
19200 -0.2817137700000001 14.962133520000002 -0.27468 0.235879 -0.381742 -0.643069
19220 -1.7787492000000003 16.41067812 0.30625839 0.56603 -1.071675 -0.488192
19240 0.06840513000000001 9.90984618 0.68872086 1.352602 -1.600309 -0.8388059999999999
19260 2.16210438 9.223666110000002 -5.8207929300000005 1.971417 -0.838002 -1.267022
19280 4.66654833 15.57630819 -1.12924872 2.4816580000000004 -0.732483 -1.456941
19300 4.105965690000001 23.42643696 -2.8151953200000004 2.372236 -2.069691 -0.758443
19320 1.28597328 19.851869160000003 -3.6307006200000003 2.713881 -1.854218 -0.593963
19340 -2.4007032 8.6011137 -3.5591464800000003 3.027964 -1.136011 -0.918497
19360 -2.00792061 6.033954420000001 0.9021766500000001 2.501486 -1.181206 -0.615537
19380 -1.4365665900000002 7.8820112700000005 -1.5991281 1.799593 -0.384079 -0.083078
19400 2.19398688 11.09867103 -0.30641535000000003 1.7995439999999998 -0.8633700000000001 0.162159
19420 1.71752499 7.5049443 0.8985861900000001 1.946999 -1.412954 0.276057
19440 0.68796549 4.802613030000001 -2.95276095 1.598545 -1.1069719999999998 0.24973
19460 -2.27362446 5.60284416 -5.16920292 0.578866 -0.693754 0.361719
19480 -3.56498343 4.67463177 -2.7641538900000002 -0.585566 -1.243635 0.621345
19500 -1.06758306 7.263647730000001 -4.65966171 -0.966527 -1.195701 0.685921
19520 0.53678358 8.64407169 -4.86278757 -0.773404 -0.6014609999999999 0.5647310000000001
19540 -0.18336852 5.313802320000001 -1.9378674 -1.094989 0.009004 0.561702
19560 0.18815580000000004 3.71497833 -3.1493043000000007 -1.716994 0.676187 0.754124
19580 2.4748079400000003 7.056921600000001 -3.26052027 -1.981269 1.342415 0.875338
19600 3.77680095 9.12517371 -2.5134201000000003 -1.85847 1.6877529999999998 0.721929
19620 0.70922376 8.44409484 -1.82320812 -1.834138 0.968342 0.522195
19640 -1.20214683 9.13639635 -0.55414728 -1.890588 0.682261 0.451665
19660 -4.0203440100000005 13.77316152 -0.92463174 -1.748058 1.234896 0.388927
19680 -5.41947564 18.02162727 -2.8035214200000005 -1.052314 1.883728 0.298952
19700 -2.12422797 18.61199307 -2.9440791 -0.48282 1.6481290000000002 0.115225
19720 -1.0955709900000001 15.45012216 -2.19713589 -0.432028 1.183078 0.218725
19740 -2.6192503800000004 11.10481209 -3.96375993 -0.812962 1.038042 0.322004
19760 -3.89639466 15.203135790000001 -5.46154092 -0.894453 0.820565 0.432808
19780 -6.81337854 21.30010965 -5.31514629 -0.65625 0.398993 0.423262
19800 -10.59616359 12.697946280000002 -3.74371182 -0.568084 0.246619 0.356775
19820 -4.96187838 9.18998838 -3.46918878 -0.704975 -0.02789 0.39249
19840 -0.24743763 6.565950720000001 -4.4159715 -0.841783 0.25013 0.249105
19860 -1.20783663 5.23117269 -4.480482060000001 -0.410366 0.397415 0.07246799999999999
19880 -4.1472756 6.15115449 -2.67673698 -0.141932 0.630479 0.163775
19900 -5.66856135 5.38041222 0.043860510000000005 0.751714 0.039544 0.381214
19920 -5.417533260000001 3.77814492 0.38844657000000005 1.012281 1.136562 0.475632
19940 -3.3209891100000006 3.4361094600000004 -2.6954446499999998 0.316438 0.960522 0.347083
19960 -1.8574842599999999 4.02154083 -3.5968659300000003 -0.40443 0.65162 0.432175
19980 -2.2845528000000006 5.29464339 -3.55061178 -1.081044 1.028211 0.614973
20000 -3.3641040600000003 5.419632600000001 -2.94497181 -0.742818 -0.594565 0.41218
20020 -3.0527542800000003 4.9485564 -1.39883733 -0.540244 -0.53385 0.504316
20040 -2.4962133600000005 5.8923470700000005 -0.49756320000000004 -0.670027 -0.194821 0.282921
20060 -1.22115861 7.527997800000001 -2.02858047 -0.802018 -0.504857 0.14139100000000002
20080 -0.42437079 8.738375220000002 -3.6815949000000003 -1.011287 0.031317000000000005 0.237519
20100 -1.85374665 7.582482540000001 -4.22421543 -1.044666 0.086332 0.361129
20120 -3.8733411600000003 6.9190616700000005 -3.96421119 -0.91109 -0.727402 0.211417
20140 -3.59327547 6.6641390099999995 -3.6486627300000003 -0.564815 -1.035648 0.006996
20160 -2.87791065 7.4932704 -2.75172462 0.105615 -0.72482 -0.249366
20180 -1.28223567 8.15549445 -2.19248595 0.299421 -0.045202 -0.676172
20200 -1.2340293300000003 7.4562965100000005 -1.9374259500000002 0.311819 0.568279 -0.92363
20220 -1.5359517 8.93746917 -1.1868824699999998 0.41595 1.104188 -0.7665609999999999
20240 -1.0912349700000001 9.42859701 1.09243179 0.421929 0.5034810000000001 -0.798864
20260 -0.42317397000000007 14.399304390000001 0.13307265000000001 0.381011 -0.5880489999999999 -0.8575719999999999
20280 -0.12693159 16.25215833 -0.32512302000000004 0.050462 -0.626836 -0.462453
20300 -0.39352815 18.87978645 -6.05535984 0.182319 -0.988316 -0.488842
20320 -1.3494439800000002 12.63507399 -1.65810582 1.105501 -1.720986 -0.815808
20340 -0.31524435000000006 13.51165635 -3.92693319 1.7693560000000002 -0.985045 -1.083443
20360 3.23672121 13.123062630000002 -0.9401904 2.002076 -0.618841 -1.222223
20380 2.50219746 12.525349140000001 -1.0722231899999999 1.761193 -0.5922229999999999 -1.010296
20400 -0.60070554 17.569415700000004 -5.47605972 1.5769 0.8723059999999999 -0.794474
20420 0.58004568 10.68178527 -3.0934657800000003 1.6505189999999998 0.137215 -0.579374
20440 -1.6597440900000002 7.39253151 -2.2013247600000003 1.598284 -2.262309 -0.137624
20460 -2.34128403 7.14150342 -1.8103374 2.014677 -1.962157 0.097772
20480 -0.18546786 7.5857787000000005 -0.59501574 2.426636 -1.158706 -0.316987
20500 0.7292852099999999 6.81397695 -0.10867518 2.191046 -1.205461 -0.408303
20520 0.35221824000000007 7.4381774400000005 -2.3363397900000002 1.700286 -0.685245 -0.605746
20540 -0.24473988000000002 8.864266950000001 -4.17586194 0.8451569999999999 -1.027266 -0.114557
20560 -1.7122864500000001 7.21708947 -4.5318276 0.014296 -1.636878 0.407054
20580 -3.83712264 4.70561175 -3.98576376 -0.4124350000000001 -1.390282 0.647311
20600 -2.74528926 4.2767577900000004 -3.68353728 -0.525621 -0.623196 0.723518
20620 1.94386131 5.16201219 -1.63070649 -0.447475 0.207206 0.783888
20640 0.78302439 5.915253420000001 -0.38560167000000006 -0.967006 0.58878 0.916503
20660 -0.6942537000000001 7.05543048 -2.03546709 -1.389141 1.106099 1.116922
20680 3.0786526800000003 7.793691840000001 -2.30101398 -1.754876 1.511688 1.237761
20700 4.913985960000001 8.506064610000001 -2.0995362 -1.715493 1.541177 1.2882049999999998
20720 1.67846157 10.5443766 -2.48827707 -1.714014 1.545784 1.200615
20740 -1.77920046 11.27530008 -0.71820972 -2.221304 1.557585 1.08703
20760 -5.497916399999999 13.42663308 -1.4133561300000002 -2.172473 2.000477 1.1103040000000002
20780 -5.76331614 14.845080600000001 -2.9823969600000004 -1.613157 1.598884 0.8882620000000001
20800 -4.0938405300000005 16.270120440000003 -1.56844242 -0.785067 1.0488030000000002 0.5368970000000001
20820 -2.9446775100000004 16.451840880000002 -0.1070271 0.117899 0.5782109999999999 0.222273
20840 -5.07504654 17.15702292 -0.46613196000000007 0.34130900000000003 0.841791 -0.085221
20860 -5.18596821 20.18881323 0.67958775 -0.026748 1.359469 -0.287144
20880 -6.739283610000001 15.56463429 -2.2409865900000003 0.27678400000000003 0.308935 -0.5069359999999999
20900 -6.59363454 9.020844360000002 -4.677319710000001 0.642347 -0.483855 -0.5012300000000001
20920 -1.49598576 9.09374247 -4.3783992000000005 0.222717 0.6490600000000001 -0.003549
20940 -0.21735036 8.47282833 -4.174223670000001 -0.410587 1.085592 0.336504
20960 -1.12969998 7.235649990000001 -2.40774678 -0.239194 -0.178122 1.06037
20980 -2.73122172 5.930517780000001 0.23366439 -0.619397 -0.147552 0.938034
21000 -4.35204954 4.13260965 1.5916430700000002 -0.26050100000000004 0.773154 0.816516
21020 -4.62852477 3.54986622 1.44405162 0.278353 0.194273 0.458894
21040 -3.28312251 3.8206516500000003 -1.77860205 0.433765 1.4338110000000002 -0.363071
21060 -2.5131258000000005 4.81907421 -3.1445072100000004 -0.14413900000000002 2.151028 -0.200316
21080 -2.2043168100000003 5.106929040000001 -3.87918792 -0.912218 1.012891 0.30425100000000005
21100 -2.66894784 4.390965810000001 -3.10709187 -1.463233 -0.067103 0.998267
21120 -2.63976309 4.044437370000002 -1.57756572 -1.272043 -1.204533 0.761778
21140 -1.89221166 4.82311593 0.5902186500000001 -0.782637 -0.931071 0.150619
21160 -1.5471841500000003 6.54558516 0.45295713 -0.253875 -0.060617 -0.072198
21180 -2.15088174 9.19328454 -4.0478806800000005 -0.119479 -0.19586 -0.200341
21200 -2.5738987500000006 10.9870038 -6.382278090000002 0.186605 0.150767 -0.302265
21220 -3.6507620700000003 9.23504571 -5.25676698 0.5868 0.310641 -0.403292
21240 -2.59155675 8.417441069999999 -3.8673570600000002 0.751132 0.354552 -0.6040939999999999
21260 -2.5270461900000005 8.872203240000001 -2.4816847500000003 0.7304350000000001 0.020028 -0.8452280000000001
21280 -4.3701588000000005 12.231961470000002 -2.0371151700000003 0.689768 -0.695793 -0.8210940000000001
21300 -2.93120838 13.667782500000001 -2.9213297099999997 0.519447 -0.499529 -0.47109
21320 3.69985131 12.597805800000001 0.88825626 0.224949 -1.511252 -0.288117
21340 6.39545292 12.76440903 1.4296799699999998 0.25940100000000005 -1.046701 -0.6068020000000001
21360 0.6192660600000001 9.676181790000001 -1.08839007 0.509486 -0.935887 -0.829523
21380 -2.3185248300000003 15.004797210000001 -3.69281754 0.431751 -0.314907 -0.4772810000000001
21400 0.30237363000000006 24.573500640000002 -2.153569680000001 0.958976 0.6028789999999999 -0.547413
21420 -1.22775093 14.0466447 -2.49920541 1.336259 0.532142 -0.766877
21440 -3.0353905800000005 6.64483293 -0.94453623 1.311204 0.069388 -0.6393409999999999
21460 -2.15656173 6.37419465 -0.043114950000000006 1.362081 -0.679828 -0.6017060000000001
21480 0.12888378 12.20861367 -1.9597240800000002 1.896762 -1.414469 -0.8982680000000001
21500 4.89287484 13.35192993 0.99872667 1.643404 -2.344104 -0.766387
21520 2.8118991600000003 8.94090267 1.12969998 1.3602 -1.679577 -0.470115
21540 -0.44143038000000007 7.20257067 -2.81474406 1.328395 -1.074733 -0.384586
21560 -1.18613691 7.29223407 -2.2037184 1.244868 -0.732233 -0.448633
21580 -1.58220585 7.166048040000001 -2.72672874 0.950917 -0.5100680000000001 -0.340945
21600 -1.19556432 7.349416560000001 -3.6259133400000003 0.461585 -0.699971 -0.378302
21620 -0.07574300999999999 6.68764377 -4.33334187 0.109005 -0.875216 -0.204284
21640 0.32452461 5.013371070000001 -3.1385231100000004 -0.109395 -0.623783 -0.022397
21660 -0.5954571900000001 4.224068280000001 -2.0941407 -0.422849 -0.299009 0.016658000000000003
21680 -0.027095220000000003 5.33640456 -2.7991755900000004 -0.6993149999999999 0.179058 0.050433
21700 3.1481074800000006 8.18587602 -1.71019692 -1.0560770000000002 0.385648 0.11177
21720 4.942866600000001 9.26513298 -0.90306936 -1.364548 0.545743 0.302758
21740 1.3720462199999999 7.77003993 -0.12618603 -1.564769 0.872484 0.550905
21760 -3.09406419 7.565570100000001 -2.6779338 -1.739545 1.36546 0.7637649999999999
21780 -4.7186394300000005 9.995762160000002 -5.645959110000001 -1.808644 1.748835 0.854658
21800 -0.26001405 11.49683931 -4.77551781 -1.7131299999999998 1.59845 0.817062
21820 0.51537816 11.10914811 -1.96541388 -1.394996 1.31859 0.73098
21840 -2.2688273700000003 13.326482790000002 -2.8391415300000005 -1.232594 1.294894 0.655233
21860 -3.29914224 14.40020691 -1.19945889 -0.940189 1.008646 0.590345
21880 -4.92042132 16.32460518 -1.17221652 -0.407762 0.388494 0.4356930000000001
21900 -1.9001479500000003 15.243552990000001 -1.125207 -0.021393 0.536784 0.31322
21920 -1.35812583 15.97657581 -1.8655677000000002 0.099457 0.777363 0.251799
21940 -2.6619140700000004 17.00419293 -3.2620212 -0.0024920000000000003 0.8439209999999999 0.212546
21960 -4.14921798 15.75773433 -3.28641867 -0.022969 1.05473 -0.006853
21980 -5.480699850000001 11.67003486 -2.00537982 0.202026 1.0314530000000002 -0.241329
22000 -3.88098315 8.860078080000001 -2.43723564 0.253049 0.385175 -0.371535
22020 -1.61065485 10.274787990000002 -2.30131809 -0.037554 0.359293 -0.307302
22040 -0.85741362 9.448952760000001 -1.6554080700000002 -0.5560039999999999 0.587249 0.14491500000000002
22060 -2.7222357600000002 6.255189540000001 -0.5553441 -0.287979 0.381864 0.125686
22080 -4.61654676 4.82311593 -0.02634966 0.174847 1.1043040000000002 -0.054673
22100 -4.53871422 4.35159828 -0.06691401 0.29993000000000003 0.13605699999999998 0.346956
22120 -2.85590682 4.89916305 -1.30184586 0.051989 0.332935 0.8769469999999999
22140 -1.62097497 5.43100239 -1.5147032400000002 -0.6411600000000001 1.696684 1.693957
22160 -1.3085755200000002 6.204295259999999 -1.6363962900000002 -1.189289 0.374165 1.498474
22180 -2.0667511800000007 6.5207364299999995 -1.6422332400000001 -0.596683 -1.301399 0.424789
22200 -3.17789064 5.90880825 -1.7866854900000002 -0.076124 0.144117 -0.01033
22220 -3.17339766 5.881124430000001 -2.0246859 -0.15068099999999998 1.424465 -0.183407
22240 -1.84551606 6.0040143 -1.5004787400000001 -0.210722 1.243197 0.177465
22260 -0.73272852 6.93328617 -1.2940567200000002 -1.006897 0.219318 0.637892
22280 -0.74365686 8.175997350000001 -2.02064418 -1.375624 -1.137413 0.8496309999999999
22300 -2.1195878400000003 8.774750700000002 -2.8889959500000004 -1.001196 -1.602307 0.633857
22320 -3.82349655 9.23354478 -3.6307006200000003 -0.6225390000000001 -0.283623 0.071859
22340 -4.13828964 9.19073394 -3.70914138 -0.412372 -0.024635 -0.141718
22360 -4.24277595 8.11596996 -4.25444985 -0.394935 -0.57258 -0.058641
22380 -4.29352308 7.2834050700000015 -4.41521613 -0.243349 -0.860342 0.110498
22400 -2.32122258 7.424257050000001 -3.5316098100000004 0.166883 -1.245144 0.080741
22420 -2.03666391 7.717203270000001 -2.61281502 0.668259 -0.752948 -0.362904
22440 -2.19563496 11.135792069999999 -0.3153915 0.902114 -0.304037 -0.6726979999999999
22460 -0.49681764000000006 14.6859624 -0.448317 0.858701 -0.137124 -0.817425
22480 0.2573163 14.017450140000001 -0.75098493 0.510413 -0.475757 -0.8130149999999999
22500 0.86909733 12.698838990000002 0.9217868400000001 0.370264 -0.972899 -0.51105
22520 -0.8825664599999999 11.524680090000002 -3.52082862 0.375517 -0.8403649999999999 -0.359496
22540 1.9712508300000002 11.99874834 -2.80142208 0.245714 -0.868242 -0.468257
22560 4.733011080000001 13.568985990000002 0.5439645000000001 0.133706 -0.621796 -0.462946
22580 2.6198487900000003 16.00816401 -0.14833701000000002 0.15998099999999998 -0.417576 -0.407476
22600 -2.80905426 25.909024230000004 -5.9004305100000005 0.587787 -1.1784290000000002 -0.450515
22620 -4.19248008 7.80282495 -1.7874310500000001 1.045736 -0.8787940000000001 -0.919854
22640 -2.35056429 4.73660154 0.32003163 1.325187 0.12523800000000002 -1.563327
22660 1.8675198900000003 8.01747756 -0.94408497 0.983513 0.78591 -1.317664
22680 2.8922823000000006 12.682829070000002 0.9422897400000001 1.11878 0.7886380000000001 -0.785817
22700 1.63115775 10.52491356 0.7318260000000001 1.013021 -1.189969 -0.5970810000000001
22720 1.09482543 7.5895163100000005 -2.4881299200000004 1.1465530000000002 -2.02061 -0.514967
22740 0.07125002999999999 6.80739444 -3.38625504 1.411357 -1.427284 -0.204093
22760 -0.6253973100000001 7.99052949 -1.89371259 1.694838 -1.690505 -0.159047
22780 -0.19054944000000001 8.60185926 -1.04661909 1.995749 -2.00015 -0.240938
22800 0.24698637000000004 8.687039490000002 -2.28005982 1.48337 -1.770607 -0.190332
22820 0.18815580000000004 7.34807259 -4.7225340000000005 0.8415309999999999 -1.311765 0.172065
22840 -0.33095997000000005 6.2980003799999995 -2.8083087000000004 0.40588 -1.547069 0.252645
22860 -2.01525849 5.7785805 -1.08239616 0.346934 -1.802586 0.532435
22880 -1.42248924 5.85761967 -0.34937334000000003 0.271137 -1.892442 0.691186
22900 -0.7445495700000001 6.61953294 -1.10080953 0.01339 -1.5284 0.718829
22920 1.87305273 9.34446645 -2.16210438 -0.232147 -1.032413 0.773094
22940 2.5224060600000002 9.45972414 -0.9518741100000001 -0.253792 -0.608428 0.790559
22960 -1.9699068600000003 7.00528176 -1.3760879400000001 -0.5746319999999999 -0.322812 0.771929
22980 -2.17901682 7.04988783 -3.9549211200000003 -0.7719729999999999 -0.258437 0.828152
23000 0.75712599 9.932291460000002 -2.81609784 -0.792575 0.043508 0.7282770000000001
23020 -0.9819613800000001 11.03190417 -3.971088 -0.841562 0.348157 0.775614
23040 -0.9999234900000001 9.51556266 -3.51484452 -0.941694 0.370925 0.763135
23060 -1.75315491 10.88237034 -1.7311510800000003 -1.01174 0.001316 0.547338
23080 -1.97918712 12.962894760000001 -1.1684691 -1.039845 0.206812 0.5970850000000001
23100 -0.6905160899999999 15.70803687 1.26547038 -0.945233 0.917785 0.672679
23120 -3.34449387 14.79059586 -1.59313419 -0.724184 0.998787 0.471157
23140 -1.13209362 15.23262465 -1.43640963 -0.5146649999999999 1.005743 0.14894000000000002
23160 -1.4338688400000001 18.5326596 -1.8050988600000002 -0.522927 0.95827 0.039985
23180 -1.2094847100000001 18.31771269 -2.25311175 -0.384625 1.069796 0.002352
23200 -2.4691181400000004 15.353268030000002 -0.88061427 -0.212808 1.3164559999999998 0.240381
23220 -3.53804517 11.87465184 -2.56356882 -0.171265 1.174188 0.350881
23240 -2.99198133 9.57184263 -3.60764712 -0.252679 0.8443120000000001 0.331507
23260 -2.28799611 8.75874078 -3.0825374400000003 -0.436236 0.34644899999999995 0.319112
23280 -2.2568591700000002 9.87242103 -2.20161906 -0.320589 0.297619 0.175772
23300 -1.9955011500000002 7.864343460000001 -1.14167799 0.023083000000000003 -0.385571 -0.300583
23320 -1.53161568 5.31889371 -0.02454462 0.106693 -1.37053 0.053776
23340 -1.6251736500000002 4.9174194600000005 0.04491018000000001 0.085115 -0.105328 0.424814
23360 -2.03352471 4.8469248 -0.7735871700000001 -0.643363 2.059683 0.16485
23380 -2.5279389000000005 6.706655550000001 -1.65166065 0.175645 -0.037877 0.527909
23400 -2.67643287 6.25609206 -2.24338023 -0.535519 0.763822 0.990863
23420 -2.31658245 6.32045547 -2.30565411 -0.866081 1.374031 1.325331
