time Ax Ay Az Gx Gy Gz
20 0.96773688 6.15280257 -1.03914387 1.065234 -0.447179 0.8807510000000001
40 3.0548438100000004 9.14388138 -1.6697797200000002 0.775567 -0.094401 1.354703
60 4.33394028 9.73291302 -1.9520919 0.532101 0.685654 1.231293
80 2.39846652 7.52425038 -2.6571267900000004 0.422652 -0.791115 0.60217
100 2.33753661 5.44163643 -3.4411910400000005 -0.169726 -2.1203 0.51321
120 3.94400259 4.83643791 -2.89498005 -1.323704 -1.203069 -0.091026
140 2.34697383 6.46804692 -2.02648113 -2.329314 0.391363 -0.7452989999999999
160 0.8454454200000001 15.05090421 -1.8585339300000001 -1.681527 -0.039148 -0.739155
180 0.029783160000000003 14.00712021 0.18142614 -0.488685 -0.578498 -0.095607
200 0.69336099 13.06901934 1.41964434 0.305178 -0.273586 -0.045588
220 1.56050613 14.710212720000003 2.3369382 -0.295771 -0.219035 -0.6448550000000001
240 3.7988047800000007 15.24594663 2.26733625 -0.646706 -0.397062 -0.8414940000000001
260 9.497149290000001 19.56057102 -5.304522060000001 -0.419673 -0.232635 -0.865757
280 9.608218110000001 14.35814163 -3.3084225000000003 -0.219163 -0.09769 -0.953191
300 6.815772180000001 12.145290120000002 -0.9873470700000001 -0.158973 0.199579 -0.753394
320 3.97617939 8.49602898 -0.25252902000000005 0.02371 0.484573 -0.520679
340 1.9832288400000002 8.45217828 1.99939572 0.15794 0.445844 -0.276138
360 -0.028439190000000003 10.25472654 3.0659291100000003 -0.0281 -0.309929 0.007678
380 -0.0782838 10.82908242 1.5844523400000003 -0.379888 -0.979741 -0.015285
400 3.0505077900000006 7.712259030000001 0.5236087500000001 -0.051949 -1.025081 -0.149669
420 4.62254067 7.144191360000001 -2.7078641100000005 0.580526 -1.5141209999999998 0.120295
440 3.5603433 8.477919720000001 -4.03111539 1.324801 -1.920989 0.5233939999999999
460 1.4492901599999999 8.90229051 -1.5135064200000001 1.420146 -2.228226 1.082065
480 1.3212990900000001 8.384067450000002 0.82043973 0.8842209999999999 -1.385735 1.049468
500 2.03336775 6.449937660000001 0.75592917 1.10394 0.284936 1.3116450000000002
520 2.34906336 5.76989865 0.8677435499999999 2.078666 0.462726 1.825631
540 3.22849062 5.42456703 0.52436412 2.847109 0.41787 1.721029
560 4.6997748 4.908737610000001 -0.08906499000000001 2.457554 1.401994 1.307918
580 6.37045704 4.62522861 -1.53460773 1.217565 0.819983 2.207991
600 7.184314260000001 5.07999078 -1.4443459200000002 0.611888 0.8685360000000001 3.376606
620 7.55000163 4.96472328 -1.3930003800000001 0.266489 -0.248944 3.144889
640 4.45369095 5.229230310000001 -0.8446900500000001 -0.357428 -2.038186 2.249791
660 3.69910575 7.509437280000001 -2.20551363 -1.348896 -3.781012000000001 1.520844
680 5.039269470000001 10.85871843 -3.2955517800000003 -1.692248 -4.605957 1.125329
700 3.98890296 14.05337436 -0.09984618 -1.606035 -4.053031 0.772709
720 1.9553880600000002 17.58587688 1.64193894 -1.621328 -2.769293 0.233642
740 1.05560505 21.332590560000003 2.5047382500000004 -1.964211 -2.1462060000000003 -0.242774
760 0.27317907 24.08117598 1.04527512 -2.3786560000000003 -1.693763 -0.873295
780 -0.4337982 22.29808095 1.75315491 -2.507734 -1.000058 -1.612159
800 1.6411835700000001 16.74463014 -3.35542221 -2.483501 -1.140576 -1.92373
820 7.71076791 12.421765350000001 -3.5354945700000004 0.272281 -1.505031 -1.084688
840 9.91597743 11.995305029999999 -4.470004980000001 2.99125 -0.649356 1.817407
860 7.68891123 10.256070509999999 -4.14861957 -0.205239 3.016385 4.552804
880 4.689601830000001 9.39775437 -4.056866640000001 -1.651231 0.208069 3.472739
900 3.6875790000000004 7.38429111 -1.94670621 -1.982897 -2.918169 1.0132450000000002
920 2.6728424100000003 5.157224909999999 -0.051796800000000004 -1.642177 -2.708525 -0.292147
940 1.37862873 3.1889661300000003 0.18726309 -0.885086 -0.813623 -1.157751
960 -0.029341710000000003 2.4559433100000008 0.12109464000000002 -1.108603 1.449657 -1.388676
980 -0.9587607300000001 2.3125407300000003 -0.02006145 -0.7741020000000001 0.269192 -0.3134
1000 -1.1612881800000001 2.34771939 0.33739533 0.369765 -2.400691 -0.164188
1020 0.0076321800000000006 2.4691181400000004 1.1668210200000002 0.341671 -4.458493 -0.483282
1040 3.42936999 4.322707830000001 -1.3058875799999998 -0.7448319999999999 -4.08311 -0.974189
1060 5.75673363 22.11186753 -6.46894944 -1.236325 -1.900655 -1.007124
1080 6.54349563 18.66828285 -5.503753350000001 -1.923126 0.524109 -1.259651
1100 8.72385642 7.28879076 -6.171667200000001 -2.41367 1.434748 -1.5900530000000002
1120 6.742874070000001 4.32794637 -1.8206673300000003 -2.09789 -0.885473 -1.052899
1140 3.69596655 1.61723736 2.84812749 -1.443341 -4.176638 -0.4234729999999999
1160 2.7357147000000004 -0.47106639 3.1853756700000004 -1.156577 -2.59145 -0.686284
1180 4.973709240000001 10.380618270000001 3.1299884100000006 -1.853333 -1.715159 -0.507471
1200 10.555452090000001 24.851466990000002 -0.31434183000000004 -2.011291 -1.439863 -0.218371
1220 10.691212680000001 24.623796510000002 -2.9183278500000003 -1.306612 -1.615731 -0.271975
1240 3.8348761500000004 8.93866599 -3.7380220200000003 -0.749428 -1.184755 -0.373321
1260 2.9821026600000007 3.9670462800000004 -0.8963397000000001 -0.845724 -0.992843 -0.59643
1280 2.05163397 2.84243769 4.20699888 -1.0500969999999998 -1.1254 -0.835901
1300 2.1127110300000003 5.487733620000001 6.7529097 -1.032044 -1.085329 -1.015288
1320 2.5018933500000005 9.57843495 6.886433610000001 -0.940656 -0.9004049999999999 -0.986044
1340 2.22242607 11.216322360000001 4.1835039300000005 -0.86969 -0.390987 -0.8355819999999999
1360 0.70833105 10.62535815 -1.33806438 -0.489003 0.191915 -0.681983
1380 1.3611178800000001 10.703043540000001 -6.554119860000001 0.053767 0.361665 -0.446605
1400 2.04355053 8.61623091 -2.38843089 0.378278 0.310938 -0.296858
1420 -0.26389881000000004 7.098535620000001 0.94034736 0.497599 0.007143000000000002 -0.086264
1440 1.8209616300000002 9.342219960000001 3.46125249 0.7460319999999999 -0.548433 0.106327
1460 2.55204207 9.524391660000001 2.5518949200000005 1.007263 -1.019178 0.385424
1480 2.2668849900000003 9.96747012 0.9336078900000001 1.0909950000000002 -1.239372 0.76551
1500 1.59568479 10.31475393 -1.3492968300000001 1.095244 -1.118231 1.36893
1520 1.0581458400000003 9.699833700000001 -1.2829812299999999 1.559296 -1.323377 1.652308
1540 1.0901853000000001 9.290128860000001 0.60623838 2.424522 -1.947712 1.988164
1560 2.04953463 9.218133270000001 1.60361127 2.33017 -1.052858 1.7983509999999998
1580 2.4294465 9.76030254 1.0220744700000002 1.561408 0.227755 0.829941
1600 3.4317636300000003 9.468857250000001 0.01826622 0.6918810000000001 -0.003718 0.595564
1620 4.76908245 9.45404415 -0.62629983 0.235619 -1.200821 1.455966
1640 3.6567461700000004 10.087073640000002 -1.1533518900000002 0.888325 -1.464708 2.677569
1660 3.39074802 10.448120880000001 -0.4601478600000001 1.6262530000000002 -0.942175 3.764162
1680 5.75298621 9.82406754 0.7580285100000002 1.5740379999999998 -1.423089 4.4598260000000005
1700 7.61166729 9.947859930000002 0.6240533400000001 0.41474 -2.302404 3.71685
1720 7.17996843 9.68905251 -0.07634141999999998 -1.069865 -3.094782 2.561294
1740 4.89407166 9.707917140000001 -0.23785326 -1.930083 -3.212397 1.552375
1760 2.88599409 9.86478885 -1.34136054 -1.989198 -2.352761 1.081911
1780 1.4202427499999999 11.545487099999999 -1.3648653000000002 -1.6802860000000002 -1.465691 0.890652
1800 0.41418801000000005 15.41823966 0.9108585 -1.5439969999999998 -1.381745 0.55928
1820 -0.65698551 16.18584273 2.28963438 -1.702351 -1.777464 0.023502
1840 -1.3189054500000001 12.52385802 1.63190331 -1.949535 -2.005593 -0.5205890000000001
1860 0.12229146 9.35733717 1.10155509 -1.95287 -1.453355 -0.889857
1880 3.44957859 9.03416634 0.8081674200000002 -1.555131 -0.388099 -0.963219
1900 5.92168878 9.225912600000001 0.48319155 -0.870384 -0.524012 -0.336557
1920 6.61369599 8.501571629999999 -2.2811094900000004 -0.907727 -1.80873 0.758688
1940 7.33011048 8.79450804 -4.19562909 -0.5247390000000001 -1.660154 1.631773
1960 7.3139436 8.25264288 -3.0979587600000005 -0.813863 -0.297582 1.328906
1980 5.54476896 7.4164777200000005 -1.3771376100000001 -1.220249 -0.700434 0.661081
2000 3.07640619 6.69123423 0.01302768 -1.60703 -1.841971 0.354331
2020 1.8509017500000002 6.17855382 0.7444024200000001 -1.90718 -2.4098330000000003 0.099793
2040 1.77829794 6.171215940000001 0.44891541000000007 -1.873682 -1.226988 0.239517
2060 2.14787988 6.11852643 0.18771435 0.14790799999999998 2.387429 0.101591
2080 2.29816908 5.56287822 0.42556761000000004 0.053179 0.500868 -0.891167
2100 2.1921916500000003 5.241198510000001 0.72689157 -0.354605 -2.458093 -1.429676
2120 3.4925365800000003 5.663322810000001 -0.75727314 -0.8866040000000001 -3.361788 -1.948185
2140 7.42351149 13.026659760000001 -6.67761795 -1.412524 -3.185907 -1.7865099999999998
2160 10.01283156 18.88891956 -8.335566810000001 -1.442325 -1.296528 -0.85765
2180 7.985742210000001 11.013794910000001 -5.70134637 -1.508131 -0.165183 -0.274173
2200 6.92999001 4.695281820000001 -0.7370645400000001 -1.398376 -0.20271 -0.042623
2220 4.74932511 3.46484295 1.3013946 -0.5847399999999999 1.3170540000000002 0.146984
2240 2.19503655 4.28259474 2.7086194800000003 -0.469894 -0.031672000000000006 0.069397
2260 2.72598318 4.41447057 2.5000981200000005 -0.997378 -1.960606 -0.342012
2280 5.3470287899999995 6.987172500000001 2.9891364300000003 -1.352691 -1.389867 -0.238404
2300 7.37830701 18.779194710000002 -1.1798487 -1.168948 -0.33184600000000003 -0.18186
2320 6.42374496 25.53764706 -4.93238952 -0.834304 -1.1765 -0.23292
2340 3.65136048 12.528949410000001 -5.41768041 -0.936824 -1.251563 -0.286951
2360 2.5412608800000003 6.394697550000001 -0.22199049 -1.030212 -0.437332 -0.296124
2380 2.36089422 2.5563879 2.29233213 -0.904994 -0.64102 -0.349467
2400 2.81534247 2.50234461 5.006484449999999 -0.816796 -1.030922 -0.423127
2420 3.7988047800000007 7.207956360000001 5.23356633 -0.97773 -1.0578 -0.48831
2440 4.21882974 10.054592730000001 3.78412902 -1.068236 -0.612984 -0.558947
2460 2.82641796 10.615322520000001 1.1981051100000002 -0.6070840000000001 -0.041632 -0.516934
2480 3.4012251000000004 11.449692450000002 -6.856042230000001 -0.206102 0.06717000000000001 -0.367926
2500 4.90230225 8.36984295 -5.160815370000001 -0.28426 -0.179801 -0.077599
2520 3.07804446 6.94570563 1.73084697 -0.423316 -0.26452 -0.082735
2540 2.12931936 8.00190909 5.53683267 -0.312811 -0.112631 -0.067202
2560 1.8676670400000002 8.561442060000001 3.44943144 -0.130365 -0.250018 0.032525
2580 3.05380395 9.44431263 -0.91339929 -0.123664 -0.28786100000000003 0.166148
2600 4.1441364 9.298663560000001 -1.36934847 0.08918999999999999 -0.12355 0.449435
2620 3.52396782 8.91666216 -0.94183848 0.5912229999999999 -0.404541 0.7524029999999999
2640 3.4664910300000007 8.615338200000002 0.09490194 1.184336 -0.462684 1.191387
2660 3.1503441600000004 8.65545129 1.19945889 1.895188 -0.001223 1.5910030000000002
2680 2.8110064500000003 9.04808673 1.2060414 2.499766 0.355937 1.79239
2700 2.3243617800000003 9.63052605 0.28560834 1.68533 2.933436 2.0825
2720 1.9872705600000002 9.97375833 -0.02110131 1.843057 1.4001290000000002 1.7736459999999998
2740 3.13867026 9.52290054 0.8138572199999999 2.309394 -0.438508 1.096666
2760 4.8041139600000005 8.61697647 1.3320802800000002 1.643649 -0.358531 1.652729
2780 4.932242370000001 7.63412238 1.4275806300000002 1.120411 -0.223658 1.411756
2800 4.06194822 7.56811089 0.9999234900000001 0.7412569999999999 0.5853430000000001 1.360001
2820 3.99653514 8.883877140000001 0.14579622 0.740084 0.796392 1.5958
2840 4.53601647 10.7757945 0.47825712 0.836976 0.124811 2.158154
2860 4.56565248 11.045981520000002 1.04766876 0.7875949999999999 -0.67485 2.376751
2880 5.658084270000001 11.72856132 0.02529999 0.298672 -1.320511 2.028059
2900 5.4826520400000005 12.557388600000001 -0.01946304 -0.441308 -1.84699 1.396519
2920 3.4798130100000004 11.826308160000002 -0.40311252 -0.8339340000000001 -1.5182209999999998 0.772718
2940 2.3281092 10.242002970000001 -1.4531749200000001 -0.735676 -0.758275 0.320572
2960 4.14038898 12.248432460000002 4.278847320000001 -0.543867 -0.182397 -0.002497
2980 -0.9831582000000001 12.46038732 -2.71894941 -0.5888680000000001 0.059279 -0.194333
3000 -0.46403262 8.876539260000001 1.02491937 -0.7374189999999999 0.348896 -0.56321
3020 1.61589339 8.83986948 0.5104339200000001 -0.681772 0.656217 -1.007595
3040 3.7368252 10.583145720000001 0.08083440000000001 -0.479911 0.730825 -1.458139
3060 4.36297788 11.116633140000001 -0.7735871700000001 -0.313677 0.366145 -1.7791130000000002
3080 4.64963589 11.097327060000001 -1.7564510700000002 -0.317883 -0.351759 -1.798519
3100 5.1422548500000005 9.2925225 -2.2441356 -0.639625 -0.540995 -1.615721
3120 5.33849409 7.83081288 -2.46312423 -0.931705 -0.435563 -1.089127
3140 5.55404922 7.0193493 -2.7000847800000005 -0.99866 -0.583313 -0.579863
3160 5.32442655 6.42149847 -1.6229271600000001 -0.950991 -0.554075 -0.473814
3180 4.30414731 5.676948899999999 -0.7744896900000001 -0.95114 -0.520255 -0.40656
3200 3.7196184600000004 5.295840210000001 -0.85801203 -0.8602549999999999 -0.504478 -0.434788
3220 3.9431000700000003 5.23955043 -1.1696659200000001 -0.594696 -0.011386 -0.632254
3240 3.88277838 5.88696138 -0.96758973 -0.193814 1.175823 -0.570086
3260 3.1403183400000003 5.83217253 -0.76805433 0.27973400000000004 1.6884130000000002 -0.495865
3280 2.65188825 5.288051070000001 -1.01833686 0.255065 1.178366 -0.263579
3300 3.1190600699999997 5.100042419999999 -1.20589425 -0.708908 1.068845 -0.011663
3320 4.065244379999999 5.219194679999999 -1.53955197 -0.544135 1.113148 -0.310739
3340 5.908965210000001 6.205492080000001 -2.3879796300000002 0.645125 0.484018 -0.388151
3360 7.00602732 6.909477300000001 -2.8741730400000005 1.408623 0.294605 0.229515
3380 4.89258054 5.996234970000001 -2.5852783500000003 0.199382 0.37003 1.594706
3400 2.64185262 4.16614023 -1.9393683300000002 0.201445 -0.365098 1.348903
3420 1.3781872800000001 3.19360626 -1.38267045 0.380547 -1.466836 0.98837
3440 0.93585438 2.9993094000000005 -1.518588 -0.388704 -0.00947 0.307081
3460 1.3528872900000002 4.75621173 -1.5458401800000001 -1.286011 0.26276700000000003 -0.127892
3480 1.55421792 6.85574793 -1.5349118400000004 -1.569411 -1.090365 -0.622725
3500 2.3426280000000004 8.56758312 -1.04512797 -1.5418889999999998 -1.315586 -0.800637
3520 2.87641953 9.0727785 -1.7661727800000002 -1.21375 -1.543976 -0.447675
3540 3.4212865500000005 10.03708188 -2.05837344 -0.7772180000000001 -1.942885 -0.16958199999999998
3560 5.419779750000001 14.29811424 -2.13036903 0.395975 -0.778513 0.13835899999999998
3580 4.04742942 13.484561130000001 -0.18935262 0.172876 0.236774 -0.486205
3600 5.8601604599999995 14.487025410000001 0.23022108 0.020944 -0.025045 -0.414292
3620 8.16312663 18.042728580000002 1.32504651 0.196168 0.011927 0.044084
3640 14.9754555 20.28566736 -2.1710805300000002 0.178106 -0.133192 0.11998699999999997
3660 14.93998254 11.682758430000002 -5.052738600000001 0.313128 -0.090582 0.269359
3680 7.71869439 11.58575715 -1.2584366100000002 1.0454450000000002 1.05483 0.373419
3700 4.28065236 10.41518871 1.9746941400000002 1.191725 0.952569 0.245317
3720 2.5423105500000003 10.54167885 1.46440737 0.8908229999999999 -0.078342 0.170829
3740 0.27901602 9.32889798 -0.26884305000000003 1.185925 -0.13481 0.449632
3760 0.6980011199999999 8.60336019 1.89206451 2.67278 0.8366469999999999 1.04309
3780 2.71311246 6.645725639999999 1.9696027500000002 3.0192240000000004 0.498217 1.7253330000000002
3800 3.2705460900000003 4.67223813 -0.24279750000000003 2.3774450000000003 -0.633521 2.384598
3820 5.12220321 3.66662484 -3.56394357 1.840103 0.012596 2.710097
3840 2.74215006 7.50284496 -3.7830793500000004 -0.092491 2.283893 2.222602
3860 -0.20597076000000003 6.00820317 -0.83975562 -0.057247 2.643266 2.098474
3880 0.08232552 4.782855690000001 2.42420796 -0.296829 1.126873 1.900054
3900 3.04032501 4.43872089 2.5468035300000005 -0.109293 0.33483 1.873537
3920 4.3641747 4.513865490000001 1.10336013 0.179074 -0.13263 1.574912
3940 6.05625255 4.431235860000001 -1.75090842 0.029833 -0.500388 0.6994670000000001
3960 5.6598795 5.10842997 -2.7554720400000003 -0.632833 -1.01725 -0.272309
3980 5.1663580200000006 5.558395050000001 -2.33918469 -1.00917 -0.58844 -0.6205229999999999
4000 4.57404003 4.75530921 -1.3069274400000002 -0.80195 0.14823699999999998 -0.410648
4020 4.71534327 5.25676698 -2.6360156700000004 -0.390518 -0.406429 -1.118499
4040 6.46610454 8.15683842 -5.5815957 -0.283775 -0.718904 -1.921724
4060 5.964499620000001 10.65798621 -3.8737924200000005 -0.530569 -0.321021 -2.639666
4080 6.3165609 14.463373500000001 -3.4040700000000004 -0.85755 0.340117 -3.0551310000000003
4100 9.23325048 22.04824968 -1.37070225 -1.001169 -0.0397 -3.052443
4120 11.542799160000001 26.7141996 -4.87761048 -0.738287 -0.825782 -2.5048060000000003
4140 9.88020036 13.585152870000002 -4.93523442 -0.624748 -0.216324 -1.037057
4160 10.39782501 6.93717093 -1.7435705400000001 -0.250952 1.413157 -0.199048
4180 11.371104540000001 5.749542900000001 -1.7232147899999999 0.301244 3.4543 -0.429611
4200 11.36556189 5.2895520000000005 -4.33812915 0.170874 3.169264 -0.431225
4220 7.47770193 6.193366920000001 -5.38759314 -0.411791 1.048011 -0.386643
4240 1.0737143100000002 8.68119273 -2.8872007200000005 -0.982571 -0.11773 -0.608121
4260 -1.5181465500000002 5.929173810000001 -1.8904164300000001 -1.061603 -0.425111 -0.660622
4280 0.37795968 3.81900357 -2.7390010500000006 -0.047362 -0.193421 -0.339778
4300 0.72419382 3.54777669 -1.37414556 -0.7595029999999999 1.309031 -0.6244149999999999
4320 1.2055901400000002 4.32914319 0.32542713 -1.102697 1.140769 -0.872288
4340 1.7414810100000002 4.93298793 0.95097159 -0.167853 0.353147 -0.521849
4360 2.76848991 5.85357795 -0.45025938000000004 1.085104 0.570086 0.083761
4380 4.83509394 7.00542891 -3.1744473300000005 0.070773 0.302678 0.701928
4400 7.82497593 8.689727430000001 -2.02004577 -0.781097 0.197519 1.895726
4420 7.59161565 7.24493025 -0.6962058900000001 0.326546 -0.289738 1.841062
4440 4.06375326 4.75949808 -0.49681764000000006 0.5895859999999999 -0.658406 1.102026
4460 2.3414311800000007 3.0198221100000002 -1.50362775 -0.518474 -0.8367690000000001 0.5807
4480 2.50324713 3.66812577 -3.4450856100000005 -1.68187 -0.801661 0.003166
4500 4.35414888 6.449937660000001 -2.49935256 -1.963625 0.762279 -0.313795
4520 3.7968525900000003 6.90409161 -1.24091595 -1.392852 1.578835 -0.680459
4540 3.45077541 6.433770780000001 -2.11929354 -0.631892 -0.438712 -1.094506
4560 4.52553939 12.692560590000001 -0.8674492500000001 0.339963 -1.363516 -0.569513
4580 3.3223428900000003 14.292277290000001 1.3063290300000001 0.5574359999999999 0.460799 -0.366302
4600 4.7834541 17.10567738 -0.6195603599999999 0.403184 0.559455 -0.12929200000000002
4620 6.08110128 14.864837940000001 -0.70264125 0.469701 -0.361805 0.29430100000000003
4640 8.797058640000001 15.434553690000001 0.57569985 0.363443 -1.304691 0.681463
4660 13.423336920000002 18.807486750000002 -1.4566182300000001 0.241416 -1.407434 0.906137
4680 15.258670200000001 15.7183668 -0.70742853 0.56575 -0.523058 0.842108
4700 11.239081559999999 10.414139040000002 -0.62390619 1.054351 -0.038111 0.6237779999999999
4720 8.163577890000001 4.712949629999999 -1.76273928 0.941798 -0.114585 0.66475
4740 6.7340450700000005 1.9886145300000002 -1.6021201500000002 0.458308 -0.11201400000000003 0.707303
4760 3.9565692 4.0300657200000005 2.1157030800000003 0.201453 -0.097092 0.661693
4780 1.29735288 7.50659238 6.70979475 0.262492 -0.1458 0.80105
4800 -0.06452037000000001 10.74645279 4.8120404400000005 0.911668 -0.250301 1.06316
4820 -0.5104339200000001 7.69250169 -2.72029338 2.206803 -0.158199 1.416056
4840 4.76114616 6.00521112 -2.5274974500000003 2.560956 -0.142173 2.161992
4860 6.352789230000001 6.515802000000001 -2.78630487 2.220533 -0.612561 3.1387080000000003
4880 5.323828140000001 6.25923126 -1.10395854 1.395987 -0.009027 3.70581
4900 4.59214929 5.18925456 0.8749342800000001 0.7278789999999999 2.193139 2.6279630000000003
4920 4.21283583 3.7832363100000004 1.75210524 0.726059 1.883503 2.007711
4940 4.65561999 2.80022526 1.08942993 0.338015 1.574139 1.387964
4960 4.56521103 2.24218341 -0.5536960200000001 -0.410123 0.98151 1.321541
4980 3.46603977 2.5930576800000003 -1.5197848200000001 -0.536637 0.091758 1.7587
5000 3.6705194100000003 3.5106458400000005 -0.8081674200000002 -0.7529560000000001 -1.82003 0.254514
5020 4.6622025 4.0689918 -0.24040386000000002 -1.144948 -2.012713 -1.035184
5040 5.91210441 4.1501205 -0.07184844 -1.083321 -1.051476 -1.444046
5060 6.32569401 5.409901080000001 -0.21720321 -0.742643 -0.281223 -1.221532
5080 6.190080570000001 5.928575400000001 -1.06024518 -0.407603 -0.016151 -1.200303
5100 7.378159860000001 7.21185093 -3.0795453900000003 -0.224844 0.02254 -1.709686
5120 9.70266879 10.338700140000002 -3.05529507 -0.241495 -0.031466 -2.573925
5140 10.093656150000001 13.406424480000002 -2.13531327 -0.180494 0.557754 -3.455537
5160 10.934010180000001 19.41807096 -2.75861124 0.18151 1.176089 -3.621512
5180 10.365344100000002 25.236774360000002 -0.42272271 0.434188 0.129669 -2.962517
5200 8.835523649999999 15.31240938 -3.843558 0.13886400000000002 -0.870791 -1.867303
5220 10.45126989 6.0495228899999995 -1.02057354 -1.061258 0.394072 -0.39141
5240 12.745397250000002 3.52696968 -1.10140794 -1.492316 1.129643 0.115247
5260 16.74088272 3.6077942700000003 -4.71608883 -0.716749 1.072458 -0.6409050000000001
5280 15.754438170000002 6.40712682 -7.8926355 -0.297639 0.412179 -0.785614
5300 10.79165727 7.6350248999999994 -4.267026270000001 -0.105246 0.221172 -0.339645
5320 4.50862695 7.53637554 -1.4552742600000002 -0.346231 1.354951 0.053528999999999986
5340 0.6390234 5.3191880099999995 -0.15447807000000002 -1.058132 2.746211 -0.396538
5360 -1.05156333 3.3392553300000003 0.09759969 -0.102901 1.2826540000000002 -0.990468
5380 -1.51021026 1.87305273 -0.16226721000000002 1.662941 -1.216682 -1.139437
5400 -0.59081706 2.49815574 -0.50549949 1.068133 -0.420416 -0.218463
5420 0.88017282 3.4923894300000002 -0.19414971 -0.7005859999999999 0.804982 0.96402
5440 1.4844590100000001 3.02355972 -0.87567984 -0.235072 -0.574755 1.410216
5460 2.9933253000000004 3.5654346900000005 -2.6457471900000002 0.575897 -1.186468 0.7693220000000001
5480 7.72408989 6.104606040000001 -3.6095895000000002 -0.287999 -0.7369680000000001 0.19869
5500 11.470646610000001 6.89870592 -1.8670686300000001 -1.375478 -0.092005 -0.041537
5520 7.96837851 5.037327090000001 -1.9404180000000002 -1.910225 0.8595379999999999 -0.705584
5540 4.26657501 3.9790242900000004 -2.7065201400000003 -1.858531 0.332689 -0.865849
5560 3.25198557 3.80044305 -2.2978747800000003 -1.24002 -0.604973 -0.548407
5580 3.2913531 5.05184589 -1.7583934500000002 -0.023344 -0.534442 -0.327422
5600 5.86555596 9.53846901 -1.06698465 0.29372600000000004 0.385046 -0.640443
5620 5.72095656 11.41840836 1.7085488400000002 0.051695000000000005 0.726495 -0.5710000000000001
5640 6.07241943 15.253578810000002 -0.70293555 -0.043646 0.016996 -0.482095
5660 5.270088960000001 18.381928950000002 -1.4129146799999999 -0.268784 -0.475284 -0.256573
5680 7.66884978 19.027682010000003 1.92559509 -0.321648 -0.3874510000000001 0.201212
5700 15.219449820000001 19.658474820000002 -0.055230299999999996 0.173371 0.182477 0.303284
5720 15.54038397 11.72571642 -0.52870014 0.589493 -0.176385 0.175259
5740 11.196270720000001 7.224574500000001 -2.03845914 0.445226 -1.077623 0.037606
5760 7.308705060000001 5.447767679999999 -1.96885719 0.097589 -1.235306 0.07810800000000001
5780 3.3894040500000004 6.79781007 1.0493168400000001 0.079462 -0.968922 0.34362800000000004
5800 2.48468661 8.892558990000001 3.9339669600000002 0.579198 -0.8481479999999999 0.609746
5820 2.5065334800000003 8.22165309 3.77305353 0.916204 -0.625454 1.103197
5840 2.54381148 6.380031600000001 1.4319264600000001 0.6542640000000001 0.10885 1.247841
5860 4.605471270000001 5.0010987600000005 -1.6597440900000002 0.7208399999999999 0.5310630000000001 1.099282
5880 4.88105379 5.9318617499999995 -1.8197648100000001 1.250493 0.065147 1.004234
5900 2.7413946900000004 7.63412238 -1.5027252300000002 1.88447 -0.598248 1.717744
5920 3.51588438 7.42081374 -0.38874087000000007 1.818215 -1.018897 2.273295
5940 5.592367080000001 6.014040120000001 1.02297699 1.352638 -0.121646 2.072341
5960 6.20938665 5.34867687 1.4826637800000002 0.450224 0.773511 1.974091
5980 7.04883816 5.56887213 0.12005478000000001 -0.106033 1.274593 2.089205
6000 6.323751629999999 5.87887794 -1.18389042 -0.018486 1.263626 1.825979
6020 4.520448 6.11254233 -0.93331359 -0.561138 1.175568 1.407832
6040 3.3465932100000004 5.216801040000001 -0.13367106 -0.636671 0.230996 1.125436
6060 3.2856633000000004 2.64155832 -0.08382645000000001 -0.692802 -0.8396170000000001 0.910635
6080 3.8953449900000003 1.0584499500000002 -0.6679138500000001 -0.8709290000000001 -1.602664 0.6101979999999999
6100 5.782023810000001 1.1229605100000002 -0.9391505400000001 -0.827808 -1.7223099999999998 0.390599
6120 7.241486940000001 6.10909902 -0.42451794000000004 -0.6512720000000001 -0.8148029999999999 -0.001369
6140 6.355486980000001 7.95281004 -0.7921575000000001 -0.601475 -0.377528 -0.438484
6160 3.98067237 6.279439860000001 -1.91062503 -0.544218 -0.314709 -1.0118
6180 4.47674445 5.12878572 -2.6467968600000003 -0.251165 0.06856699999999999 -1.7419759999999995
6200 7.9914320100000005 7.93379826 -2.53602234 0.205917 1.114894 -2.460105
6220 9.81793629 11.728855620000001 -0.65653425 0.786883 2.124936 -3.003203
6240 12.656626560000001 15.68977065 0.7762849200000002 0.8182010000000001 1.548197 -3.190252
6260 13.874047560000001 18.80554437 -1.6946284500000002 0.547149 -0.075285 -2.423082
6280 10.97577135 17.22213189 -1.2750449400000001 -0.086135 -1.5685639999999998 -1.402235
6300 9.36318393 12.77802531 -3.9627102600000006 -1.18047 -0.572354 -0.232907
6320 10.696156920000002 7.99980975 -2.42151021 -1.757643 0.765029 0.151249
6340 9.668245500000001 7.071146100000001 -2.86279344 -1.035346 0.362425 -0.491601
6360 8.057296350000001 8.80978221 -3.1121734500000002 -0.361828 0.28196 -0.400267
6380 7.18311744 8.820857700000001 -3.7721510100000004 0.160398 0.652068 0.097493
6400 5.84639703 8.291412 -1.8574842599999999 0.283638 1.2887309999999998 0.615626
6420 3.4247298600000002 6.849606870000001 -1.87365114 -0.592404 2.537577 0.224414
6440 1.96706196 5.175638280000001 -0.88690248 -0.208393 1.345844 -0.717821
6460 1.5865516800000001 4.00776759 -0.01751085 1.185263 -0.894234 -0.643259
6480 1.2936054600000002 3.5992693800000004 0.16750575 1.034076 -0.478143 0.659451
6500 1.6121459699999998 2.2526703000000006 0.8566680600000001 -0.8875540000000001 2.1884 1.219451
6520 2.16794133 2.91459024 -1.2271525200000002 0.08984199999999999 1.269908 1.227455
6540 2.02364604 3.84101721 -2.31344325 0.596658 -0.934754 0.674072
6560 4.735100610000001 4.38572727 -3.4742703600000002 -0.548883 -1.005842 0.5304979999999999
6580 10.436751090000001 6.402633840000001 -3.42951714 -0.6863640000000001 -0.123022 0.190848
6600 10.41294222 5.7532903200000005 -0.76760307 -0.609637 0.460809 -0.15653599999999998
6620 6.386319810000001 4.3385804100000005 -2.1402477 -0.773354 0.396116 -0.353082
6640 3.5398404 3.99803607 -3.7133302500000003 -0.835606 0.040564 -0.627594
6660 3.2226438600000002 5.9859050400000005 -2.25131652 -0.5981529999999999 -0.39982 -0.726852
6680 2.9415285 7.99637625 -3.4376005800000002 -0.135236 0.161646 -0.612175
6700 6.3834749099999994 12.555593370000002 -1.60451379 0.202235 0.401511 -0.682764
6720 6.56430264 11.99006649 2.9867427900000005 0.167991 0.103613 -0.481796
6740 6.285875219999999 15.2703441 2.0945919600000003 0.049025 -0.086267 -0.313604
6760 4.432432680000001 13.59771948 0.49741605 0.091932 0.010451 -0.029281
6780 11.61614853 14.265633330000002 1.6593026400000002 0.284804 0.036097 0.050013
6800 16.00636878 10.61802027 3.01114026 0.403061 -0.321913 -0.033092
6820 19.3715127 5.720505300000001 -6.08470155 0.289166 -0.722125 -0.017351
6840 11.9644722 7.639665030000001 -0.33784659 0.049101 -0.986447 -0.04219
6860 5.116660560000001 10.361155230000001 2.60338761 -0.072725 -1.144183 0.082143
6880 5.01037902 8.89959276 2.0910015 -0.044495 -1.098111 0.25747
6900 4.285292490000001 9.19148931 -0.00928026 0.214323 -0.7313390000000001 0.486339
6920 4.657562370000002 9.206459370000001 2.18126331 0.247517 0.11819 0.597645
6940 4.11928767 6.3441073800000005 1.3828274100000002 0.025418 0.180333 0.7007
6960 5.188509000000001 4.97984049 -0.60159825 0.587626 -0.327537 0.6796409999999999
6980 5.57111862 5.5616814 -1.8492536700000002 1.389756 -0.74628 0.539434
7000 3.01578039 7.28864361 -0.9382480200000001 2.571361 -1.182228 1.175292
7020 3.50301366 6.91875756 0.40880232000000005 2.799507 -0.003117 2.877052
7040 5.472018 4.94047296 1.20424617 1.189651 0.947897 3.807829
7060 6.83193906 4.57059672 1.1280519 0.8328450000000001 0.333557 3.769804
7080 7.38983376 4.4518957200000004 -0.0782838 0.17641400000000002 0.057265 2.838356
7100 6.7919731200000015 4.99496751 -0.70833105 -0.119289 1.33969 1.539963
7120 6.56968833 5.013822330000001 -0.17693316 -0.257814 1.204297 0.887553
7140 5.71856292 4.26432852 0.022003830000000002 -0.295703 0.663998 0.7053149999999999
7160 5.125793669999999 2.37646269 -0.17483382000000003 -0.444998 -0.018381 0.719033
7180 4.69109295 1.55421792 0.27273762 -0.972953 -1.3327870000000002 0.076097
7200 4.57748334 2.51702037 0.47376414 -1.455692 -2.318296 -0.804091
7220 6.06613122 8.4678939 1.27145448 -1.364236 -1.92462 -1.296407
7240 6.364610280000001 9.847121040000001 -0.16226721000000002 -1.058848 -0.686743 -1.301201
7260 4.50128907 7.12249164 -1.11577959 -0.882649 -0.003081 -1.126726
7280 2.7165557700000003 3.33940248 -1.4733835200000003 -0.7584569999999999 0.218406 -1.477588
7300 4.61969577 3.45646521 -3.22789221 -0.8426610000000001 0.55138 -2.354544
7320 11.00735955 6.51879405 -3.49777512 -0.827702 0.732344 -3.132337
7340 12.70662813 8.87938416 -1.4115609000000002 -0.6412100000000001 0.15442899999999998 -3.426192
7360 13.27663818 12.15846495 -1.8646749900000001 -0.280001 -1.81113 -2.909472
7380 14.125674060000001 14.92785738 -2.32961013 -0.652814 -1.42043 -1.458726
7400 14.262190020000002 13.897699470000001 -0.94078881 -1.3553110000000002 0.592913 -0.045478
7420 11.39760135 11.049120720000001 -2.82088512 -0.960977 2.358995 -0.084511
7440 12.731928120000001 6.76967499 -3.1472049600000003 -0.116514 2.166637 -0.397764
7460 14.343769980000001 4.58870598 -4.024532880000001 0.31703200000000004 0.784924 0.037528
7480 11.924055000000001 5.08492521 -4.976102879999999 0.396757 -0.865663 0.353189
7500 9.53622252 4.67972316 -3.78233379 -1.074485 0.888058 -0.038554000000000005
7520 5.92258149 5.1582745800000005 -1.7756100000000004 -1.307017 1.7265580000000005 -0.401243
7540 1.9393683300000002 5.251234139999999 -1.55107872 -0.302252 0.716395 -0.402544
7560 -0.17513793000000002 4.37959602 -1.06698465 1.05252 -0.940531 0.12606199999999998
7580 -0.5740517699999999 2.9588922 -0.06675705 0.942327 -1.15855 0.928874
7600 0.78541803 2.73796119 0.7587740700000001 -0.61415 1.112606 1.747237
7620 1.4888048400000002 3.0548438100000004 0.31703958 -0.147075 0.712067 1.873858
7640 1.88637471 3.3889527900000003 -0.7445495700000001 0.493084 -1.492449 0.370689
7660 2.76594912 3.7895245200000005 -3.41469423 -0.384517 -1.596163 0.16172899999999998
7680 8.48031336 6.62582115 -2.8391415300000005 -1.719834 1.454532 -0.21470300000000006
7700 10.94883309 7.9339552200000005 -0.30237363000000006 -2.038467 2.534026 -1.361309
7720 6.62357466 5.582341260000001 -0.60009732 -1.6828580000000002 -0.66665 -1.7884220000000002
7740 3.35332287 4.54096071 -2.35490031 -0.587298 -2.016117 -1.200064
7760 4.09083867 3.73863024 -2.36149263 0.5109239999999999 -0.401985 -0.614417
7780 4.364773110000001 5.4687316500000005 -4.70352222 0.231332 0.7600720000000001 -0.864618
7800 6.480319230000001 12.433890510000001 -2.90995011 -0.183569 0.497537 -0.918454
7820 5.85597159 11.72781576 2.08081872 -0.687501 -0.030258 -0.893524
7840 7.37216595 13.91386635 2.0549301300000002 -0.897006 -0.221815 -0.760146
7860 7.38429111 14.34960693 4.04099406 -0.35790500000000003 -0.259256 -0.389932
7880 10.862465850000001 13.50102231 2.94497181 0.438605 -0.303808 -0.328764
7900 17.68197564 13.28787063 0.32467176000000003 0.547516 -0.435671 -0.48059
7920 17.952015510000003 7.2614012400000005 -3.37608207 0.058102 -0.550316 -0.424041
7940 16.542102690000004 5.059026810000001 -4.73585598 -0.316098 -0.7183109999999999 -0.179681
7960 9.42769449 4.60742346 -1.9276944300000003 -0.217142 -1.017877 0.056403
7980 3.7094356800000003 7.2274194 3.5374467600000004 0.31690300000000005 -1.143114 0.276075
8000 2.7605634300000004 9.820182780000001 9.01080873 0.563555 -1.412008 0.439444
8020 1.09602225 11.642037120000001 2.90275938 0.415817 -1.718468 0.482602
8040 0.90651267 7.446859290000001 -0.25836597 0.503149 -1.839753 0.633987
8060 5.43370014 4.544247060000001 -3.04152183 1.0693780000000002 -2.079315 1.176633
8080 6.5428972199999995 6.11463186 -2.95276095 1.216594 -1.992511 1.984057
8100 5.3271243 7.219787220000001 -1.043784 1.01162 -1.101843 2.669419
8120 5.1880577400000005 6.33781917 1.19121849 1.001983 -0.609971 2.216863
8140 5.035080600000001 5.08222746 2.65577301 0.906396 0.582661 1.886723
8160 5.087318850000001 4.304598570000001 2.65143699 0.573321 0.854081 1.965234
8180 5.54312088 4.76399106 0.7626686400000001 -0.002188 -0.440111 2.433958
8200 6.774462270000001 4.028270490000001 -0.046107 -0.518898 -1.236055 2.661037
8220 7.762859010000001 3.06787149 -0.50535234 -1.423259 -1.890306 2.156698
8240 7.73022114 2.24562672 -1.62637047 -2.762536 -2.694654 0.938079
8260 7.375766220000001 1.8196176600000002 -1.3897140300000002 -3.272106 -2.786002 0.514825
8280 7.44312168 1.5813131400000002 -0.6692578200000001 -2.921984 -2.367115 0.419526
8300 6.893761680000001 2.75576634 -0.03652263 -2.55362 -1.969418 0.279516
8320 7.08027921 4.80126906 -0.20597076000000003 -2.448102 -1.814128 -0.01798
8340 7.381299060000001 6.059852820000001 -1.6723205100000003 -2.453269 -1.213869 -0.40655
8360 7.444622610000001 6.97070151 -3.35302857 -2.666251 0.133827 -1.050698
8380 7.5914586900000005 9.69593913 -2.6053299900000004 -2.717486 1.201542 -1.881364
8400 9.44041806 12.191397120000001 0.90651267 -1.485953 -1.189767 -2.208324
8420 9.70342416 14.84313822 3.6389312100000004 1.021099 -3.512695 0.034066
8440 13.28053275 27.462339630000002 -2.10716838 1.42953 0.738221 4.35243
8460 11.764485539999999 24.46452135 1.06608213 -0.25712 0.949676 3.818017
8480 10.10054277 11.59683264 -2.41746849 -1.399851 -1.098854 0.818434
8500 12.57489945 4.18903677 -4.74528339 -1.842125 -2.408504 -1.086549
8520 14.39152506 2.6701446600000005 -4.01554692 -2.543653 1.208194 -2.097007
8540 12.475955790000002 5.219498790000001 -5.3157447 -2.414674 4.2839800000000015 -2.5583150000000003
8560 8.683439220000002 8.12734956 -3.51813087 -1.449731 1.026469 -2.355121
8580 5.86630152 6.61219506 -0.7920005400000001 -0.398389 -3.738472 -0.08238200000000001
8600 3.2364171 4.75681014 1.0102534200000002 0.178531 -4.657828 0.487916
8620 1.9959524100000001 4.32555273 1.0844955 -0.963687 -3.211394 -0.06671
8640 1.94999256 3.81137139 1.28956374 -2.672825 0.352263 -0.792514
8660 1.7588447100000002 3.6268060500000003 2.6020436399999998 -3.625280000000001 1.719613 -0.916287
8680 1.40063256 3.3678416700000002 3.4706799 -3.208561 0.8629370000000001 -0.962485
8700 1.2156257700000002 3.3876088200000005 2.34023436 -1.934943 -1.131168 -0.757685
8720 2.20701456 6.4990367099999995 -7.04869101 0.1043 -1.762263 -0.28222800000000003
8740 11.34505899 12.260557620000002 -6.001316550000001 1.427654 -0.309108 0.13855499999999998
8760 12.71186667 7.8405444 -0.7951495500000001 -0.045804 0.726575 -0.240533
8780 11.427090210000001 6.17540481 -0.16466085 -2.3347990000000003 -0.135743 -0.5256770000000001
8800 7.88440491 0.71536482 -3.92678604 -3.550978 -1.356477 -0.8210270000000001
8820 4.9716099 -1.6115475600000002 -9.055718910000001 -2.868607 -2.047611 -0.937153
8840 3.6727659000000004 5.0584284 4.34157246 -1.192358 -1.052023 -0.681029
8860 7.447614659999999 12.801981330000002 6.991361370000001 -0.5763119999999999 -0.651748 -0.615282
8880 14.93623512 24.68815992 6.41026602 -1.007113 -0.8516450000000001 -0.867999
8900 10.778933700000001 14.785053210000001 -0.09086022 -1.63422 -0.845132 -1.15333
8920 5.68817154 5.767505010000001 -4.53436839 -1.792572 -0.4950729999999999 -1.178385
8940 4.42105308 2.7849609000000006 -1.57936095 -1.274825 0.032734 -0.952187
8960 3.3474859200000004 2.74215006 4.10895774 -0.321179 0.42504 -0.5187390000000001
8980 3.2115683699999997 3.48370758 4.98882645 0.51894 0.373961 -0.195544
9000 4.5195552900000004 5.24958606 4.66444899 0.451395 0.058891 -0.199885
9020 6.17795541 6.555463830000001 4.42180845 0.033365 -0.14203 -0.207888
9040 7.29912069 8.967399480000001 2.03831199 -0.151827 -0.37207 -0.062541
9060 8.733587940000001 11.584256220000002 -1.9778333399999999 -0.238725 -0.447418 0.207209
9080 7.04510055 7.52739939 -3.2437549800000003 -0.210125 -0.625732 0.551605
9100 4.66849071 5.72424291 -0.81939987 -0.090954 -1.108862 0.854295
9120 4.50219159 7.22667384 2.39382639 0.00528 -1.7112189999999998 1.155909
9140 5.4256167 7.8522183000000005 3.89459943 0.6260100000000001 -1.86835 1.28436
9160 6.439009320000001 6.721468649999999 3.3133569300000003 2.109971 -1.235069 1.469103
9180 6.014942639999999 6.78972663 0.55340172 2.848166 -0.791142 1.701221
9200 5.11247169 8.15339511 -0.22199049 2.483833 -0.400113 1.732359
9220 4.810245210000001 8.63674362 0.8509782600000001 1.521261 -0.074765 1.391933
9240 4.43467917 8.40097989 2.32421463 0.280997 -0.432741 1.146583
9260 3.87154593 8.41370346 3.30692157 -0.736492 -0.720478 1.257349
9280 4.35998583 8.28436842 3.20468175 -0.8887940000000001 -1.225376 1.644697
9300 6.03484713 7.883060940000001 2.186649 -0.075032 -1.864287 2.738649
9320 8.643777390000002 6.96965184 0.42556761000000004 -0.050187 -2.011361 2.999658
9340 8.37359037 6.674773050000001 -0.77374413 -0.5716319999999999 -1.872772 2.361314
9360 9.27950463 7.556888250000001 -0.062116920000000006 -1.3723530000000002 -1.4423860000000002 1.720645
9380 9.859697460000001 7.36618185 1.91017377 -1.800007 -1.193755 1.453489
9400 9.39086775 6.849754020000001 3.50451459 -1.795196 -1.072441 1.215154
9420 8.75155005 6.66953451 3.85418223 -1.988936 -1.111808 0.8389049999999999
9440 7.61122584 7.68412395 2.9056042800000004 -2.192218 -1.382278 0.455408
9460 6.430925879999999 9.50119101 1.15409745 -2.237818 -1.493387 0.042898
9480 5.2462899 9.397312920000001 -0.5803399800000001 -2.27331 -1.346366 -0.461739
9500 4.30789473 8.333320319999999 -0.59905746 -2.2966830000000003 -1.116286 -0.968534
9520 4.143979440000001 9.32605308 -0.70144443 -2.152931 -0.980382 -1.24651
9540 4.68944487 10.650648330000001 0.84798621 -1.881068 -1.051525 -1.273362
9560 4.693937850000001 9.32680845 0.8440916400000001 -1.555794 -1.235043 -0.950388
9580 5.51228805 7.44207201 2.274968430000001 -1.370725 -1.116082 -0.224993
9600 7.269935940000001 7.2314611200000005 3.1034916 -0.695535 -0.751236 0.656265
9620 10.693164870000002 6.712492500000001 1.21038723 -0.339424 -0.06961 0.917457
9640 11.2878765 6.42478482 1.09482543 -0.317543 -0.30803600000000003 0.317575
9660 9.883496520000001 6.62821479 0.31988447999999997 -0.7128770000000001 -0.6532899999999999 -0.37802
9680 8.040531060000001 6.924153060000001 0.09205704 -1.154379 -0.14263299999999998 -0.625313
9700 6.03260064 7.162153470000001 -0.08038314 -1.4645629999999998 0.019968 -0.526207
9720 5.2197930900000005 6.28812171 -0.07559586 -0.910692 -0.895966 -0.524369
9740 6.388860600000001 5.19749496 -0.42346827 -0.161396 -0.855824 -0.556574
9760 6.364914389999999 4.7171385 -0.1070271 -0.397926 -0.668308 -1.156671
9780 6.03215919 4.50937251 0.33126408 -1.253782 -1.0781459999999998 -1.287106
9800 5.6712591 4.581525060000001 0.6598304100000001 -1.98026 -0.6077640000000001 -1.07273
9820 5.006641409999999 4.53077793 0.4176313200000001 -2.145054 -0.037139 -1.10559
9840 4.87087101 4.63615695 -0.12618603 -1.811179 -0.07973200000000001 -1.133114
9860 5.823941939999999 4.79108628 -1.0548594900000001 -0.986654 -0.310763 -1.082193
9880 8.60171211 6.332727780000001 -2.8771650900000005 -0.146804 -1.317501 -0.46615
9900 13.35732543 10.621159470000002 -3.6782987400000002 -0.214724 -0.8575280000000001 -0.08479099999999999
9920 12.20142294 12.218786640000001 -3.3721875000000003 -0.991648 0.304097 -0.062864
9940 8.77550607 6.492150090000001 -0.19878984000000002 -1.7870849999999998 -0.00869 -0.007131
9960 8.19306675 4.88928438 -0.52106796 -1.7576330000000002 -0.548048 -0.216673
9980 8.09456454 6.18080031 -1.40153508 -1.23781 -0.439396 -0.399052
10000 8.824448160000001 8.23377825 -0.08935929000000001 -0.840242 -0.415762 -0.526629
10020 7.912392840000001 10.369689930000002 2.8589086800000003 -0.7564029999999999 -0.4876470000000001 -0.737459
10040 4.79557926 9.214689960000001 1.2552876 -0.970507 -0.536467 -0.863874
10060 2.55443571 5.9718276900000005 -1.40722488 -1.272141 -0.562742 -0.957814
10080 5.68068651 5.92557354 -1.24256403 -1.347148 -0.6529560000000001 -0.976382
10100 8.11447884 6.83463681 -2.26838592 -1.062248 -0.417305 -0.747163
10120 8.47567323 5.767652160000001 -0.29713509 -0.495809 0.168344 -0.376488
10140 7.431447780000001 5.67709605 2.9374867800000004 0.120569 0.506533 0.030103
10160 5.674104000000001 7.48578537 3.70285317 0.337407 0.21445300000000006 0.156974
10180 4.07377908 9.011259990000001 3.22953048 0.00018 -0.103709 0.094138
10200 2.3135904000000003 8.936262540000001 -0.06870924 -0.224347 -0.374867 0.166624
10220 3.03029919 7.12293309 -2.08186839 0.014238999999999996 -0.449149 0.420486
10240 6.02751906 6.358479030000001 0.21240612000000003 0.307524 -0.271908 0.863483
10260 7.7345669699999995 5.42636226 1.5308701200000001 0.648359 -0.422983 1.317916
10280 8.42432769 5.69190915 1.6462749600000002 1.105181 -0.800726 1.613215
10300 7.860753000000001 6.6743217900000005 1.281186 1.764627 -1.080684 1.788027
10320 4.837938840000001 8.75858382 -0.01482291 2.499863 -0.852866 1.987288
10340 3.4009308000000007 9.52723656 0.13202298 2.755408 -0.17018699999999998 2.072587
10360 4.01360454 8.32808178 0.8077161600000001 2.405721 0.637179 1.871489
10380 4.782708540000001 7.90595748 1.3686029100000001 1.7072009999999995 0.985426 1.4367379999999998
10400 5.24045295 7.4980576800000005 1.43072964 0.903446 0.797952 1.330952
10420 5.94204453 6.926841 0.9211884300000001 0.529774 0.34841700000000003 1.65152
10440 6.837628860000001 6.40832364 0.4656807 0.505764 0.583453 1.769624
10460 7.37426529 6.17032323 0.31000581 0.534958 0.094794 1.668973
10480 6.3322863300000005 6.858887129999999 0.4340925 0.305525 -0.228062 1.354795
10500 5.48040555 7.59415644 0.6843750300000001 -0.11614 -0.601349 1.031862
10520 5.759274420000001 7.52096403 1.10485125 -0.603475 -1.209308 0.843366
10540 7.29612864 7.419469770000001 1.0827002700000001 -1.004378 -1.152632 0.604416
10560 9.3124368 7.5258984600000005 1.0553009400000002 -1.202636 -0.742559 0.258538
10580 9.537419340000001 7.44806592 1.07132067 -1.302471 -0.542558 -0.119498
10600 8.794665 8.65200798 1.00949805 -1.392284 -0.518235 -0.529285
10620 6.737488379999999 10.529553690000002 0.8408052900000001 -1.37101 -0.489936 -0.963939
10640 5.3012258999999995 10.54512216 -0.38410074000000005 -1.199356 -0.396423 -1.320714
10660 4.9915242 9.53472159 -0.50714757 -1.003593 -0.4305890000000001 -1.470991
10680 4.6809199800000005 9.58726395 -0.25282332 -0.818409 -0.5494100000000001 -1.4877049999999998
10700 4.25475396 10.55126322 -0.2956341600000001 -0.7261449999999999 -0.8174899999999999 -1.393781
10720 4.0576122 11.23054686 0.39682431 -0.921314 -0.983107 -1.100103
10740 5.34583197 10.37163231 0.9068167800000001 -1.320723 -0.607536 -0.6365609999999999
10760 7.22906748 8.55890127 -0.22812174000000002 -1.468627 0.375491 -0.452983
10780 7.43324301 6.74767116 -0.92956617 -1.273871 0.985084 -0.685277
10800 8.058944430000002 5.347931310000001 -2.04025437 -0.904507 0.856678 -0.861993
10820 8.53285572 5.2835580900000005 -2.04654258 -0.414687 0.43302 -0.834528
10840 8.314906950000001 5.31140868 -2.4730029000000004 0.30591 0.15315299999999998 -0.735133
10860 7.72873002 5.01052617 -2.5077303000000004 1.012778 0.239503 -0.298744
10880 7.14823308 4.8469248 -1.21038723 0.437293 1.2628620000000002 0.823967
10900 6.60726063 4.29636798 -0.3930867 -1.159631 2.278124 0.596799
10920 5.675143860000001 4.02513129 -0.06151851 -1.313338 1.112658 -0.320384
10940 5.157529020000001 3.83726979 0.022602240000000003 0.011443 -0.497912 -0.435117
10960 4.5872148600000004 3.95866854 -0.05254236000000001 1.4635280000000002 -1.398695 0.326072
10980 4.057916310000001 4.245768 -0.17035065000000002 1.7414900000000002 -0.616239 0.747891
11000 3.96854721 4.168082610000002 -0.5846858100000001 1.51818 -0.542549 0.894719
11020 4.261483620000002 4.379439060000001 -1.3989942900000003 1.094114 -1.229906 0.793293
11040 4.87087101 4.870272600000001 -2.50968249 -0.188765 0.141944 0.363831
11060 5.22593415 5.43250332 -2.90201382 -1.034818 1.816986 -0.34070500000000004
11080 5.14824876 5.54222817 -2.1127110300000003 -1.369222 0.42602 -0.920235
11100 4.57897446 5.1385172400000005 -0.74545209 -1.347648 -0.916421 -0.89059
11120 3.04721163 4.30474572 -0.32706539999999995 -1.443316 -1.122452 -0.699783
11140 1.81273104 3.99459276 -0.28455867 -1.144676 -0.276045 -0.304608
11160 1.45393029 4.70995758 0.04685256 -0.014717 1.015192 0.016756
11180 1.8365301 6.076166850000001 0.032932170000000004 -0.462192 2.439449 -0.123859
11200 3.40871013 6.931186830000001 -1.6238198700000002 -0.403261 0.891167 -0.065916
11220 8.15713272 8.5575573 -3.3952410000000004 0.080101 -0.427569 0.028881
11240 10.91530251 11.2645287 -0.21675195 0.7336689999999999 -0.499083 0.296321
11260 10.849742280000001 12.651986430000001 -0.3876912 1.307293 0.289783 0.457413
11280 12.66351318 15.14205873 -0.52556094 1.645409 0.4794020000000001 0.43069
11300 14.02523928 16.69987692 4.67627985 1.651032 -0.49923 0.336912
11320 17.628540570000002 12.8147049 1.1261095200000002 2.027115 -1.437329 0.707141
11340 13.20629067 3.5096059800000003 -3.5085563100000003 3.009655 -1.36514 1.515078
11360 11.02966749 3.14870589 -2.95500744 3.074639 0.820731 2.541429
11380 6.951248280000001 7.885003320000001 1.7917768800000002 2.021078 0.737013 2.811914
11400 4.261640580000001 9.28249668 5.335659000000001 1.228232 -0.10895 2.467766
11420 2.16420372 10.993586310000001 0.6257014200000001 0.17674 0.8268629999999999 1.391
11440 3.9833701200000005 9.71823726 0.9051687 -0.200595 1.319288 0.852554
11460 5.5200673799999995 5.679038429999999 -0.15163317 -0.788601 1.300085 1.102708
11480 5.986954710000001 3.8719971900000005 -1.64358702 -1.306309 0.476511 1.0478040000000002
11500 7.81135965 4.1535638100000005 -4.13230554 -1.708854 -0.579034 0.296454
11520 4.60996425 5.069660850000001 -0.8330161500000001 -1.743809 -1.2079719999999998 -0.63127
11540 1.4879023200000001 4.51685754 -0.73766295 -1.501363 -1.364765 -1.323719
11560 1.4416481700000001 3.03359535 0.79769034 -1.297274 -1.1722 -1.437909
11580 3.25812663 2.9014154100000003 0.7138638900000001 -1.052553 -0.668823 -1.259519
11600 5.354219520000001 3.64507227 -0.47242017000000003 -0.642496 0.511389 -1.5861120000000002
11620 7.149586860000001 3.1178632500000005 -1.7209683 -0.263586 1.137571 -2.662103
11640 6.43107303 2.5258493700000004 -1.91257722 0.098827 1.142901 -3.774802
11660 5.13342585 1.2726513 -0.79350147 -0.008176000000000001 -0.568705 -3.755197
11680 5.56332948 1.4531749200000001 -0.6352759800000002 -0.561717 -1.804789 -2.652938
11700 8.36520282 3.56468913 -5.01891372 -1.936207 0.515962 -0.012049
11720 14.727125160000002 10.136172690000002 -3.05036064 -2.191752 1.051315 1.127409
11740 14.44182093 17.76685176 0.08816247 -0.5846399999999999 0.48714 0.960965
11760 12.75393195 21.75830532 -1.0159334100000001 0.175983 1.860748 0.451771
11780 11.47708197 13.277393550000001 -2.91728799 0.03013 1.773985 -0.8993690000000001
11800 11.969112330000002 11.029961790000002 -3.50241525 0.171318 -0.356869 -1.211846
11820 12.48898347 5.865399 -2.4559433100000008 0.170728 -2.89251 0.189701
11840 11.945156310000002 5.54162976 -3.00110463 -0.717191 1.2749620000000002 2.526111
11860 10.552008780000001 5.225188590000001 -3.07610208 2.529543 3.012255 1.620415
11880 7.6526829 4.910238540000001 -1.6414876800000002 2.717833 -2.692569 1.259436
11900 4.07363193 4.66415469 -0.37257399 1.238066 -1.5263870000000002 0.75195
11920 1.15649109 3.47547699 -0.28006569000000003 -0.923048 0.999944 0.088411
11940 -1.2380710499999998 2.1315658500000003 -1.81273104 -4.165807 1.08662 -0.925661
11960 -2.01166803 1.2344805900000002 -2.33813502 -4.179929 -0.743133 -1.276996
11980 -0.41808258000000004 1.8357845400000001 -1.76573133 -2.428579 -2.84722 -0.889257
12000 1.11757482 2.24652924 -1.0958751 -0.295182 -3.01273 -0.243892
12020 3.4675407000000003 3.8565758700000004 -1.85733711 1.0653700000000002 0.457107 -0.150173
12040 10.041270749999999 7.524848790000001 -1.33762293 0.8938799999999999 1.375174 -0.483696
12060 11.77466832 6.558612840000001 1.3768335 0.6309600000000001 0.859291 -0.183633
12080 6.6518667 5.372780040000001 -4.33408743 0.390697 -0.116595 0.313731
12100 9.68247 8.374787190000001 -6.34365612 0.6908529999999999 -0.5085 0.5566800000000001
12120 2.9174351400000003 8.4767229 2.7690883200000003 2.577538 -0.170798 1.049057
12140 4.80321144 12.06251334 3.68234046 3.451957 0.812079 1.18316
12160 5.92961526 14.24212857 1.4880592800000003 2.709795 0.7566510000000001 1.035974
12180 11.459119860000001 13.68618606 5.66107632 2.132336 -0.375145 1.38804
12200 24.917184180000003 13.823300430000002 1.57382811 1.786191 -0.211922 1.894955
12220 24.80551695 6.34889466 -10.87682769 1.577052 0.925956 2.567153
12240 11.39984784 6.61249917 -5.13222903 1.327611 0.332114 2.637742
12260 6.768772470000001 7.8582122100000005 0.58573548 0.671096 0.502321 1.935389
12280 3.55570317 8.473426740000003 5.16380742 0.349459 0.9852 1.338592
12300 -0.10896948000000001 11.990213640000002 3.2645619900000002 -0.103902 0.983759 1.558686
12320 -0.40101318 9.59984037 2.7184981500000003 -0.071478 0.847884 0.612642
12340 0.29369178 4.488114240000001 -0.47570652 0.062921 -0.163636 -0.15851600000000002
12360 5.42980557 3.68683344 -4.68136143 -0.621696 -0.717042 -1.029985
12380 7.048543860000001 8.061190920000001 -2.48708025 -1.304918 -0.481944 -1.420687
12400 3.4934391 5.3132039099999995 -1.06923114 -1.39786 0.105847 -1.280016
12420 2.1908476800000005 2.1692853 1.3362691500000001 -1.034499 0.510441 -1.009872
12440 2.7304761600000003 1.5061685400000002 1.49658417 -0.688447 0.444638 -1.636554
12460 3.4298212500000003 1.51080867 1.5694822800000003 -0.450852 0.193864 -2.531879
12480 5.03717994 1.94520528 -1.2250531800000002 -0.433825 -0.57206 -2.814926
12500 5.510041560000001 4.04383896 -1.3611178800000001 -0.563026 -1.573811 -2.605173
12520 6.7472199 3.3699410100000002 -2.54590101 -0.629742 -1.15393 -2.056043
12540 7.63352397 3.4510697100000005 -4.64918463 -1.440003 1.174681 -0.802048
12560 9.150620850000001 5.7902544 -3.9031341299999998 -1.517649 1.509378 -0.518872
12580 11.114533800000002 9.3386295 0.22348161 -0.4355350000000001 0.398516 -0.97884
12600 14.61306429 13.034890350000001 -0.04460607 0.298593 1.119559 -0.5131640000000001
12620 20.122507440000003 20.92678029 -0.40356378000000004 0.665479 0.626306 -0.024996
12640 15.65415054 14.264740620000001 -3.2226438600000002 0.11063900000000003 0.235828 0.069905
12660 11.62258389 6.851853360000001 -4.00342176 -1.50942 2.470862 -0.677075
12680 11.598931980000001 4.28065236 -2.64304944 -1.720198 1.943848 -0.834901
12700 12.29782581 2.77477812 -3.3952410000000004 -0.084453 -1.0962809999999998 0.367215
12720 11.144621070000001 4.0342644000000005 -4.28139792 1.208099 -1.203604 1.574926
12740 7.66870263 5.68173618 -3.1410639000000002 0.556737 1.12268 1.410367
12760 3.0482613 5.6896724700000005 -2.1055203 0.30401500000000004 -0.216373 0.033379
12780 -0.34054434000000006 4.85276175 -1.40318316 -0.759943 -3.226032 -0.312027
12800 -0.34787241 3.3727859100000006 -1.6640899200000001 -1.758041 -1.786057 -0.176634
12820 0.28425456 3.29914224 -1.4576679000000001 -2.459019 1.011738 -0.462853
12840 1.81213263 3.72904587 -1.30873248 -2.216191 2.368682 -1.150831
12860 4.39395786 3.4280260200000003 -1.82815236 -1.335553 0.560012 -1.157317
12880 7.08521364 3.9246867 -1.6164918 -0.086017 -1.261502 -0.40384
12900 9.405994770000001 6.1691166000000015 0.43185582000000006 1.563719 -0.860466 0.173327
12920 6.347697840000001 5.84609292 -0.9686394 1.486299 0.385071 -0.349034
12940 2.70891378 3.7859242500000003 -3.5265184200000004 0.465973 0.948157 -0.41884
12960 3.66033663 1.69238196 -1.7284533300000002 -0.040165 0.655849 -0.141058
12980 3.28027761 2.45804265 -2.3255684100000003 -0.287041 -0.137928 0.109267
13000 5.30481636 7.76300616 -5.04525357 -0.429714 -0.544273 0.351277
13020 6.734947590000001 12.11295636 3.5461286100000002 0.008329999999999999 -0.598182 0.399271
13040 7.68097494 13.70595321 3.1738489200000006 1.211992 0.019248 0.262678
13060 9.25599987 14.284341 -1.2117312 1.683016 -0.232098 0.372044
13080 12.32117361 14.27596326 0.12633318000000002 0.660242 -0.384072 0.369368
13100 18.73743354 17.40805101 -0.26180928000000003 -0.648261 0.044102 0.188764
13120 21.38303358 12.61037241 -3.1446641700000004 -0.705993 -0.340621 0.544571
13140 14.72398596 7.11844992 -2.26808181 0.185332 -1.057975 0.6766979999999999
13160 8.90917713 6.28034238 1.18748088 1.219501 -1.459752 1.153386
13180 5.28326379 6.631059690000001 3.67410987 1.674925 -1.023996 2.340667
13200 3.3492811500000004 7.052585580000001 6.04143945 1.58014 -0.489723 3.07853
13220 1.7033103 6.5268774899999995 4.24128483 1.544191 -0.032451 2.510467
13240 0.8705884500000001 5.125793669999999 2.33320059 0.5333720000000001 0.489655 1.2272809999999998
13260 1.9579288500000003 3.50331777 -1.4233917600000001 0.5904050000000001 -0.049941 1.053182
13280 3.9469946399999998 5.67635049 -2.5017462000000004 0.712759 0.08111499999999999 1.7385990000000002
13300 3.30198714 7.43025096 -2.45235285 0.086603 1.102465 1.544909
13320 4.421504340000001 6.342910560000001 -0.6227093699999999 -0.158891 0.977804 0.965446
13340 6.346805129999999 5.016372929999999 1.3733901900000003 -0.048634 -0.041658 0.336204
13360 5.958809820000001 3.8172083400000005 3.13912152 -0.098944 -0.730223 -0.319154
13380 5.35181607 2.7500765400000002 3.1446641700000004 -0.344197 -0.7911189999999999 -1.127296
13400 5.15916729 2.1158502300000004 1.5170968800000002 -1.015186 -0.722089 -1.557224
13420 5.44163643 1.59612624 -0.82253907 -0.708719 0.119306 -1.247445
13440 6.4593650700000005 3.48624837 -2.2499725500000007 -0.138848 0.177723 -1.697534
13460 8.11268361 4.28663646 -1.4952402 -0.082237 -0.313659 -2.206051
13480 7.9873902900000004 2.85920298 -0.96219423 -0.308383 -0.23773 -2.615789
13500 6.37314498 2.8894374000000003 -1.20454047 -0.8895059999999999 -0.424057 -2.40276
13520 5.52994605 3.8675042100000003 -1.7003182500000003 -1.307172 -0.357063 -1.745602
13540 8.52836274 6.322554810000001 -2.60623251 -1.181967 0.35276 -0.877173
13560 12.76919631 9.8358984 -0.8646043500000001 -0.901661 0.861875 -0.300095
13580 13.86342333 13.32379485 0.06511878 -0.5366770000000001 1.515015 -0.381704
13600 13.64293377 17.506847519999997 0.8791231500000001 0.051567 1.928171 -0.050181
13620 11.41661313 17.527203269999998 0.31928607000000003 0.429811 0.793912 0.355566
13640 8.89794468 14.576090400000002 -2.1266314200000007 0.186274 0.047774 0.14545
13660 7.628138280000001 9.80176941 -2.51117361 -1.249329 1.490882 -0.654775
13680 8.836877430000001 6.165683100000001 -1.5699335399999998 -1.784412 1.261993 -0.7597
13700 9.58651839 4.47703875 -1.7787492000000003 -1.024717 -0.496515 -0.152868
13720 10.25293131 4.50458523 -2.05417476 0.173602 -2.211865 0.469792
13740 8.692719480000001 5.410195379999999 -3.01937085 0.8158489999999999 1.7639669999999998 0.656122
13760 5.69805021 6.06359043 -2.86384311 0.279852 -0.8746200000000001 -0.235138
13780 1.9393683300000002 5.9639012099999995 -4.05971154 0.373756 -1.351946 0.236147
13800 1.34105643 4.45503492 -0.06660990000000001 0.904159 -0.541135 0.5411199999999999
13820 2.8111536 2.82073797 -0.4784042700000001 -0.341063 0.0013800000000000002 -0.315373
13840 2.2559566500000003 2.7807720300000005 0.55953297 -2.512461 1.288431 -0.8791190000000001
13860 2.38978467 3.0677243400000003 -0.20941407000000004 -3.47861 0.27618400000000004 -1.048009
13880 3.49463592 3.6895311900000003 -2.1086693100000007 -2.284579 -1.196636 -1.131785
13900 4.893924510000001 5.81211108 -3.4127518500000003 0.7767 -0.59982 -0.123061
13920 7.2852003000000005 8.07511131 -1.5230809799999998 2.117405 -0.123332 -0.030985
13940 6.408470790000001 5.89115025 0.29907747 1.505141 -0.32268 -0.263606
13960 3.3864120000000004 4.576580820000001 -0.80038809 0.378133 -0.541693 0.071702
13980 3.86541468 2.2360521600000003 -1.78144695 -0.275134 -0.635944 0.76374
14000 4.88898027 3.53669139 -3.7952045100000005 0.37927 -0.087198 1.22908
14020 7.69460103 9.21633804 -4.11389217 1.492263 0.6812239999999999 1.240142
14040 5.150789550000001 12.56502078 2.10821805 0.95813 2.208377 1.017605
14060 6.54738039 11.87720244 2.54934432 0.8400280000000001 0.904586 0.827239
14080 9.76209777 14.769484740000001 1.83413646 0.951325 -0.050073 0.5077050000000001
14100 15.85263627 19.73601306 5.0612733 1.626075 -0.657279 0.987487
14120 31.612764240000004 21.43691991 -3.04795719 2.14562 -1.260889 2.299393
14140 15.78377988 7.61106888 -4.189635180000001 3.438372 -1.890782 3.653054
14160 7.54775514 2.7884042100000004 4.51865277 3.483817 0.033308 3.297324
14180 4.267026270000001 0.32497587 0.62420049 0.704052 1.691893 1.7257919999999998
14200 3.0942113400000006 2.27511558 2.11300533 -0.142199 0.7431439999999999 1.291671
14220 0.6469498800000001 5.56227981 4.20939252 -0.506071 0.776181 1.337157
14240 1.39689495 9.52993431 3.1255052400000003 -0.7621680000000001 0.575332 0.905132
14260 0.9081607500000001 7.93379826 1.2976471800000002 -0.69715 -0.151627 0.426886
14280 3.06143613 5.0985513000000005 -0.6141746700000001 -0.755292 -1.606316 -0.44012
14300 3.6628872300000004 5.96913975 -0.69336099 -0.840469 -2.211916 -1.5658450000000002
14320 3.7749959100000003 4.59829035 -1.25409078 -0.7710640000000001 -1.118975 -2.15001
14340 4.260738060000001 2.4810863400000005 -0.75846996 -1.037787 1.134651 -1.79477
14360 4.26657501 0.41942655 -0.00045126000000000004 -0.795151 1.477025 -1.311746
14380 3.9413048400000004 -1.33222743 0.32048288999999996 -0.590618 0.486231 -1.999119
14400 4.5176031 1.18523439 0.040711500000000005 -0.997186 0.102315 -2.607149
14420 5.089271040000001 5.73098238 -0.30371760000000003 -1.427303 -0.531221 -1.7782650000000002
14440 5.831574120000001 5.91899103 -2.04130404 -0.7079270000000001 -1.067878 -1.663593
14460 5.10199461 5.09585355 -0.73033488 -0.097812 1.461291 -1.710643
14480 5.892798330000001 6.1312500000000005 -0.5198711400000001 0.776779 2.587557 -1.470968
14500 8.02690497 6.83030079 -0.01796211 1.027883 1.254436 -0.509311
14520 11.11828122 7.550148780000001 0.22572810000000001 0.919694 0.421974 -0.29535500000000003
14540 17.683623720000003 13.526920710000002 2.2064161500000004 0.415259 -0.311042 -0.364169
14560 23.602918860000003 22.25077713 -3.96555516 -0.927862 0.599475 -0.192052
14580 13.361965560000002 14.590157940000001 -7.520365620000001 -1.686202 2.289488 -0.454819
14600 8.799452279999999 7.588172340000001 -4.10236542 -1.393047 1.555212 -0.899416
14620 9.59115852 5.03582616 -1.97034831 -0.5109670000000001 -0.312327 -0.571463
14640 12.278215620000001 3.6612391500000006 -1.29869685 0.4909600000000001 -1.31949 0.5424359999999999
14660 12.66486696 4.030369830000001 -2.2902327900000006 1.087785 -0.733271 1.276517
14680 10.884911129999999 4.7600964900000005 -1.6184341800000002 0.040974 -0.563557 0.7690600000000001
14700 6.575378130000001 5.42382147 -1.66947561 -0.603951 -1.104285 -0.376681
14720 0.47046798 5.38655328 -2.7514303200000003 -0.693136 -0.845764 -0.214198
14740 -1.6281657 4.45533903 -2.8120561200000003 -0.659552 0.141934 -0.290004
14760 -0.37541889 4.45353399 -0.7697024100000001 -0.91133 0.986828 -0.636813
14780 1.80090018 3.00918807 0.8852544000000001 -1.157289 0.8978280000000001 -1.076388
14800 3.46335183 3.1942046700000004 0.7095278700000001 -1.174736 -0.519295 -0.984963
14820 4.4738995500000005 5.4386443799999995 -1.03943817 -0.541501 -0.948133 -0.585817
14840 5.49177534 6.22869273 0.80651934 0.085866 -0.224989 -0.818438
14860 6.668779140000001 7.669301040000001 -0.50310585 -0.076147 0.582589 -1.235075
14880 7.10123337 5.619462300000001 -2.5337856600000004 -0.221588 0.394038 -1.109799
14900 6.155951580000001 2.16734292 -3.0481141500000004 -0.267857 -0.5106430000000001 -0.73829
14920 5.279820480000001 0.71641449 -4.26388707 -0.424798 -1.022332 -0.513335
14940 7.07937669 5.1245968500000005 -6.714591840000001 -0.426979 -0.76136 -0.24022
14960 6.18663726 9.270969930000001 2.8334615400000005 -0.18894 -0.126754 -0.105843
14980 7.1299766700000005 10.80468495 3.67425702 -0.13312000000000002 -0.314332 -0.131918
15000 9.281594160000001 14.01999093 2.5542885600000003 -0.26163600000000004 -1.284705 -0.043978
15020 10.305915120000002 15.105388950000002 3.8660130900000005 -0.351552 -1.376856 0.16808800000000002
15040 12.74898771 14.478196410000002 0.6541406099999999 0.137913 -1.655471 0.420759
15060 16.808542290000002 11.58934761 -3.51783657 1.017622 -1.708489 1.193956
15080 14.373111690000002 8.336165220000002 -1.5816074400000002 1.571013 -1.662738 1.792762
15100 10.043517240000002 8.177792580000002 1.1951130600000002 1.900294 -0.995794 2.551577
15120 6.36431598 6.736742820000001 1.7780036399999999 2.05749 -0.504881 2.726166
15140 3.8877128100000005 5.31469503 2.24278182 1.609718 -0.5130239999999999 1.68901
15160 2.0119623300000002 5.26470327 2.7542752200000002 0.161694 0.669788 1.257568
15180 1.9723005000000002 6.776110350000001 2.04668973 -0.734466 0.454059 2.701162
15200 3.3700881600000003 6.60816315 0.5828905799999998 0.317624 -1.166304 3.671987
15220 6.9409183500000005 4.978349370000001 -1.7497116 -0.03459 -2.28032 2.581368
15240 7.777829070000001 4.88120094 -1.6190325900000002 -1.6097549999999998 -1.647998 1.397716
15260 5.62545621 5.787115200000001 -0.94603716 -3.058773 -2.01565 0.822976
15280 3.8802277800000002 4.81518945 0.37407492000000003 -3.7444 -2.791487 0.431417
15300 4.63974741 3.12175782 1.4468867100000002 -3.645746 -2.667464 -0.03273
15320 6.061795200000001 2.2990716000000004 1.88233299 -3.049309 -1.686597 -0.485951
15340 8.12435751 2.7440924399999997 0.8162508599999999 -2.369132 -0.983429 -1.096329
15360 8.56279584 2.4525 -0.9698362200000001 -2.031605 -0.5243220000000001 -1.913886
15380 6.83193906 1.49464179 -2.35221237 -2.252835 -0.203909 -2.461703
15400 6.2945570700000015 3.9329172900000002 -0.23950134000000003 0.221296 -3.94738 -1.920468
15420 7.066957230000001 6.5476845 0.94214259 1.832751 -1.72158 1.895079
15440 8.39169963 8.21072475 -1.62068067 1.030198 2.538026 4.55991
15460 9.40418973 9.716147730000001 -1.16951877 -0.866726 0.612748 3.0910040000000003
15480 9.14179185 11.47947561 -0.56687085 -0.694504 -3.353884 0.434213
15500 10.740762990000002 13.88677113 2.23335441 -2.164509 1.033447 -1.882627
15520 11.50567812 16.89551775 1.93681773 -1.997435 4.255021 -2.604502
15540 11.40987366 20.03194152 2.03981292 -1.425125 0.702213 -1.7413740000000002
15560 9.22546134 16.56724572 3.7529920800000003 -2.0245580000000003 -3.285615 -0.299419
15580 11.82660246 9.521252460000001 -2.15880822 -2.733916 -5.137756 -0.044559
15600 13.177998630000001 7.591164389999999 -2.3110398 -3.014033 -4.5479379999999985 -0.514085
15620 12.521905830000001 6.460120440000001 -4.0022249400000005 -2.877994 -1.141725 -1.029178
15640 9.508980150000001 6.86397852 -4.70950632 -2.504216 0.6771149999999999 -1.190199
15660 7.30181844 6.01659072 -4.49590338 -2.163106 -0.682824 -1.057887
15680 6.24007233 4.03874757 -0.8734333500000001 -2.058053 -1.747339 -0.806894
15700 4.72522194 2.9849475600000006 2.44052199 -1.688235 -1.767011 -0.736987
15720 2.9292561900000003 2.30715504 3.0211660800000004 -1.488455 -1.127894 -0.631725
15740 1.0930302 2.2227301800000006 2.24877573 -1.807102 -0.572847 -0.6314569999999999
15760 0.57315906 2.4819888600000004 3.0072456900000004 -2.195799 -0.8381209999999999 -0.82184
15780 0.7951495500000001 2.36373912 1.96242183 -2.269268 -1.440168 -0.982883
15800 5.917647060000001 9.21273777 -7.259606010000001 -2.013114 -1.236302 -1.03797
15820 10.22523768 10.32537816 0.7695454500000001 -1.499625 -0.462538 -1.043921
15840 10.491834240000001 8.94734784 -1.37668635 -1.000315 -0.252065 -0.831332
15860 9.18175779 1.75585266 -3.0069513900000002 -0.6843319999999999 -0.057774 -0.675549
15880 7.4124360000000005 -2.2956282900000002 -16.9332372 -0.590633 0.113508 -0.699684
15900 9.00632556 11.561958090000001 8.69840928 -0.43127 -0.026635 -0.6898449999999999
15920 9.34910658 14.021491860000001 8.97294213 0.034959 0.15423599999999998 -0.5052220000000001
15940 9.02233548 15.482308770000001 5.563633590000001 0.662473 0.60516 -0.328365
15960 5.59970496 10.15547877 2.30984298 0.776629 0.461637 -0.23338000000000006
15980 3.68518536 8.1035505 0.15956946 0.405484 -0.111693 -0.125211
16000 6.1153872300000005 9.433384290000001 -0.23860863000000002 -0.011958 -0.322593 -0.03599
16020 7.65253575 9.87765957 2.74724145 -0.15145799999999998 -0.4394270000000001 0.264424
16040 7.123384350000001 8.86307013 1.9552311 0.14641600000000002 -0.641537 0.73144
16060 5.2775739900000005 8.89465833 1.03225725 0.632153 -1.039442 0.982102
16080 3.6554022 7.60702716 1.7069007600000001 0.716158 -1.843787 1.190955
16100 2.0269323900000003 6.25623921 1.36261881 1.416339 -1.915867 1.293146
16120 2.4679213200000003 5.8853133 1.72336194 1.676996 -1.750846 1.623768
16140 4.30938585 6.46280838 1.23882642 1.350519 -0.8386459999999999 1.825417
16160 4.45488777 7.274723219999999 -0.19190322 0.687325 0.212811 1.594043
16180 4.63182093 8.35083117 0.20118348 -0.23776 -0.028089 1.367836
16200 5.5320453899999995 8.320302450000002 1.27025766 -0.6280680000000001 -0.332992 1.49796
16220 5.342241510000001 7.69549374 1.55990772 -1.3769209999999998 -2.472437 1.706978
16240 4.06943325 7.60508478 1.2651662700000001 -1.987846 -3.217419 2.0583150000000003
16260 4.02902586 7.598198160000001 2.48244012 -1.553313 -3.7189 2.680494
16280 4.738995180000001 8.290960740000001 3.05754156 -0.607117 -3.440297 2.517967
16300 5.0034924 9.123829740000001 2.26659069 -1.281062 -2.413497 1.802644
16320 6.567588990000001 9.7610481 1.2933111599999998 -2.012317 -1.530198 1.591306
16340 6.192327060000001 9.22082121 0.23306598000000003 -1.993912 -1.162072 1.42432
16360 5.97737034 8.221957200000002 0.05643693 -1.57728 -1.098311 1.368396
16380 8.01553518 7.380847800000001 0.88450884 -1.598245 -1.790414 1.305043
16400 10.048000410000002 6.87819321 2.12618016 -1.977291 -1.977272 0.943713
16420 10.11895614 6.083799030000001 1.91781576 -2.359526 -1.557542 0.473692
16440 9.90490194 6.0276662100000005 1.7639361 -2.583299 -1.057224 -0.040191
16460 9.69907833 6.981178590000001 1.63369854 -2.672636 -0.7821899999999999 -0.543231
16480 7.353909540000001 8.46758979 0.6773412600000002 -2.660064 -0.814487 -1.001369
16500 5.88395952 9.22187088 -0.42047622 -2.208228 -1.166655 -1.235975
16520 4.961584080000001 7.694453879999999 -1.44704367 -1.351169 -1.83827 -0.791157
16540 4.828364280000001 7.885454580000001 0.17274429 -1.005359 -1.471914 0.264056
16560 5.68443393 9.970619130000001 1.7600415300000003 -1.013587 -1.001587 0.6682520000000001
16580 5.43998835 9.152121780000002 0.6511485600000001 -0.857116 -0.579439 0.4583640000000001
16600 6.592290570000001 6.205492080000001 1.61245008 -0.951912 -0.342693 -0.055348
16620 8.70828795 6.69572721 -0.00942741 -1.286926 -0.1964 -0.384752
16640 9.20705778 5.85207702 2.9921284800000003 -1.686553 0.617579 -0.8639450000000001
16660 10.170154530000001 3.81961179 2.25999837 -1.552685 0.788061 -1.521253
16680 11.93333526 6.400838610000001 0.87553269 -0.305611 -0.5593600000000001 0.021015
16700 11.332482570000002 9.98767872 0.42421383 -0.220516 -2.260753 0.5162399999999999
16720 8.16716835 8.9626122 2.04819066 -0.6909420000000001 -1.600825 -0.270899
16740 5.3569074599999995 7.421716260000001 2.1903964200000003 -1.303681 -1.340556 -0.88974
16760 4.241431980000001 6.6142943999999995 2.4598378800000003 -2.120257 -0.186596 -1.3135290000000002
16780 4.05895617 6.08260221 0.86011137 -2.006296 1.31456 -1.191811
16800 5.690712330000001 5.8736394 0.00973152 -1.306964 1.152602 -0.990166
16820 6.221511810000001 5.69131074 0.23650929 -0.7569 -0.445757 -0.822974
16840 5.8109142600000006 5.537431080000001 0.42616602000000003 -0.180976 -2.058616 -0.249658
16860 5.21904753 5.466181050000001 -0.021552570000000004 -0.21954 -0.634239 0.023848
16880 4.96981467 5.075949060000001 -0.12484206 -0.963682 1.003076 -0.126589
16900 5.81990022 4.390367400000001 -0.30161826 -1.7560060000000002 0.514075 -0.228705
16920 8.85348576 5.84728974 -1.7119921500000002 -1.698123 -0.709738 -0.326077
16940 13.48650351 8.81247015 -1.83803103 -1.054435 -1.229209 -0.446966
16960 12.32716752 8.61623091 -1.38986118 -0.747837 -0.470564 -0.488525
16980 8.10654255 4.77087768 -1.02477222 -0.634084 0.082197 -0.557873
17000 5.78472156 3.3932888100000005 -0.51432849 -0.548219 -0.102148 -0.6189939999999999
17020 5.14734624 4.11749244 0.16854561000000004 -0.6119359999999999 -0.284046 -0.629888
17040 7.1437401000000005 8.99434755 2.1245320800000003 -0.7936840000000001 -0.071659 -0.5716100000000001
17060 9.62947638 13.950388980000001 4.567604670000001 -0.651755 0.309729 -0.433306
17080 14.253959430000002 19.31972571 1.93248171 -0.136401 0.32825 -0.184039
17100 7.907311260000001 8.23767282 -4.17511638 0.048054 0.05705800000000001 -0.190949
17120 3.87918792 5.2955361000000005 -2.1318699600000004 -0.016025 0.104967 -0.128433
17140 2.9906275500000006 3.3441995700000002 -1.01638467 0.013831 0.008405 0.017177
17160 4.068089280000001 3.16337184 0.6116240700000001 -0.046366 -0.271784 0.0748
17180 4.60352889 7.447310550000001 5.537882340000001 -0.164811 -0.45791 0.36904
17200 5.229230310000001 9.379341 6.38706537 0.036352 -0.59887 0.81287
17220 5.025349080000001 9.74563659 4.68615852 -0.20467 -0.864994 1.238816
17240 2.01779928 8.3927493 -2.49336846 0.518258 -0.472237 1.493327
17260 5.7782862 7.21454868 -1.3151678400000002 1.239091 0.543045 1.648748
17280 7.67753163 5.70957696 -0.11929941000000001 0.6915789999999999 1.563958 1.762188
17300 6.730748909999999 4.70800539 0.50669631 1.021033 0.098139 2.008854
17320 4.782110129999999 7.04749419 1.9432629 1.202808 -1.551338 1.692839
17340 4.28424282 8.78882805 2.89393038 2.834778 -2.643148 2.117971
17360 5.39762877 8.499177990000002 1.82919222 2.922327 -1.176682 2.146614
17380 6.21612612 7.478751600000001 0.39966921 1.360939 0.335082 1.867783
17400 5.6974518 7.367525820000001 -0.35730963 0.072354 0.514925 2.232429
17420 5.22787653 7.52649687 0.34832367 0.372587 -0.264178 2.068882
17440 5.59910655 7.015307580000001 1.12536396 0.206185 -1.031737 1.288902
17460 5.50704951 7.309450620000001 1.88637471 -0.348426 -0.943935 0.8586940000000001
17480 5.65778016 7.657479990000001 1.2617229600000002 -0.728612 -1.261249 0.621437
17500 6.95139543 7.44192486 0.07079877000000001 -0.6022529999999999 -0.991995 0.31112199999999995
17520 7.716457710000001 6.47328546 -0.004640130000000001 -0.263642 -0.216588 0.046506
17540 7.248824820000001 5.970934980000001 0.49756320000000004 -0.164007 0.134409 -0.170097
17560 6.26566662 6.62582115 1.0873404 -0.122834 0.017059 -0.429237
17580 6.9250457700000005 6.64393041 1.5482338199999999 -0.081245 -0.201671 -0.644447
17600 9.1214361 7.872731010000001 2.27407572 -0.015925 -0.181633 -0.916413
17620 10.69286076 7.918681050000001 0.54756477 -0.107853 -0.018294 -1.190729
17640 10.27732878 8.56009809 1.9835231400000002 -0.322002 0.110986 -1.366511
17660 8.56234458 11.073076740000001 0.6800390100000001 -0.47301 0.065373 -1.284186
17680 5.9282712900000005 11.80445148 4.05566982 -0.5878369999999999 -0.173444 -1.136199
17700 4.788692640000001 8.960964120000002 -6.20804268 -0.664723 -0.201886 -1.149518
17720 4.41760977 10.988200620000002 -1.3069274400000002 -0.749876 -0.120777 -1.112829
17740 1.4004854100000002 9.342671220000001 -0.9505203300000001 -0.8820370000000001 0.141868 -0.87908
17760 2.66700546 6.84272025 1.42817904 -0.874877 0.6601819999999999 -0.766463
17780 6.258632850000001 8.97638544 1.15589268 -0.551733 1.036449 -0.836259
17800 8.489740770000001 10.64167218 1.07237034 -0.054117 0.7996840000000001 -0.932892
17820 10.980862740000003 7.12398276 0.13682007 0.435962 0.532225 -0.806281
17840 10.13901759 5.4545071499999995 -0.57825045 0.53301 0.540451 -0.550308
17860 7.79548707 5.72215338 -2.0787291900000002 0.392597 0.763059 -0.420183
17880 6.24666465 6.05385891 -1.47967173 -0.7228899999999999 2.8493470000000003 -0.105909
17900 6.1667229599999995 5.855226030000001 -1.39584528 -0.623293 0.452668 0.026045
17920 6.286777740000001 5.65329699 -0.16301277 -0.02169 1.055132 0.423649
17940 5.3771160600000005 4.891825170000001 -0.64261386 0.122941 0.652203 0.36215
17960 4.92176529 4.701275730000001 -1.42114527 -0.194708 -0.680856 -0.327363
17980 4.42360368 4.19262723 -1.37115351 -0.355476 -0.7170270000000001 -0.200253
18000 3.6185754600000006 3.8311287300000005 -0.90127413 -0.054082000000000005 0.291088 -0.019979
18020 2.88285489 3.5465700600000005 -0.72689157 0.519734 -0.8231780000000001 0.810125
18040 3.2686037100000003 3.2615699400000002 -1.0761079500000001 0.631804 -1.490461 1.084159
18060 4.62014703 3.5143932600000003 -1.13883309 -0.01137 -0.472188 0.8753989999999999
18080 7.027432740000001 4.55637222 -1.29720573 -0.868553 0.383713 0.166493
18100 8.93686095 5.778433350000001 -1.38567231 -1.695725 0.113284 -0.751199
18120 9.0263772 6.63779916 -1.28642454 -1.864221 -0.399375 -0.806199
18140 7.644001050000001 6.81712596 -1.3964436900000001 -1.698841 -0.585504 -0.756735
18160 6.322250700000001 6.129307620000001 -0.92552445 -1.634359 -0.48982 -0.764953
18180 5.103338580000001 5.657338709999999 -0.26554689 -0.8562069999999999 0.063683 -0.530559
18200 3.9658494600000003 6.2698653 0.04340925 0.32031 0.23432 -0.533242
18220 3.8395162800000002 6.83463681 -1.06024518 0.532122 -0.636446 -0.341571
18240 4.72028751 6.160434749999999 -2.1427983000000004 -0.110944 -0.6519020000000001 -0.181537
18260 6.05057256 5.1742943100000005 -2.8539644400000004 -0.4615800000000001 -0.013861000000000002 0.136731
18280 7.30794969 4.5144639 -2.6156599200000006 0.209506 0.136604 0.28864
18300 7.78785489 4.02677937 0.6999435 1.058501 -0.251602 0.196791
18320 5.0410647 5.78037573 -7.09764291 1.27534 -0.415407 0.213471
18340 9.22411737 8.76711852 0.46957527000000004 0.980227 -0.29518 0.240098
18360 7.361688870000001 8.797804200000002 2.7086194800000003 0.6854560000000001 -0.23926 0.364017
18380 8.07346323 12.21595155 1.4901488100000002 0.772584 -0.262162 0.421271
18400 10.742263920000001 14.91917553 -0.23636214000000003 0.8827370000000001 -0.33541 0.527888
18420 15.852783420000002 14.69464425 0.8767295100000001 1.155131 -0.596735 0.907208
18440 19.927759320000003 12.510830339999998 -1.88653167 2.266189 -1.008154 1.597022
18460 11.81088684 7.47291465 0.0432621 2.70623 -0.691793 2.286557
18480 6.82071642 6.349198770000001 2.09534733 1.69261 -0.5504100000000001 2.440597
18500 2.55084525 5.91659739 2.69574876 0.385209 0.258365 1.91875
18520 1.4198013 6.73763553 1.7335447199999998 -0.45729 1.170332 1.561319
18540 0.9686394 7.1667936 2.2472748 0.329311 0.68098 1.24377
18560 5.1480918 9.3212658 3.65988537 0.12614 0.8222780000000001 1.249647
18580 6.94436166 8.74032741 1.36366848 -0.019601 0.6089479999999999 1.1784
18600 8.44049457 6.627616379999999 -1.6470205200000003 -0.723313 0.009129 0.4745680000000001
18620 6.51415392 6.173756730000001 -1.6979148 -0.784431 0.095853 0.152495
18640 3.8230452900000005 6.943164840000001 -0.63123426 -0.786773 -0.271323 0.06855900000000001
18660 4.4626671 5.8332222 1.36501245 -0.989112 -1.010653 -0.281215
18680 4.9394331000000005 3.66018948 2.28035412 -0.927666 -0.8703569999999999 -0.520247
18700 4.67118846 2.65263381 1.06398279 -0.671882 0.06801900000000001 -0.708739
18720 4.70876076 2.76116184 -1.15065414 -0.394465 0.419957 -1.314002
18740 4.95499176 3.1545428400000004 -1.2578382000000001 -0.08424 0.628309 -2.00431
18760 5.892641370000001 3.67126497 -1.15499997 0.110413 0.556755 -2.659815
18780 6.39500166 3.96959688 -1.3733901900000003 0.10996 0.161768 -2.716996
18800 5.8562757 3.99309183 -1.28986785 -0.276871 -0.181829 -1.971502
18820 5.53983453 4.78314999 -0.8818209 -1.1383450000000002 -0.520269 -0.7732
18840 5.60823966 4.7563588800000005 -0.12828537000000004 -1.47041 -0.42375 -0.380401
18860 5.69041803 4.63241934 -1.5539138099999998 -0.8646659999999999 0.233323 -0.854507
18880 7.48069398 5.592671190000001 -3.09361293 -0.14791500000000002 1.087403 -1.141151
18900 10.274787990000002 8.29828881 -1.7311510800000003 -0.056085 2.265493 -0.928375
18920 12.41967582 11.685446370000003 -0.25581537 0.007741 1.631059 -0.5692619999999999
18940 17.03263212 15.20163486 -0.92088432 0.210361 -0.40576 -0.209519
18960 21.23185167 17.78646195 -3.4329604500000004 0.460665 -0.028113 0.503182
18980 13.27634388 12.84194727 -3.1990017600000002 -0.719908 1.918234 0.43903
19000 8.175850200000001 6.77506068 -1.9118218500000002 -1.413496 1.601073 -0.097383
19020 8.70964173 5.56887213 -3.5097531300000004 -0.622681 0.263401 -0.062371
19040 9.615850290000001 5.0960007 -4.02932016 0.646741 -0.61679 0.769087
19060 8.83986948 5.942790090000001 -3.91406247 0.722014 -0.793385 1.175763
19080 6.82925112 4.97311083 -2.9238705 0.732904 -0.27281700000000003 0.456259
19100 4.01420295 5.4983676599999995 -1.6741157400000002 0.940816 -1.106217 0.364775
19120 1.2380710499999998 4.31597817 0.40640868 0.897025 -1.059098 1.13887
19140 0.05089428 2.71610451 -0.50999247 0.019959 0.35721 0.429107
19160 1.38656502 2.7801638100000003 -0.19205037000000003 -0.785551 1.727714 -0.343123
19180 2.40774678 2.91084282 0.25252902000000005 -1.009454 0.071877 -0.847834
19200 4.18274856 3.9716864100000007 -0.29757654 -1.377975 -1.277244 -0.674559
19220 5.67635049 4.41760977 -1.96331454 -1.617202 -0.936267 -0.7557149999999999
19240 7.922722770000001 4.83808599 -2.9446775100000004 -1.197415 -0.452509 -0.617739
19260 10.01327301 5.712873120000001 -3.09391704 -0.317744 0.380675 -0.615867
19280 7.00408494 6.368652 -2.15686584 -0.214954 0.904674 -0.409653
19300 3.61482804 6.234833790000001 -2.7939370500000003 -0.793342 0.791975 -0.495802
19320 3.51289233 6.3191115 -0.33440328 -0.497599 -0.330749 -0.239129
19340 4.23454536 5.373221490000001 1.2025980900000002 0.141949 -0.673856 0.027492000000000003
19360 4.5075772800000005 4.34516292 -0.84888873 0.4961350000000001 -0.44922 0.021133
19380 4.67013879 4.976102879999999 -4.046831010000001 0.528008 -0.29253 -0.03012
19400 10.183172400000002 10.39902183 -3.70434429 0.179981 -0.401864 -0.092231
19420 8.592127740000002 11.76283746 -0.45025938000000004 -0.00079 -0.6095010000000001 0.041368
19440 6.699170520000001 10.68477732 0.82837602 -0.017769 -0.856355 0.249869
19460 6.88971996 9.37261134 0.31658832000000003 0.093943 -0.942854 0.471882
19480 10.10788065 10.82384388 3.7284474600000004 -0.02248 -0.331647 0.637996
19500 18.51020451 14.47265376 1.65750741 -0.205275 -0.077861 0.733603
19520 24.101982990000003 11.79576963 -1.9916065800000002 0.562032 -0.447114 1.034265
19540 13.97284407 3.4530219000000004 -2.93898771 2.307432 -0.7157859999999999 1.972949
19560 7.06216014 5.898635280000001 -0.87792633 3.058456 0.204838 3.394546
19580 4.4878199400000005 7.98289731 1.92889125 1.723 1.220542 3.628539
19600 2.88405171 9.01096569 3.5076537900000004 0.564789 0.908552 2.735293
19620 2.99886795 11.08250415 2.49785163 -0.381209 0.10354 1.608083
19640 3.70928853 8.18707284 0.6665600700000001 -0.111757 0.898235 0.843032
19660 6.619680090000001 4.98059586 -1.7548029900000002 -0.230085 0.8415469999999999 1.0025110000000002
19680 7.55553447 4.4800308 -2.74095324 -0.735796 -0.300028 0.8081619999999999
19700 5.65000083 5.644909439999999 -0.5793001200000001 -0.904657 -1.289401 0.355324
19720 4.629721590000002 6.226897500000001 0.69545052 -0.755564 -1.99679 -0.294343
19740 5.35496508 6.37134975 1.793268 -0.42192 -1.586976 -0.770033
19760 4.13081442 3.9155535900000005 1.4931408600000002 -0.060776 -0.315201 -1.0415370000000002
19780 5.19434595 3.92004657 1.0057604400000002 -0.31011 -0.163389 -0.96122
19800 6.561909000000001 3.92169465 -0.8732862 0.234775 0.461182 -0.980647
19820 6.30624078 3.5500133700000003 -1.25289396 0.412739 0.683815 -1.664419
19840 5.691163590000001 3.7718567100000007 -0.41059755000000003 0.376495 1.303892 -2.718734
19860 4.618646100000001 2.6485920899999997 -0.16211025 0.554082 1.61945 -3.463517
19880 4.540656600000001 1.83607884 -0.18950957999999998 0.687408 0.202109 -3.447951
19900 5.322631320000001 1.94505813 -1.1374891200000001 0.417005 -1.6127280000000002 -2.779875
19920 7.4541971700000005 6.2507063700000005 0.48184758000000005 -0.957979 -0.035336 -1.253261
19940 6.756500160000001 7.681279050000001 1.6287641099999999 -1.645187 1.499864 -0.160828
19960 4.05266796 6.16867515 0.4504163400000001 -1.094691 1.442764 -0.211389
19980 4.60592253 5.63293143 -1.7588447100000002 -0.030789 1.123299 -0.097794
20000 9.59010885 7.849971810000001 -2.02243941 0.31805500000000003 1.456279 0.24497800000000006
20020 12.53613033 10.4985639 -0.16151184 0.420153 1.438659 0.300193
20040 14.501838509999999 12.231510210000001 -1.60630902 1.176944 -0.27629000000000004 0.407022
20060 19.1656989 13.428271350000001 -2.99407086 -0.037025 0.875303 -0.14559
20080 19.7355618 13.432617180000001 -0.14909238 -1.220127 2.180569 -0.5272680000000001
20100 12.14559423 7.59520611 -1.5645478499999999 -1.345363 0.99392 -0.435823
20120 9.29716263 6.2246510100000005 -4.09083867 -0.288387 -1.346111 0.15033
20140 10.308465720000001 5.886804420000001 -4.194128160000001 0.8215309999999999 -2.046918 1.281682
20160 8.73987615 6.22930095 -3.95238033 2.218201 1.494911 1.7216650000000002
20180 7.548206400000001 6.1343892 -2.41956783 1.841393 0.631326 0.895473
20200 5.395833540000001 6.774913530000001 -1.45273347 -0.504282 -2.010408 0.760696
20220 1.9755868500000002 5.974378290000001 -3.49388055 -2.873155 -1.232885 0.183405
20240 0.58573548 4.31193645 -0.8033801400000001 -3.249111 1.68513 -0.611308
20260 0.7235954100000002 3.47727222 1.26726561 -1.491621 1.582547 -1.255857
20280 2.0610613800000004 3.2910588 2.56746339 -0.479024 -0.707188 -0.954226
20300 2.71101312 2.92760811 1.82545461 0.5784520000000001 -1.7677490000000002 -0.3868
20320 2.76160329 2.82926286 -0.91205532 1.702322 -0.5165310000000001 -0.175454
20340 2.97491193 5.21111124 -4.73241267 1.059131 1.526111 -0.543624
20360 8.9942004 7.7109150600000005 -3.3133569300000003 0.33632 1.862258 -0.330118
20380 11.06259966 8.39215089 -0.96563754 -0.102276 0.405571 -0.102715
20400 6.352789230000001 5.4545071499999995 -1.4606599500000002 -0.351565 -0.554074 -0.195094
20420 4.900359870000002 2.2962267 -1.8184208400000001 -0.30227600000000004 -0.540154 0.010331
20440 6.63540552 2.57629239 0.15268283999999996 0.214054 -0.344748 -0.019427
20460 5.96299869 3.66842007 0.8123562900000001 0.570405 -0.491334 -0.16737
20480 5.3194921200000005 4.0462326000000015 -3.8696035500000003 0.441852 -0.803183 -0.125139
20500 6.287229000000001 11.736340649999999 -6.66429597 0.357239 -0.7098140000000001 0.041861
20520 5.63457951 12.62354724 1.04587353 0.541478 -0.260995 0.329924
20540 6.699170520000001 11.98617192 3.07146195 0.725381 0.061267 0.565805
20560 8.024511330000001 13.057198290000002 1.32249591 0.595892 -0.079749 0.51167
20580 11.689488090000001 12.444524550000002 4.639001850000001 0.535933 -0.520891 0.593001
20600 20.39958108 11.909084940000001 1.9978947900000001 1.055899 -1.103342 0.8772540000000001
20620 20.2849218 6.004465560000001 -3.5390948399999997 2.060285 -1.46557 1.612193
20640 13.73798286 3.39449544 -8.282877299999999 2.305755 -0.943053 2.59707
20660 8.333624430000002 8.538398370000001 -2.38514454 1.60105 -0.271829 2.916027
20680 4.61744928 11.442501720000001 5.411245050000001 0.638766 0.4336140000000001 2.893446
20700 3.07640619 10.58448969 9.30091005 -0.090235 1.08381 2.898203
20720 1.2660687899999998 9.16200045 3.3828117300000002 -0.270062 1.323151 2.076246
20740 2.1136037400000003 5.910456330000001 -0.04475322 -0.8067989999999999 1.969042 0.595387
20760 5.34987369 3.82349655 -3.20183685 -0.8985190000000001 0.652059 0.218283
20780 6.958733310000001 6.6186402300000005 -3.75179526 -1.16203 -0.759728 -0.011416
20800 5.9779687500000005 7.188051870000001 -1.4907472200000003 -1.406697 -1.323644 -0.501648
20820 5.814063270000001 4.95634554 1.3099292999999999 -1.662197 -1.76258 -1.06796
20840 6.09113691 4.422701160000001 3.0485556 -1.524062 -1.365901 -1.020501
20860 5.692066110000001 3.9971335500000005 3.0358418400000002 -1.305679 -0.450573 -0.741343
20880 6.778808100000001 3.4760754 0.52496253 -1.033051 -0.7522260000000001 -0.9324
20900 6.82685748 4.08889629 -2.37765951 -0.454482 -0.6873279999999999 -1.412347
20920 5.3374542300000005 3.7723079700000004 -0.74650176 -0.100938 0.45162 -2.0266330000000004
20940 4.485720600000001 2.85920298 0.37257399 -0.137994 1.5557450000000002 -2.65108
20960 4.04728227 1.92858714 0.71356959 -0.14218699999999998 0.914246 -2.596876
20980 4.82536242 2.3067037800000003 -0.51837021 -0.333377 -1.7407290000000002 -2.354459
21000 5.64191739 5.16875166 -1.12116528 -1.0010629999999998 -1.271511 -2.166376
21020 5.89788972 6.4713430800000005 -0.7580285100000002 -1.397788 0.5131180000000001 -1.363858
21040 5.8249916100000005 5.41289313 -0.41313834 -0.471798 1.169676 -0.922397
21060 5.80043718 3.33700884 -1.5507746100000002 0.711065 2.044639 -0.4431020000000001
21080 8.4972258 3.90597903 -3.4154496000000005 1.05658 1.9437830000000005 -0.030362
21100 10.616077890000001 6.30099243 -2.35475316 1.220797 0.8626290000000001 0.334298
21120 10.140214410000002 9.16513965 0.11511054 0.311303 0.80592 0.385702
21140 13.082498280000001 12.85316991 -1.0264203 -0.970938 1.927099 0.038819
21160 20.678744249999998 19.04998995 -3.8815815600000003 -0.624881 1.604974 0.107878
21180 17.74439667 17.5119291 -5.409449820000001 0.83262 0.633157 0.779465
21200 12.339292680000002 7.32262545 -2.123629560000001 0.977418 -0.35475300000000004 1.285944
21220 9.20481129 3.48026427 -2.3632878600000002 0.425288 0.317855 1.127401
21240 10.22089185 3.0810463200000004 -2.43648027 0.104522 -0.6398510000000001 0.080598
21260 8.440798680000002 5.1203981700000005 -3.16831608 -0.446373 -1.593696 0.397371
21280 5.90057766 6.4611603 -3.2723413199999998 -0.232894 -0.403385 0.379177
21300 3.5922258 6.614000100000001 -3.1397199300000005 -0.704956 1.893466 -0.305384
21320 1.67157495 5.73846741 -3.6080983800000004 -1.373165 1.665982 -1.178225
21340 1.9263406500000002 2.93884056 -2.44516212 -1.487778 -0.420148 -1.265015
21360 2.79873414 0.65787822 0.11480643 -0.6955100000000001 -0.951227 -0.743917
21380 2.67598161 2.5014519 2.35909899 0.5757399999999999 0.421627 -0.443035
21400 2.9207214900000005 4.62658239 2.25760473 0.932073 1.424608 -0.624498
21420 3.0837342600000004 4.6473894 -0.42586191 0.585727 1.174922 -0.487728
21440 2.6749417500000003 5.526954000000001 -5.42621511 -0.329698 0.913037 -0.27052800000000005
21460 6.0472764 12.08257479 -0.30506157000000006 -0.149837 -0.686262 -0.346271
21480 5.07789144 11.35688004 -0.44846415 0.309262 -0.8294030000000001 0.152774
21500 3.1784890500000005 7.85701539 -2.33514297 0.754813 0.303414 0.191822
21520 4.517760060000001 4.61879325 -0.6976970100000001 0.801275 0.445841 -0.034499
21540 5.4865368000000005 2.97266544 -0.33246090000000006 0.37783 -0.340589 -0.135793
21560 6.20250003 1.7354870999999998 -3.20273937 -0.110933 -0.992258 -0.048642000000000005
21580 9.50238783 8.5518675 -4.03201791 -0.177901 -1.176202 0.188272
21600 6.31552104 10.59032664 1.60525935 0.399168 -0.632003 0.5259590000000001
21620 7.281305730000001 11.832145109999999 0.99273276 0.859884 0.471366 0.723247
21640 9.31647852 11.827956240000002 -0.18336852 0.720413 0.517733 0.704054
21660 11.14626915 13.17694896 3.57322383 0.8724049999999999 -0.478091 0.786508
21680 21.808297080000003 15.390398880000001 -2.3872340700000003 1.6509779999999998 -0.848864 1.190869
21700 20.20767786 8.044867080000001 -5.573659409999999 1.855418 -0.640698 1.968627
21720 11.95474068 5.33116602 -1.87140465 1.616831 -0.152624 2.130842
21740 6.58855296 6.1450232399999996 2.42465922 1.322167 0.754831 1.89368
21760 3.79072134 8.52911811 4.755907620000001 0.753568 0.5425300000000001 1.6656540000000002
21780 1.9390642200000001 10.395882630000001 2.59470576 -0.32524899999999995 -0.205711 1.905836
21800 2.2758709500000003 10.706634 2.06270946 -0.331901 0.33158200000000004 1.547247
21820 3.8708003700000004 6.36581691 -0.16466085 -0.494513 0.8914139999999999 1.015555
21840 7.26977898 3.4248770100000003 -2.08186839 -0.529936 0.391613 0.560886
21860 6.45682428 5.3132039099999995 -2.42570889 -0.445408 -0.315936 0.272895
21880 3.32129322 6.609055860000001 -0.7050348900000001 -0.404918 -0.891077 -0.055098
21900 4.36941324 6.083799030000001 2.6177592600000006 -0.403606 -1.280251 -0.501107
21920 4.17437082 3.9640542300000003 1.68219918 -0.100153 -1.0349620000000002 -0.832586
21940 5.8763273400000005 3.41066232 1.1081474100000002 -0.157638 -0.0007160000000000001 -1.014843
21960 8.6358411 5.110823610000001 -0.50564664 -0.489492 0.212482 -1.029184
21980 7.65822555 4.85336016 -1.1374891200000001 -0.545153 -0.496129 -1.462363
22000 5.5386279 4.19472657 -0.58648104 -0.317848 -0.161916 -1.85431
22020 4.70336526 4.19607054 0.40356378000000004 0.027555 0.970203 -2.08622
22040 4.447255590000001 2.03546709 0.46313991000000004 0.2463 1.404266 -2.133318
22060 4.68585441 0.6240533400000001 0.07065161999999998 0.156448 0.062963 -1.759418
22080 6.64557849 4.47299703 -0.13307265000000001 -0.418555 -1.419529 -1.354542
22100 6.785841870000001 7.52365197 -0.32242527000000004 -1.20865 -0.043645 -0.557453
22120 5.74011549 7.0645635900000014 -1.5340093200000002 -1.262359 1.052858 -0.328497
22140 5.3611061399999995 6.155196210000001 -2.59784496 -0.82429 0.7517560000000001 -0.534423
22160 7.55149275 6.5386985399999995 -2.8430361000000004 -0.767614 0.569511 -0.030661
22180 9.067245660000001 8.784482220000001 -1.4133561300000002 -0.57076 0.5472520000000001 0.30296
22200 9.833946209999999 10.29139632 0.56163231 0.293927 -0.254859 0.342074
22220 11.645480430000001 12.32282169 0.07619427 0.092561 -0.6134850000000001 0.157393
