time Ax Ay Az Gx Gy Gz
20 11.22396435 9.921068819999999 0.66282246 -0.302908 0.3869 -0.586929
40 13.493537279999998 14.077173420000001 -1.3278914099999999 -0.237973 -0.064164 -0.53035
60 17.262706050000002 29.011623120000003 -12.82248423 0.5244260000000001 -0.224002 -0.114622
80 6.36716088 12.77368929 4.13245269 1.3708790000000002 0.484079 0.032456
100 4.4459018100000005 5.723948610000001 4.9174194600000005 1.397393 2.001379 -0.077193
120 4.91906754 7.2314611200000005 2.9831425200000004 1.579391 1.513571 0.009093
140 3.44882322 9.4049451 2.23036236 1.265688 -0.8312229999999999 0.045157
160 1.32773445 10.829975130000001 0.7994855700000001 0.586639 -1.286501 -0.063688
180 -0.31598991000000004 10.234517940000002 -1.70016129 0.473321 -0.8769819999999999 -0.078891
200 -0.21704625 7.478898750000001 -0.94094577 0.527039 -1.130197 0.060677
220 1.9020903300000003 6.38527014 -1.7042030099999999 0.725967 -1.324508 -0.003914
240 3.9222930600000003 6.84226899 -2.4697165500000002 1.079689 -2.5489610000000003 0.068492
260 4.81368852 6.154597800000001 -3.9550780800000003 1.770534 -2.705542 0.26473
280 5.29149438 4.76099901 -3.9122672400000003 2.333119 -3.304215 0.306815
300 4.50907821 3.88741851 -2.33574138 2.389381 -4.414037 0.209285
320 4.27271607 4.2966622800000005 0.7553307600000001 2.062526 -4.30089 0.169469
340 5.337150120000001 5.72813748 -1.55092176 1.936148 -3.234059 0.15653699999999998
360 5.967187560000001 6.391558350000001 -0.30446316 1.473003 -1.34356 0.648671
380 7.330856040000001 7.29882639 0.43858548 1.279947 -1.137119 0.6053970000000001
400 7.554337650000001 7.30810665 -0.22498254 0.442545 -0.403521 0.360394
420 7.30840095 7.49745927 -1.84910652 -0.211402 0.270088 0.305825
440 5.980813650000001 8.020469610000001 -4.52269449 -0.573821 0.583461 0.308233
460 5.778433350000001 7.797439260000001 -2.5086328200000003 -1.095092 0.409644 0.2717
480 5.93860122 9.14088933 -2.1029795100000004 -1.322541 0.563882 -0.006756
500 5.187459330000001 11.984680800000001 -4.80216177 -1.47414 1.157936 -0.5811430000000001
520 5.3678358 15.482308770000001 -3.4387974000000003 -1.6903169999999998 1.1631790000000002 -0.905263
540 4.57433433 16.85569896 -0.14893542 -1.945201 0.669946 -0.948072
560 4.78494522 16.920660780000002 0.22768029 -2.3096 0.309101 -0.703395
580 2.71594755 17.74859535 -2.13246837 -2.697573 0.712902 -0.382952
600 2.50069653 15.72165315 -9.51541551 -2.829317 0.929452 0.188418
620 2.4520487400000004 7.819443090000001 -5.0786370000000005 -2.4512240000000003 -0.639625 0.906642
640 1.19391624 7.42620924 -1.78398774 -2.492994 -1.308899 0.746974
660 1.3073787000000001 7.275615930000001 -0.57645522 -1.556501 -0.392064 0.29407300000000003
680 1.2916630800000002 6.4873628100000005 -1.4534790300000002 -0.5616 1.378216 0.282731
700 0.43589754000000003 4.475989080000001 -1.6573504500000003 -0.160152 2.946828 0.601855
720 -0.59920461 3.24569736 -1.5211386 -0.196542 2.847225 0.766235
740 0.04999176 3.2618642400000004 -0.5140341900000001 -0.443307 0.6078359999999999 0.492848
760 1.11443562 3.52472319 0.28216503000000004 0.325294 0.251185 0.039338
780 1.9965508200000002 4.84497261 0.40999914 1.281312 1.128138 -0.048043
800 3.38536233 5.94264294 0.22408002000000002 1.899872 0.786259 -0.335977
820 3.6498595500000004 7.013218050000001 -1.1020063500000001 -0.385289 1.865148 -0.959004
840 3.2180037300000004 10.08812331 -5.580241920000001 -0.14456 -1.439426 -0.6133930000000001
860 1.86542055 9.64624167 -6.8106906 0.258797 -0.75334 -0.176688
880 0.9877983300000001 8.322696089999999 -4.46895531 1.812148 1.6760970000000002 -0.343071
900 0.621954 7.35854967 -1.8067469400000002 0.938809 1.147445 0.215527
920 1.0178856 8.89899435 -0.18546786 -1.112591 0.087947 0.282672
940 0.36075294 11.403889560000001 -2.13875658 -2.077608 0.879867 0.481084
960 -1.6387899300000002 12.454403220000001 -4.79302866 -2.461339 1.2558280000000002 0.301665
980 -0.68961357 8.476870049999999 0.8590617000000002 -1.773812 -0.809999 0.036718
1000 1.21472325 6.127659540000001 2.324813040000001 -1.087977 0.199959 -0.57615
1020 3.3271301700000007 5.736073770000001 3.00260556 -0.503038 0.653025 -0.897384
1040 9.5586678 11.924947710000001 -1.23298947 -0.432205 0.475013 -0.930844
1060 15.80757894 18.197206650000002 -3.76706943 -0.5042810000000001 -0.19019 -0.751034
1080 21.1439835 36.62778339 -13.213020329999999 -0.245146 -0.715004 -0.534907
1100 6.7338979199999995 11.626174350000001 5.45795046 0.246021 -1.004838 -0.674247
1120 5.753133360000001 3.5681324400000003 5.455851120000001 0.67455 -1.254923 -0.842917
1140 5.7179547 4.932546480000001 1.72306764 0.409839 -1.120427 -0.6815
1160 5.018766570000001 9.85400766 4.213287090000001 -0.026536 -1.1526610000000002 -0.234785
1180 2.4896210400000003 10.986405390000002 0.48529089000000003 -0.455118 -1.098909 -0.251735
1200 -0.5843817000000001 8.82355545 -3.8977484400000004 -0.463056 -1.417602 -0.467163
1220 -1.52951634 8.190369 -2.5652169000000002 -0.6694220000000001 -1.664398 -0.3753530000000001
1240 1.5073653599999999 7.069046760000001 -1.82889792 -0.570167 -2.417698 -0.4239
1260 4.96098567 6.409971720000001 -2.4168700800000003 0.024937 -3.341536 -0.345921
1280 6.8476644900000005 5.74729641 -4.37479893 1.0108 -3.965159 -0.026314
1300 6.428385090000001 5.007386970000001 -3.8844264600000002 1.250198 -4.446771 0.591271
1320 4.16074473 5.81570154 -3.5352002700000003 1.585972 -4.334674 0.7718659999999999
1340 4.27661064 5.220548460000001 -1.82875077 2.18092 -3.011475 0.757234
1360 6.748563870000001 5.99907006 0.5828905799999998 2.584868 -2.116391 0.07845099999999999
1380 6.5948313600000015 5.978115900000001 1.96151931 2.789517 -0.248658 0.091374
1400 6.146220060000001 6.18184017 0.8491830300000001 3.119084 -0.296468 0.306314
1420 6.9370237800000005 7.40884554 -1.07191908 1.764603 -1.866066 0.526395
1440 6.633600480000001 7.75162656 -1.21546881 1.202535 -1.953701 1.349385
1460 6.745571820000001 7.2610971300000005 -1.6411835700000001 0.33455300000000004 -1.943578 1.967151
1480 5.42621511 6.19022772 -3.84625575 -0.191552 -3.121048 2.241655
1500 8.11941327 8.24740434 -0.6996492000000001 -0.361932 -3.433274 1.615955
1520 7.99980975 10.612477620000002 -1.15799202 -0.704896 -3.39041 1.051619
1540 5.43115935 14.349459780000002 0.89454447 -0.995783 -3.09846 1.02144
1560 5.11651341 18.30423375 6.11314074 -1.101545 -2.1555310000000003 0.806917
1580 3.74431023 28.812980430000003 -3.45751488 -0.985354 -1.344791 0.690253
1600 1.8934084800000002 26.705664900000002 0.73646613 -0.936905 -0.8609680000000001 0.601309
1620 0.14744430000000003 16.53536322 -2.67717843 -1.029485 -0.164742 0.531404
1640 4.41896355 12.66351318 -2.4818417100000003 -1.329986 0.353115 0.492322
1660 6.84900846 9.330850170000001 -2.09399355 -1.7542330000000002 0.239273 0.291883
1680 8.145164520000002 10.5301521 -2.8898886600000004 -1.6052110000000002 0.33998 -0.245589
1700 6.314471370000001 9.4080843 -1.42413732 -0.545147 -0.488261 -0.500974
1720 2.64005739 7.04180439 1.05620346 0.789751 -1.307849 0.30309
1740 -0.11616021000000001 4.910238540000001 2.33604549 0.735815 -0.425543 1.083521
1760 -0.50879565 2.4457605300000003 2.71385802 -0.202834 -0.354081 1.341792
1780 -0.40101318 3.0805950600000003 2.31882894 -0.957609 -0.439955 1.360131
1800 -1.23358788 4.31717499 1.4566182300000001 -1.562469 0.764728 1.12149
1820 -1.8684126 4.88748915 0.50265459 -1.594236 1.364926 0.239216
1840 -2.17078623 4.6886993100000005 -1.1439244800000001 1.145146 -3.350128 -1.298416
1860 -2.0941407 4.12811667 -2.6568226800000003 0.998495 -1.024145 -0.760833
1880 -1.85509062 5.54940909 -3.18851487 -0.6924170000000001 1.240888 -0.42517
1900 -0.059428980000000006 8.03514537 -4.00896441 -1.196943 1.614935 -0.5541550000000001
1920 3.9555293400000004 13.73214591 -9.656120340000001 -0.373539 2.621695 -2.349648
1940 8.315956620000001 18.02132316 -14.75511309 -0.095683 1.626033 -3.2148950000000003
1960 9.63815823 14.033617020000001 -13.4079156 -2.123116 -0.680055 -0.454066
1980 5.7431075400000005 7.61436504 -10.037974590000001 -1.7924639999999998 -0.15670599999999998 1.047357
2000 3.9510363600000002 3.63639042 -8.81920962 -2.002279 0.120097 1.004944
2020 4.1185323 3.21785658 -5.434749810000001 -2.214832 0.8695790000000001 1.572929
2040 4.72746843 10.04456691 0.11960352 -2.424676 1.569479 1.485109
2060 3.80464173 22.38744024 0.35521029 -2.222599 0.014279 1.0184959999999998
2080 2.0300814000000003 30.83063256 -7.90865523 -1.953212 -1.056517 0.301768
2100 -3.1537874700000006 1.18657836 6.94824642 -1.688035 -0.453528 0.061429
2120 -3.2840250300000005 -3.9540284100000003 5.013822330000001 -1.239306 0.042874 -0.05678200000000001
2140 2.3571468 2.82777174 5.8844107800000005 -0.969138 0.125864 -0.26544
2160 5.160521070000001 7.96478805 7.66136475 -0.98634 -0.212544 -0.337766
2180 5.254373340000001 15.540678270000003 4.38213681 -0.994464 -0.8600959999999999 -0.364767
2200 12.85572051 19.90546119 0.47450970000000003 -0.920603 -0.8907930000000001 -0.211456
2220 9.36287982 9.57559005 -1.26472482 -0.814191 -0.14595999999999998 -0.35480900000000004
2240 4.45039479 6.63555267 1.4879023200000001 -0.696045 -0.133996 -0.518505
2260 2.83569822 8.112232350000001 2.2053664800000004 -0.609246 -0.472199 -0.466191
2280 0.18396693 8.733587940000001 -0.34323228 -0.5573670000000001 -1.041215 -0.471508
2300 -1.1422764000000003 10.470428820000002 -4.0112109 -0.885818 -1.624226 -0.376916
2320 0.37422207 8.53285572 -1.7595902700000001 -0.5793020000000001 -1.894283 -0.24090100000000006
2340 1.64761893 7.447614659999999 -1.5706791 0.305548 -1.4049120000000002 -0.311191
2360 3.7308411 7.23865185 -2.57449716 0.881275 -1.6385599999999998 -0.455353
2380 5.50300779 9.23220081 -1.97962857 1.650406 -3.405003 -0.535311
2400 5.46782913 9.48727062 -1.67202621 2.1310860000000003 -3.588538 -0.60863
2420 4.9793990400000006 8.75185416 -2.00792061 2.494018 -3.2427900000000003 -0.540309
2440 4.95814077 8.20055178 -1.00949805 2.118393 -3.954959 0.191849
2460 4.95350064 8.0978607 0.14250006 2.1528150000000004 -3.382103 0.227675
2480 4.8036627 8.39079711 -0.1704978 2.805747 -1.543344 0.171127
2500 4.886292330000001 8.56249173 0.67464351 2.177928 -1.422985 -0.079104
2520 5.6077884 9.096136110000002 0.31314501 1.887644 -2.004222 0.071301
2540 6.0016206599999995 11.88977886 -0.70323966 1.34754 -3.387375 0.645072
2560 6.18169302 13.49683344 -1.24211277 1.092094 -3.917916 1.406678
2580 6.29785323 12.201727049999999 -1.9685530800000002 0.781091 -3.732702 1.711917
2600 6.531517620000001 11.28533571 -2.80905426 0.181244 -3.886706 1.849998
2620 5.942495790000001 9.58187826 -3.4331076 -0.048973 -4.328981 1.829728
2640 8.192311380000001 9.22486293 -2.39651433 -0.354798 -4.5864720000000005 1.486091
2660 9.33458778 12.12897609 -0.20671632 -0.7002520000000001 -3.404835 1.191607
2680 9.480835260000001 11.223807390000001 4.26792879 -0.879589 -2.426601 1.003231
2700 5.9823145800000015 10.85991525 5.66511804 -0.853353 -1.41649 0.923071
2720 5.739360120000001 13.798304550000001 0.896634 -0.835467 -0.483528 0.962593
2740 7.536081240000001 14.1830037 -2.11630149 -0.82242 0.016158000000000002 0.933202
2760 7.079082390000001 13.22365437 2.0131591500000003 -0.917518 0.188134 0.8992020000000001
2780 5.03029332 10.22703291 0.058232160000000005 -1.28015 0.011242 0.695002
2800 5.239256129999999 9.01604727 -0.46403262 -1.845132 -0.125368 0.449812
2820 5.17279338 7.723187370000001 -0.42721569 -2.033192 -0.129216 0.509392
2840 4.37734953 6.46849818 0.71072469 -1.356398 -0.361241 0.670378
2860 3.53669139 4.64034582 2.0101671000000003 -0.092923 -0.853115 0.835794
2880 3.1240043100000006 4.49904258 1.8236593800000003 0.510662 -0.168143 1.111529
2900 1.6357978800000001 4.78929105 1.9208078100000001 0.002058 -0.017676 0.953959
2920 0.32497587 5.42546955 1.7312982300000002 -0.56939 0.157504 0.798056
2940 -1.1160837000000001 6.1769057400000005 0.6779396700000001 -0.837691 0.886234 0.211999
2960 -1.17490446 6.805893510000001 -0.20747169000000001 0.881057 -1.7757330000000002 -0.7831229999999999
2980 -0.4770603 6.999896070000001 -1.51050456 0.915932 0.620737 -0.447324
3000 -0.72149607 6.73030746 -2.1266314200000007 -0.292049 1.852903 -0.110168
3020 -0.40715424 6.252050340000001 -3.57382224 -0.860017 2.39404 -0.676714
3040 1.61199882 7.25721237 -5.18461443 -0.398405 2.269563 -1.914604
3060 3.5675340300000005 8.26461108 -6.961872510000001 -0.595083 0.785899 -2.608421
3080 6.04024263 11.41451379 -9.88724394 -2.049405 -2.101316 -0.472026
3100 8.466540120000001 16.79358204 -11.41616187 -2.64093 -1.818078 0.869439
3120 5.29852815 12.92546961 -9.330094800000001 -2.072125 -0.607626 1.10046
3140 0.5060979 7.50764205 -8.03813742 -2.026757 0.728082 1.363985
3160 1.09003815 5.662871550000001 -4.08934755 -2.071637 0.624196 1.275142
3180 4.87146942 12.92861862 4.46850405 -1.952556 -0.115884 1.100665
3200 4.44605877 22.060080539999998 -3.9742370100000004 -1.781654 -0.432588 0.499788
3220 3.1406224500000004 10.96529427 -0.51537816 -1.3843530000000002 -0.402934 0.19915
3240 0.38484630000000003 1.6093010700000001 7.3410388200000005 -0.9823 0.195616 -0.115002
3260 0.21195486000000002 2.4131324700000003 3.8723013000000006 -1.148134 0.482028 -0.200917
3280 3.93741027 6.0318550800000015 4.75097319 -1.572844 0.577745 -0.325784
3300 4.57808175 9.57827799 3.36500658 -1.494967 0.123578 -0.303294
3320 8.068518990000001 16.639094160000003 2.04385464 -1.28677 -0.243898 -0.228729
3340 12.097397700000002 13.13339256 0.6155186400000001 -0.940937 -0.043473000000000005 -0.30027800000000004
3360 6.61983705 6.82056927 -1.21427199 -0.556295 -0.440905 -0.34622
3380 3.7898188200000003 7.860753000000001 1.30349394 -0.204097 -0.418674 -0.350198
3400 2.6348188500000003 8.33077953 0.17094906 0.14871099999999998 -0.208104 -0.301001
3420 0.49203036 8.569378350000001 -0.79723908 0.096737 -0.470564 -0.15575
3440 0.68392377 9.81344331 -0.5144756400000001 0.290248 -1.214203 -0.038077
3460 0.6375224700000001 8.235426330000001 -0.41583609000000005 0.639678 -1.5839299999999998 -0.055459
3480 1.44284499 7.32112452 0.0142245 1.2092200000000002 -2.195924 -0.151109
3500 3.3156034200000004 8.286467759999999 0.20702043 1.839629 -2.800546 -0.012403
3520 3.72979143 8.3785248 0.24698637000000004 2.187129 -2.593008 0.266427
3540 4.93284078 8.920252620000001 -0.79709193 2.371802 -3.386753 0.401194
3560 5.576955570000001 8.44393788 -1.90688742 2.831012 -2.34988 -0.086173
3580 4.740643260000001 9.083863800000001 -1.32684174 3.735481 -0.615242 -0.42925
3600 4.6548744300000005 9.772133400000001 -1.8018027 3.89845 1.072201 -0.581961
3620 5.1242927400000005 10.30636638 -1.9911553200000003 3.149537 0.265731 -0.451563
3640 5.71436424 10.180925910000001 -0.09805095000000001 2.571353 -1.022569 0.144253
3660 6.3379663200000005 11.004661800000001 -0.27258066000000003 2.200993 -1.973435 0.89064
3680 6.45323382 10.74001743 -0.44547210000000004 1.561963 -2.750367 1.530242
3700 6.38167968 9.906844320000001 -1.1602385100000001 1.110112 -2.510678 1.6549650000000002
3720 6.46266123 9.94157172 -1.7004654000000003 0.665175 -2.674798 1.258962
3740 6.96007728 10.619217090000001 -2.13575472 0.390835 -2.32948 0.922249
3760 7.4323404900000005 9.04643865 0.05343507 0.005915 -1.907049 0.578257
3780 5.9692869 12.868738380000002 0.9081607500000001 -0.365338 -1.011857 0.27755100000000005
3800 1.03719168 12.392276490000002 2.33588853 -0.501553 -0.018629 -0.234215
3820 -0.7726944600000001 12.91049955 3.10020525 -0.57124 0.673709 -0.417187
3840 1.6304121900000001 17.28830034 0.71820972 -0.700863 1.092566 -0.355604
3860 4.0481847900000005 17.88660243 -0.6475581 -1.070601 1.116661 -0.200121
3880 5.81854644 15.817908870000002 2.57988285 -1.475748 1.366475 -0.250273
3900 4.72612446 10.88476398 0.55400013 -1.784016 1.439641 -0.430913
3920 5.80701969 8.37747513 -1.52786826 -1.72322 1.407586 -0.4592890000000001
3940 6.11508312 7.4998529099999995 -1.8663230700000002 -1.484238 1.53938 -0.325329
3960 5.15572398 6.094727370000001 -1.6211319300000002 -1.453632 1.847619 -0.17916400000000002
3980 3.1623221700000004 5.166956429999999 -0.33530580000000004 -2.072611 2.077829 0.328964
4000 0.76730877 3.5088506100000005 0.8577177300000002 -2.870351 1.244491 1.092511
4020 -1.26726561 2.1592594800000002 1.13703786 -2.427743 -0.6365149999999999 0.90787
4040 -1.93023522 1.24002324 1.00740852 -1.649061 -0.452941 0.413146
4060 -1.39091085 3.11113359 -0.20238030000000004 -0.332557 1.035585 0.253792
4080 0.06256818 3.4079645700000003 -1.34839431 1.081875 1.936943 -0.206433
4100 1.1921210100000001 3.1946559300000006 -2.3140416600000004 2.675421 2.506754 -0.494066
4120 2.39876082 3.5191805400000002 -2.43992358 -0.6221949999999999 2.504644 -0.304521
4140 2.4501063600000004 4.45548618 -2.29173372 0.7506109999999999 -2.420923 0.302106
4160 2.10506904 4.712949629999999 -1.7092944 0.955581 -0.848925 -0.054194000000000006
4180 1.7573437800000002 4.563405990000001 -1.2747506400000002 2.012597 1.23742 -0.038802
4200 1.52891793 4.62388464 -1.14316911 0.617801 1.113768 0.390653
4220 1.5064628400000002 6.03125667 -0.54216927 -1.061586 0.133101 0.13555599999999998
4240 1.6660323000000001 10.309515390000001 -1.39435416 -1.149303 -0.027014 0.02619
4260 1.1752085700000001 13.579463070000001 -2.6456000400000006 -0.7545970000000001 -0.386824 0.153322
4280 -0.0058369500000000005 13.50281754 -4.28109381 -0.100379 0.412889 0.196391
4300 -0.50908995 11.535010020000001 -4.30504983 0.246164 0.586358 -0.060989
4320 -0.51896862 9.274560390000001 -2.29412736 0.646654 0.392228 -0.345294
4340 3.77425035 7.619603580000001 0.56163231 0.960376 1.093246 -0.367502
4360 6.506374590000001 9.50448717 5.347480050000001 1.058898 1.417791 -0.361889
4380 12.57535071 18.04557348 -5.4823479299999995 0.725187 0.6609689999999999 -0.220108
4400 16.85300121 23.1945678 -7.4365391700000005 0.608514 -0.002828 -0.08654500000000001
4420 11.87780085 25.022111940000006 -9.57334356 0.6752640000000001 0.15768900000000002 -0.059578999999999986
4440 7.13955123 9.37979226 7.93680012 0.657578 0.13375 -0.184653
4460 3.1762425600000004 5.9439869100000005 1.2889653300000001 0.667929 -0.818806 0.122151
4480 2.5658153100000005 8.68823631 0.5960556 1.375329 -1.665229 0.456121
4500 2.3683792500000003 8.606352240000001 -0.11511054 2.08401 -2.836024 0.6548510000000001
4520 2.50698474 7.20048114 -1.6104978900000002 2.3376080000000004 -3.702534 0.811557
4540 2.00657664 6.224955120000001 -1.35872424 1.969 -4.21822 0.8876229999999999
4560 0.46927115999999996 5.260661550000001 -4.04802783 1.719426 -4.517329 1.045428
4580 -0.8678907000000001 5.15887299 -3.66108219 1.11443 -3.321364 0.589949
4600 2.08561581 4.830905070000001 -2.53438407 0.571988 -0.768317 0.632026
4620 3.5684267400000005 4.9135347 -0.23336028 0.14911 -0.6102770000000001 0.637416
4640 2.7394523100000003 4.52853144 0.41957370000000005 -0.72326 0.316867 0.772208
4660 4.61879325 5.24239533 -1.0568018700000001 -0.8900319999999999 1.063656 0.642967
4680 7.40809017 5.7091257 -2.42465922 -1.274889 1.079996 0.353975
4700 9.433384290000001 6.39230391 -2.98419219 -1.422574 0.738351 -0.12731900000000002
4720 10.18212273 7.3706748300000005 -4.44381228 -1.474338 0.85336 -0.604255
4740 9.7234758 8.4852576 -4.72072896 -1.51874 1.135887 -0.889074
4760 7.85656413 10.77668721 -5.05259145 -1.687804 0.851791 -0.8257979999999999
4780 5.73696648 15.044616000000001 -6.00251337 -1.7872830000000002 0.419344 -0.487312
4800 3.61632897 17.725541850000003 -4.45773267 -1.633019 0.112008 -0.220922
4820 3.1904670600000005 16.543593809999997 -2.53198062 -1.713171 0.8556020000000001 -0.159409
4840 3.1723578000000003 12.55124754 -1.47203955 -2.027863 0.94406 0.635173
4860 0.41373675 14.86723158 -5.11142202 -2.102904 0.113779 1.073683
4880 2.5283901600000003 12.09799611 -8.52207453 -1.898805 -0.702225 0.8977620000000001
4900 3.82829364 8.84735451 -4.78554363 -1.583112 -0.278281 0.633436
4920 1.6940300400000001 8.042022180000002 -0.27707364 -1.422104 1.10185 0.61036
4940 -0.29309337 6.30713349 -0.23516532 -1.176107 1.076078 0.4486729999999999
4960 -1.73084697 4.47075054 -1.0473744600000001 -0.208362 0.25391 0.086882
4980 -2.24054514 3.43924866 -1.59148611 1.443557 0.55386 -0.164747
5000 -1.1006623800000002 3.77754651 -1.88068491 1.986869 1.355906 -0.608496
5020 1.21517451 4.35609126 -2.0562741 -0.977249 1.694624 -0.69266
5040 2.62763793 5.4744116400000005 -2.27422287 2.158776 0.8708799999999999 -0.410121
5060 4.32031419 6.92475147 -2.8104080400000004 -0.275535 -0.099978 0.199029
5080 5.92722162 6.76847817 -1.64687337 -0.248315 0.21860900000000005 0.158219
5100 3.7808328600000003 5.557796639999999 -1.6578017100000002 -0.320772 1.225399 0.194878
5120 2.40130161 6.66953451 -3.01338675 -0.940357 0.8588959999999999 0.477304
5140 1.04946399 7.63098318 -3.6176729400000003 -1.514632 -0.046199 0.345197
5160 -0.00194238 8.20055178 -2.6566755300000002 -1.291872 0.111873 0.315572
5180 -0.8253839700000001 8.765176140000001 -1.3578217199999998 -1.101923 0.480263 0.199991
5200 -1.9567320300000002 10.6807356 -2.4689611800000004 -0.7932020000000001 0.241874 -0.12549100000000002
5220 -2.8946759400000004 11.13863697 -3.2045346 -0.039225 0.235684 -0.296473
5240 0.21809592 7.37756145 0.85367601 0.484052 0.996849 -0.356819
5260 4.12287813 7.55853633 4.33378332 0.845198 1.179628 -0.291505
5280 8.92638387 14.304108150000001 -6.755754600000001 1.222832 0.737226 -0.008427
5300 15.011978130000001 23.32345158 -4.2906781800000005 1.622723 1.200167 0.024752
5320 14.542706970000001 22.08716595 -3.1672664100000003 1.990525 1.824202 -0.239466
5340 11.2818924 13.97134314 -1.91870847 1.837869 1.147948 -0.422332
5360 8.44902927 12.27208437 -0.45924534000000006 1.328426 -0.344001 -0.372704
5380 6.032306340000001 10.58254731 2.49800859 0.8785540000000001 -1.599927 -0.523788
5400 5.30856378 9.43668045 -0.31554846000000003 0.5095029999999999 -1.133952 -0.316523
5420 2.86623675 9.154662570000001 1.0190824200000002 0.933599 -0.581099 0.120497
5440 0.6170195700000001 8.49992355 -0.20252745000000003 1.676165 -1.836058 0.291799
5460 -0.29293641 7.33863537 -1.78683264 2.916491 -2.988351 0.198321
5480 0.01377324 6.79840848 -3.0476628900000002 3.100273 -4.227449 0.084757
5500 1.15754076 6.1751105100000006 -2.4168700800000003 2.722817 -4.217342 0.28186500000000003
5520 1.48117266 5.182976159999999 -1.1075490000000001 2.273197 -4.4431379999999985 0.394381
5540 1.9121259600000002 3.64507227 -1.61618769 2.005779 -2.726998 0.364677
5560 3.0169772100000003 2.6232921 -2.42031339 1.723737 -0.300717 0.979167
5580 4.31402598 4.28184918 -1.5938895600000003 1.044245 -0.609862 1.3551030000000002
5600 3.4030203300000004 5.9082098400000005 -1.5644007 0.122497 -0.28843 1.425165
5620 3.9446010000000005 6.9629221800000005 -1.18089837 -0.17458800000000002 -0.00063 1.106527
5640 6.34276341 7.51527423 -1.58669883 -0.675194 0.333727 0.776795
5660 8.315956620000001 6.95049291 -0.69905079 -1.100915 0.016875 0.463374
5680 9.60208686 7.65702873 -2.66970321 -1.200086 0.203782 0.162272
5700 8.55291717 9.47080944 -6.18484203 -1.407072 0.523637 0.007659999999999998
5720 5.90312826 10.40097402 -5.13103221 -1.737577 0.686154 -0.120907
5740 4.709055060000001 14.14722663 -7.21844325 -2.036771 0.990959 -0.42783
5760 4.7458818 18.294060780000002 -3.71003409 -1.974501 1.289015 -0.692696
5780 4.13665137 15.82673787 -0.35745678 -1.537435 1.677299 -0.935832
5800 5.039122320000001 13.031447040000002 0.5674692600000001 -1.406512 2.212054 -1.0456299999999998
5820 5.32098324 13.166167770000001 -2.55414141 -1.735067 2.442413 -0.8260299999999999
5840 2.24832447 19.54096083 -10.74899358 -1.425019 1.957473 -0.502776
5860 3.6579429900000004 12.54780423 -7.4541971700000005 -1.212544 0.945339 -0.123981
5880 1.54149435 8.04457278 -3.5877426300000006 -1.341023 0.8989149999999999 0.407156
5900 0.99916812 5.62125753 -1.6304121900000001 -1.30446 1.679617 0.4117520000000001
5920 0.8617594500000001 4.72432923 -2.28634803 -1.080261 2.154086 0.378527
5940 0.8051753700000001 4.79378403 -2.7503806500000003 -1.078129 1.668465 0.606695
5960 0.12633318000000002 3.7850315400000003 -2.31598404 -0.983455 0.5839770000000001 0.533971
5980 -0.9038247300000001 2.84992272 -1.15514712 -0.295862 0.618016 0.217195
6000 -0.55549125 2.77209018 -0.23980545000000003 0.953931 1.991681 0.068204
6020 0.20582361000000002 3.5862417000000004 0.26150517 1.981486 1.162044 -0.076311
6040 1.22670126 5.241502620000001 -0.51762465 1.427569 0.609101 -0.112586
6060 1.9842785100000002 6.07241943 -2.3845461300000004 -1.235098 1.931363 -0.5313260000000001
6080 2.57344749 7.400909250000001 -5.34613608 0.678114 -1.232847 0.291532
6100 3.4636461300000003 9.73425699 -6.4852634700000005 1.110933 -1.014398 -0.365886
6120 4.148178120000002 11.55641544 -4.45833108 0.976023 0.003768 -0.18974
6140 3.2587250400000003 9.43218747 -2.9792577600000003 -0.225976 0.231314 0.424346
6160 2.22242607 6.33587679 -1.79342496 -1.281196 -0.024918 0.415167
6180 2.03696802 5.918539770000001 -0.82089099 -2.276203 0.77432 0.408261
6200 2.0580693300000004 7.4342926799999995 -1.3186111500000002 -2.316214 0.499181 0.251305
6220 1.95223905 9.727968780000001 -3.4344613800000006 -1.419132 -0.800089 0.181256
6240 0.9307629900000001 10.68178527 -5.5500075 -1.089574 0.228248 -0.190569
6260 -0.28396026 8.78658156 -3.54747258 -0.264166 0.47831 -0.569684
6280 1.2298404600000001 6.593193090000001 2.32780509 0.058978 0.293525 -0.726355
6300 2.19623337 3.83262966 2.53393281 0.108424 0.035015 -0.591082
6320 4.35938742 5.80029003 0.8020361700000002 0.434783 -0.28217600000000004 -0.406799
6340 10.524609450000002 12.88894698 1.6573504500000003 0.980924 -0.255412 -0.114598
6360 18.96451542 30.410460450000002 -17.66281671 1.521236 1.07096 -0.076204
6380 14.089896990000002 31.831301610000004 -10.61427285 1.559607 1.811046 -0.039497
6400 9.17412561 8.198903700000002 7.649239590000001 1.206772 0.20800900000000005 -0.050589
6420 8.1843849 4.55038812 3.3522830100000003 0.699685 -0.89341 0.10324
6440 6.00985125 8.00355717 3.17055276 0.670465 -0.5489609999999999 0.303421
6460 2.8879462800000004 10.0499526 3.0755036700000007 1.091746 -0.652405 0.232789
6480 1.27924362 10.520420580000001 0.97282827 1.091915 -1.203759 0.118128
6500 -0.5728549500000001 8.56863279 -2.57584113 1.577921 -2.80841 0.049872
6520 -1.49988033 8.314906950000001 -2.10776679 2.002723 -3.935966000000001 0.071376
6540 -0.10523187 6.49064916 -3.0621816899999996 2.170293 -4.475258 -0.007948
6560 4.33528425 7.17308181 -2.9497689000000005 2.269804 -4.150678 0.254046
6580 5.32442655 6.5476845 -2.8771650900000005 1.918673 -3.340351 0.378741
6600 4.54754322 5.5588365 -3.4184416500000006 1.913413 -2.857619 0.608822
6620 4.1763132 4.977898110000001 -3.3780244500000003 1.49519 -1.589876 0.688666
6640 4.76339265 6.109697430000001 -0.98524773 1.102027 -0.045893 0.929632
6660 5.599852110000001 6.939564570000001 -0.78586929 0.222352 -0.055008 1.041004
6680 5.504950170000001 6.20010639 -0.30342330000000006 -0.626015 0.435612 1.095338
6700 4.74408657 5.4705268799999995 1.35992106 -1.009496 0.437479 0.961265
6720 7.8421924800000005 5.73741774 -1.55421792 -1.44134 0.237607 0.7032
6740 8.501865930000001 6.711589980000001 -3.93082776 -1.727475 0.350662 0.384863
6760 5.47576542 7.5139204500000005 -0.7324244100000001 -1.80683 0.952682 -0.113186
6780 3.82125006 7.48578537 -4.01106375 -1.866666 1.339639 -0.6588930000000001
6800 5.449121460000001 8.286919020000001 -1.51095582 -1.802561 0.929 -0.853404
6820 6.16403502 11.60926191 -3.20828202 -1.683059 0.464201 -0.606282
6840 5.059478070000001 15.370484580000001 -2.7503806500000003 -1.7949 0.697221 -0.174732
6860 3.6751595400000006 16.6323645 -1.47293226 -2.171972 1.0578 0.288985
6880 1.0797082199999999 18.14032827 -2.47929111 -2.494578 0.105261 0.6137600000000001
6900 3.0350864700000004 16.06145193 -2.5017462000000004 -2.43138 -0.999755 0.6401859999999999
6920 0.9737209800000001 15.73109037 -6.323300370000001 -1.459646 -1.347074 0.340839
6940 3.19555845 9.942327090000001 -8.308775700000002 -0.538625 0.961889 0.213991
6960 3.24435339 7.68816567 -5.2456914900000005 -0.095534 3.179394 0.462071
6980 2.3022108000000006 7.94098899 -1.60840836 0.077181 3.348555 0.8988959999999999
7000 1.4602086900000002 6.7818001500000005 -0.7050348900000001 0.07881 1.9831330000000005 0.832291
7020 -0.49143195 4.59978147 -0.81999828 0.5048819999999999 0.539467 0.251731
7040 -2.02124259 3.21756228 -0.99348813 1.518569 0.6101260000000001 -0.181386
7060 -1.86736293 3.2180037300000004 -0.8077161600000001 1.397761 0.403319 -0.572934
7080 -0.3700332 4.08739536 0.17693316 -0.922798 1.528001 -0.630109
7100 1.97034831 5.80747095 0.77943393 0.778105 -0.23655 0.405253
7120 2.9295603000000003 7.269935940000001 0.31644117000000005 0.933489 -1.062674 0.138205
7140 3.7895245200000005 7.43608791 -1.0479728700000002 1.206553 1.300103 -0.096856
7160 3.06921546 8.58898854 -3.6537541200000003 0.16381500000000002 -0.026357 0.321645
7180 2.43573471 8.86965264 -5.65030494 -1.229967 -0.195902 0.239487
7200 1.81811673 9.0841581 -6.10130988 -2.265464 0.588778 0.444893
7220 0.5072947200000001 8.489897730000001 -4.24846575 -1.862916 -0.419841 0.313333
7240 0.7235954100000002 8.16492186 -1.22325795 -0.8265290000000001 0.166433 -0.14485499999999998
7260 1.68174792 9.2432763 -0.28081125 -0.704112 0.964153 -0.474035
7280 0.5402268900000001 11.040742980000001 -1.12341177 0.161794 0.939453 -0.642075
7300 -2.03232789 9.872872290000002 -4.74169293 0.568859 1.063755 -0.644732
7320 1.41920289 7.049740679999999 0.38469915000000005 0.7957770000000001 1.004427 -0.390971
7340 4.56505407 6.86816739 3.6039095100000003 0.79548 0.692446 -0.160905
7360 8.76037905 9.620490420000001 -0.52750332 1.083084 1.577713 0.116639
7380 14.70766212 13.30732386 -3.3043807800000002 1.42495 1.425214 -0.138219
7400 19.07977311 30.24760464 -12.24423378 1.369843 0.547662 -0.14923
7420 9.26049285 21.415661640000003 5.04465516 0.875748 -0.359579 -0.08101599999999999
7440 5.51917467 5.84594577 5.55734538 0.461854 -0.803493 -0.065179
7460 5.12953128 5.953865580000001 2.4629770800000004 0.534616 -0.7398939999999999 -0.048729
7480 3.03463521 8.28197478 4.0261809600000005 0.677499 -0.672558 0.037641
7500 1.60286571 11.45777589 -1.27220004 1.092495 -1.031361 0.161708
7520 0.57315906 10.44603135 -0.33530580000000004 1.506032 -2.667302 0.521343
7540 -0.6267510900000001 8.831334779999999 -2.23859295 2.463377 -3.232432 0.357839
7560 -0.8440916400000001 7.18146936 -3.33581202 2.571788 -4.49226 -0.100193
7580 2.6533793700000006 6.61519692 -2.61520866 2.252085 -5.129332 -0.346233
7600 5.05962522 6.231243330000001 -2.5863182100000004 2.3008330000000004 -4.050128 -0.142177
7620 5.679783990000001 5.5121409 -3.1081317299999998 1.936548 -3.201764 0.338096
7640 5.7002967 4.067196570000001 -2.87342748 1.441748 -1.675827 0.385028
7660 5.602098600000001 3.6241181100000004 -4.29981129 1.399043 -0.230211 0.412787
7680 4.19218578 6.38137557 -0.81056106 0.578391 -0.079012 0.608755
7700 4.3188230700000005 6.5411019900000005 0.26405577 -0.698919 0.835219 0.860376
7720 5.654640960000001 6.372997830000001 0.24504399000000002 -1.349255 1.409556 0.8529610000000001
7740 8.743613759999999 6.755303340000001 -1.87440651 -2.032136 1.160515 0.853851
7760 9.23609538 7.802972100000001 -0.8214894 -2.330927 1.511301 0.503074
7780 6.72042879 7.22696814 -1.75300776 -2.354419 2.338293 -0.093149
7800 5.898635280000001 7.480389870000001 -4.23619344 -2.281168 2.491232 -0.573534
7820 5.64416388 8.84331279 -4.66774515 -2.085019 1.6619849999999998 -0.893704
7840 4.1573014200000005 10.209522060000001 -3.20752665 -1.940845 0.30937800000000004 -1.091789
7860 4.50083781 12.952417680000002 -3.9866564700000002 -1.812939 -0.8523200000000001 -0.7999189999999999
7880 4.1125482 14.978153250000002 -0.10059174 -1.610129 -1.506918 -0.047772
7900 3.2823769499999997 16.58670876 0.12424365 -2.181164 -1.003303 0.5116149999999999
7920 3.7627236 15.478110090000001 -0.027095220000000003 -2.246306 -0.17386300000000002 0.404343
7940 2.1902492700000002 16.29017208 -1.40976567 -0.870677 0.528025 0.309435
7960 -0.320787 13.33441908 -8.54228313 -0.027078 1.507934 0.413417
7980 2.8542685500000005 8.5635414 -7.849530360000001 -0.25342600000000004 2.174663 0.642786
8000 1.3674060900000002 6.45113448 -4.78644615 -0.8079689999999999 2.256377 0.668718
8020 2.37465765 6.27554529 -2.1197448 -0.217283 0.7065359999999999 0.389614
8040 2.21749164 5.366040570000001 -1.46979306 0.757364 0.7459979999999999 0.066291
8060 0.6563871 4.7027668500000015 -1.57876254 0.955456 1.258198 -0.055827
8080 -0.85188078 4.232298870000001 -1.3365732600000002 1.915033 1.007096 -0.164171
8100 -0.9768699900000001 4.160597580000001 -1.5473313000000002 2.333264 0.203969 -0.017078
8120 0.1212516 4.90604967 -1.74641544 -0.971439 1.871372 -0.14378
8140 1.8483609600000002 6.26222331 -1.64761893 -2.039404 1.679957 -0.100788
8160 4.1852991600000005 9.68247 -2.1363531300000003 1.54136 -1.579817 -0.799058
8180 3.98576376 11.6436852 -2.2902327900000006 1.776355 1.196233 -0.455938
8200 2.76011217 7.86329379 -2.6807787000000003 -0.744995 -0.263781 0.277145
8220 1.7741090700000002 7.816745340000001 -4.104317610000002 -2.786019 -1.1548770000000002 0.579156
8240 1.2780468 8.13303936 -3.8905577100000004 -2.697014 0.859302 0.832501
8260 1.45901187 7.98708618 -2.1582098100000007 -2.765048 3.108104 0.890033
8280 1.5676870500000002 9.33848235 -2.07244098 -1.489365 -0.303243 0.401251
8300 1.1683219500000002 11.1173787 -3.0409234200000004 -0.446059 1.914312 -0.680685
8320 -0.052993620000000005 10.52581608 -4.50907821 0.042385 1.051237 -0.787262
8340 0.3589577100000001 7.92092754 -1.07191908 -0.334136 0.6517850000000001 -0.733833
8360 0.97387794 5.843100870000001 -0.6328823400000001 -0.361756 0.025261 -0.674471
8380 2.76295707 3.4411910400000005 3.7004595300000003 -0.402485 -0.911304 -0.858358
8400 3.3902967600000005 1.6515135 3.68803026 -0.322446 -1.194851 -1.147992
8420 8.91860454 8.711888220000002 0.71311833 0.462153 -1.026365 -1.072224
8440 12.8696409 19.79408826 3.3624559800000005 0.783017 -0.6267689999999999 -0.8472370000000001
8460 31.613362650000006 57.43885473000001 -36.424657530000005 0.256872 -0.909223 -0.618746
8480 6.1191248400000005 4.211943120000002 15.185026530000002 -0.231028 -1.691471 -0.378665
8500 7.255858590000001 1.8083852100000002 3.74057262 -0.766578 -2.565539 -0.31185100000000004
8520 6.245310870000001 5.995185300000001 4.16045043 -1.076351 -2.698485 -0.362983
8540 5.3073669599999995 13.18084353 6.110894249999999 -1.19159 -1.948295 -0.32202
8560 2.22916554 11.2591332 1.53415647 -1.049824 -1.737873 -0.31916300000000003
8580 -4.14248832 9.869272020000002 -7.386537600000001 -0.060599 -4.020228 -0.510155
8600 -5.43998835 7.66600488 3.08448963 0.7689 -3.923966000000001 -0.526917
8620 0.512082 4.481826030000001 -2.04833781 1.700088 -3.293121 -0.319327
8640 5.6595852 3.9428057700000005 -2.27511558 2.177618 -3.066944 0.246672
8660 5.50599984 4.88299617 -3.2660629200000004 2.516502 -2.556001 0.848725
8680 5.516781030000001 6.986122830000001 -3.82155417 2.494214 -1.35509 1.313844
8700 7.0704005400000005 9.04045455 -3.32922951 2.107361 0.145069 1.053914
8720 9.10137465 8.41355631 -2.8460281500000004 2.451459 -0.769884 0.726341
8740 8.299495440000001 6.116878350000001 0.48289725 1.6838669999999998 -2.346953 0.442058
8760 8.16057603 5.736525030000001 1.3939029000000003 0.94305 -2.8398950000000003 0.7473
8780 8.39574135 5.16561246 0.5809383900000001 0.675998 -2.776337 1.59993
8800 6.89870592 6.18843249 0.23321313 -0.166152 -2.603877 2.091618
8820 6.3301869900000005 6.63839757 1.46455452 -0.8979309999999999 -3.230306 1.672839
8840 5.114865330000001 7.3784541599999995 2.8174418100000005 -1.319547 -3.890022 1.051171
8860 4.05985869 7.979758110000001 1.2783410999999998 -1.6333799999999998 -3.937997 0.800145
8880 1.87844823 6.9888205800000005 -6.533764110000001 -1.718301 -3.293615 0.635288
8900 4.39545879 8.19022185 -3.14136801 -1.392487 -2.386596 0.5018050000000001
8920 5.870637540000001 8.00370432 -2.1194406900000002 -1.091374 -1.534807 0.348993
8940 7.28729964 9.665253450000002 1.75449888 -0.898127 -1.035947 0.104013
8960 5.01501915 12.38748921 2.66385645 -1.109466 -1.25917 -0.10014
8980 7.574399100000001 19.618351920000002 1.17535572 -1.7082970000000002 -1.6488740000000002 -0.426426
9000 8.799452279999999 29.304706680000002 -2.2192868700000004 -1.948005 -1.7389830000000002 -0.5946279999999999
9020 5.489538659999999 25.257277260000002 -1.40258475 -1.109316 -2.186979 -0.111768
9040 2.97237114 14.207106870000002 -2.8687873500000003 0.315746 -1.809065 0.581364
9060 3.2524368299999997 9.608365260000001 0.35655426000000007 0.92285 -0.546745 1.127712
9080 7.11111204 8.722512450000002 0.8020361700000002 0.508763 -0.07349800000000001 1.154123
9100 9.0465858 9.39805848 -1.66454118 0.005063000000000001 -0.43674 1.053862
9120 4.968617850000001 7.70522526 -2.3135904000000003 -0.413218 0.272022 1.061782
9140 1.2478025700000002 6.16478058 0.20133063 -0.294821 0.076986 -0.082275
9160 0.41509053000000007 4.06943325 2.59155675 1.276383 -1.353141 -0.246792
9180 0.17573634 4.09533165 3.2379180300000003 -0.399629 0.929736 -0.123624
9200 -0.77688333 4.94212104 3.2359756500000003 -1.112811 0.84751 -1.052512
9220 -1.66559085 5.41468836 1.16997003 -0.620739 1.869743 -2.700788
9240 -1.80914058 6.0656897700000005 -0.14564907000000002 -0.636632 1.420032 -3.177818
9260 -0.6882696 5.07310416 -1.1816439300000001 -1.814691 -2.105832 0.71855
9280 0.5041555199999999 5.74894449 -2.55309174 -2.398619 -2.133598 1.24114
9300 2.05717662 7.6640625 -5.25138129 -2.480763 -1.14467 1.756319
9320 5.276230020000001 12.46218255 -11.09492361 -2.827103 -0.708209 1.865504
9340 4.08934755 18.40677768 -12.059668440000001 -2.880622 -0.5971 1.299898
9360 2.38094586 14.21084448 -9.10467081 -2.648794 -1.255339 0.807774
9380 2.50997679 8.303380200000001 -5.1063306299999995 -2.531435 -1.145618 0.440985
9400 1.62996093 4.98987612 -5.050197810000001 -2.343287 -0.407805 0.38367
9420 2.15416809 5.48579124 -7.38325125 -1.902934 -0.565654 0.04939
9440 5.727539070000001 11.701318950000001 -4.8955725900000004 -1.454195 -0.565575 -0.092754
9460 5.59790973 26.594448930000002 -2.68736121 -1.520229 0.068909 -0.196578
9480 1.97319321 9.74174202 2.3583436200000003 -1.754908 0.280787 -0.23160300000000006
9500 -1.8721600200000001 -0.23052519000000005 5.126539230000001 -1.786184 -0.487244 -0.21267800000000006
9520 2.09145276 1.5518242800000004 2.60742933 -1.526349 -0.697597 -0.314211
9540 7.423217190000001 6.643332000000001 7.011864270000001 -0.767458 -0.099735 -0.49982
9560 8.6213223 12.079729890000003 4.88658663 -0.40173 -0.140454 -0.490804
9580 14.58836271 17.42915232 0.8169964200000002 0.05793400000000001 -0.1666 -0.477945
9600 9.61376076 8.733136680000001 1.40902011 0.061281 -0.133481 -0.238683
9620 3.6621318600000006 9.05062752 1.56904083 0.028406 -0.869091 -0.068122
9640 0.39772683000000003 8.876392110000001 0.72943236 0.394355 -1.405945 -0.13004000000000002
9660 -0.37766538 10.539432360000001 -0.5545985400000001 1.101378 -1.933668 -0.107333
9680 -1.40452713 9.556578270000001 0.019306080000000003 1.778632 -1.98067 0.136739
9700 -0.18636057 8.7773013 0.6572798100000001 1.756379 -2.276368 0.044027
9720 0.30311919 7.853572080000001 0.22199049 1.546341 -3.729606 -0.255748
9740 1.65825297 8.738375220000002 -0.24878160000000002 2.270977 -3.675803 -0.485764
9760 3.1338829800000005 8.09291646 0.94947066 2.759577 -2.243599 -0.228881
9780 4.269419910000001 8.53869267 0.66956193 3.069532 0.361509 -0.358241
9800 4.5655053300000015 8.903938590000001 -0.38155995000000004 3.327668 1.848501 -0.2825
9820 4.51865277 9.43323714 -1.5025780800000001 2.848057 0.300287 -0.04138
9840 4.09368357 10.423870560000001 -1.47967173 2.029337 -1.884049 -0.000502
9860 4.767140070000001 11.31257808 -1.56380229 1.106669 -3.54781 -0.04968
9880 5.5101887099999995 11.468252970000002 -2.88959436 1.114882 -3.201177 0.370812
9900 6.6798546299999995 10.69990434 -0.7777858500000001 0.92481 -2.4654990000000003 0.907994
9920 6.624025919999999 11.368858050000002 0.31644117000000005 0.466739 -2.529808 1.402668
9940 4.94302356 10.71322632 0.032932170000000004 0.348542 -2.463412 1.417781
9960 7.2913413600000005 10.57865274 -0.15358536 -0.029101 -2.244672 1.389225
9980 9.7115076 10.31908995 -0.29324052 -0.31334 -2.11475 1.3795959999999998
10000 9.25121259 11.382327179999999 2.71206279 -0.494455 -1.7120990000000005 1.010346
10020 6.17570892 10.68627825 3.18822057 -0.6426930000000001 -0.881201 0.8768549999999999
10040 0.8012807999999999 9.20586096 0.44681607 -0.900953 -0.188923 0.872027
10060 -0.01482291 9.74099646 1.070271 -1.2027219999999998 0.222659 0.771116
10080 3.46619673 12.94642377 0.98988786 -1.63905 0.061867 0.600563
10100 5.845043250000001 15.842600640000002 2.2956282900000002 -2.080009 -0.175625 0.434349
10120 5.4965724300000005 15.3915957 1.37758887 -1.76867 -0.538571 0.3526
10140 4.90005576 12.47146281 1.2660687899999998 -0.647569 -0.860726 0.5563279999999999
10160 3.31919388 8.83088352 1.4413538700000001 0.351184 -0.30290300000000003 0.851009
10180 3.0202733700000004 6.448289580000001 1.1999003400000001 0.458373 0.163795 0.7315189999999999
10200 5.2087176 6.834342510000001 -1.3127742 0.250321 -0.277711 0.765883
10220 4.92999588 8.136178560000001 -0.97312257 -0.16883900000000002 0.228787 1.005861
10240 3.9736386 7.526349720000001 0.58887468 -1.0883200000000002 0.767401 0.309745
10260 2.61341343 6.408627750000001 0.97612443 0.025914 -0.7816649999999999 -0.61625
10280 1.22265954 5.57994762 0.93435345 0.579871 0.665413 -0.405931
10300 1.19886048 4.88060253 0.6361785000000001 -0.298887 1.993433 -0.34861
10320 0.96115437 5.433405840000001 0.10762551000000001 -0.7795949999999999 1.971843 -1.191562
10340 0.52870014 5.55524604 -0.03847482 -0.682197 1.7454610000000002 -2.204334
10360 -0.07724394 6.03245349 -1.4519781 -0.734558 -0.152974 -2.662671
10380 -0.046548450000000005 6.31701216 -2.8533660300000006 -1.16842 -2.921367 -0.755378
10400 1.0642869000000001 6.9153240600000006 -3.85073892 -2.465239 -1.385482 0.427868
10420 2.84707782 8.41520439 -4.03680519 -1.624427 -0.530176 0.791567
10440 3.75314904 10.404564480000001 -7.11141615 -1.591989 1.142754 1.183824
10460 5.658231420000001 13.2516423 -9.63082035 -1.673852 1.48695 1.226608
10480 6.97070151 13.65131151 -8.099960040000001 -1.645003 0.30112300000000003 0.979434
10500 3.43625661 11.33862363 -6.7585995 -1.543634 -0.631729 0.277379
10520 1.0355436 7.85776095 -5.001402870000001 -1.455266 -1.311024 0.113292
10540 2.53782738 4.58167221 -3.0855294900000003 -1.1418700000000002 -0.806581 -0.033648000000000004
10560 4.629574440000001 10.49736708 0.9993250800000001 -0.986409 -0.327085 -0.198751
10580 6.114180600000001 18.46215513 -4.35399192 -1.042245 -0.456653 -0.249181
10600 4.51925118 14.234653350000002 1.6667876700000002 -1.29911 -0.476753 -0.327862
10620 -0.08188407 4.56985116 5.683982670000001 -1.4392280000000002 -0.93578 -0.233181
10640 -0.09370512 3.5848977300000002 3.0057447600000002 -1.365326 -1.271902 -0.157458
10660 2.45429523 5.752240649999999 3.5739693900000002 -0.864347 -1.289965 -0.070614
10680 3.68698059 8.72370927 3.7941646500000004 -0.172771 -0.823415 -0.12727
10700 6.03739773 13.47961689 3.3787700099999998 0.398753 -0.6454310000000001 -0.110687
10720 11.4959466 13.57451883 1.02237858 0.647941 -0.963841 -0.087174
10740 7.460485380000001 8.17734132 -2.19248595 0.942038 -1.436164 -0.240475
10760 4.1995138500000015 8.816217570000001 0.5089428 1.613431 -2.0066900000000003 -0.404902
10780 3.0876288300000003 8.72909496 0.8873537400000001 3.166164 -2.096488 -0.34053
10800 1.19795796 9.051971490000001 -1.2159200700000001 3.652303 -1.010128 0.357955
10820 0.9729754200000001 9.39191742 -1.66454118 2.839745 -1.333401 0.652864
10840 2.36418057 8.3062251 -1.5124567500000001 2.362989 -3.641611 0.207043
10860 3.33595917 7.7104638 -0.28261629000000005 3.104952 -2.220878 -0.6153310000000001
10880 3.87738288 8.219259450000001 -0.18126918000000003 2.722859 -1.606749 -0.68288
10900 4.4897623200000005 8.603056080000002 -0.9143018100000001 2.244311 -1.999864 0.004352
10920 5.2935937200000005 9.17592084 -0.54740781 1.885735 -1.4013639999999998 0.627059
10940 5.35585779 8.668322009999999 -1.4473379700000002 1.314008 -1.476502 0.998108
10960 5.5938680100000004 8.65500003 -2.28604392 0.95877 -2.037242 1.140555
10980 5.383257120000001 9.77048532 -2.69634717 0.520546 -2.207255 1.146257
11000 4.67537733 10.16341506 -3.51783657 0.07131 -1.706247 1.187343
11020 4.59050121 10.25113608 -3.00918807 -0.27116 -1.173822 1.004807
11040 4.56445566 10.59092505 -3.17714508 -0.67772 -0.6964130000000001 0.783438
11060 4.14966924 10.54137474 -3.1296941100000004 -0.989916 -0.230577 0.444171
11080 3.8417627700000003 10.026300690000001 -3.6356350500000003 -1.1562629999999998 0.214312 0.155087
11100 5.0708576700000005 8.69302359 -2.31344325 -1.358572 0.800718 -0.06179
11120 8.879835420000001 8.98985457 0.37795968 -1.478855 1.260579 -0.13906400000000002
11140 9.833504759999999 14.39721486 2.61221661 -1.362349 1.578558 -0.105542
11160 2.274968430000001 16.40812752 -1.3108220099999999 -1.3541040000000002 1.7691419999999998 -0.08756900000000001
11180 0.24833034 15.824197080000001 2.95665552 -1.699936 1.537841 -0.286241
11200 2.7851080500000003 14.34960693 1.0591955100000001 -1.988703 1.184898 -0.484359
11220 4.96427202 13.270801230000002 0.98405091 -1.976113 1.078673 -0.304674
11240 3.57651018 11.05107291 -0.8482903200000002 -1.656093 0.983309 0.088653
11260 4.22361702 10.18960776 -2.70352809 -1.524873 0.870599 0.455046
11280 4.140094680000001 7.4940159600000005 -2.10118428 -1.873242 0.712263 0.658982
11300 4.004618580000001 5.706732060000001 -2.1555218700000003 -1.898871 0.07700900000000001 0.5025890000000001
11320 3.4615467900000003 4.99825386 -0.80996265 -1.205809 0.306373 0.352244
11340 2.07468747 4.167935460000001 -0.017667810000000003 -0.002634 1.560706 0.249014
11360 0.82942569 2.8749186 -0.16899687000000005 1.601595 2.219617 0.047867
11380 -0.21884148000000003 2.5334815500000003 -0.34038738 2.6715 2.01839 -0.10784
11400 -0.58213521 3.1485489300000005 -0.39143862 0.714125 1.224892 -0.042515
11420 0.046705409999999996 4.1835039300000005 -0.16495515000000002 -1.147253 -0.563854 -0.256187
11440 0.8069706000000001 4.5493384500000005 -0.5890218299999999 0.951639 0.012696 0.261936
11460 1.45362618 5.218449120000001 -1.40542965 2.508136 -0.058684 -0.019793
11480 2.0381648400000003 5.747894820000001 -2.94781671 2.421905 1.798946 0.373534
11500 2.3255684100000003 6.33752487 -4.24427688 -0.21559 0.40503 0.662409
11520 2.1782712600000003 6.87266037 -3.70225476 -1.083985 0.14591600000000002 0.147134
11540 1.5322140900000003 7.209604440000001 -2.18994516 -1.487884 -0.299804 0.073313
11560 1.60061922 7.539367590000001 -0.7186511700000001 -1.2921 -0.098517 -0.083675
11580 1.58116599 9.22830624 -0.21479976 -0.959493 0.111015 -0.289923
11600 1.5874443900000004 10.2381084 -0.48978387 0.304128 -0.487781 -0.026093
11620 1.6088498100000002 11.2764969 -2.80681758 0.5065069999999999 0.186536 -0.466719
11640 0.99348813 13.357021320000001 -6.19172865 0.707541 1.123739 -0.580815
11660 0.25581537 11.35838097 -4.5235970100000005 1.005592 0.799553 -0.753506
11680 -0.32122845000000005 8.62850322 -2.27706777 0.828572 0.255214 -0.604494
11700 1.41021693 5.9879945700000015 2.95201539 0.458187 -0.196377 -0.305264
11720 2.5676105400000004 4.53108204 4.47359544 0.557451 -0.292064 -0.171989
11740 7.38115191 10.68343335 -1.27819395 0.8630680000000001 -0.11656500000000003 -0.102781
11760 15.484545450000002 16.892074440000002 -12.21385221 1.300883 -1.023289 0.093719
11780 14.893875540000002 31.59674451 -7.653281310000001 1.7616029999999998 -2.112029 0.233997
11800 8.40217671 17.44113033 -0.38888802 2.0443860000000003 -3.908367 0.325868
11820 6.853795740000001 4.97894778 7.482793320000001 2.32167 -4.0197699999999985 0.239285
11840 3.3483884400000004 3.84490197 1.01549196 2.226227 -3.431346 0.223978
11860 2.55009969 7.391177730000001 2.0332206 1.9103330000000005 -3.822796 0.088745
11880 2.2799126700000008 8.35412733 -0.9503731800000002 1.7019220000000002 -2.699342 0.106146
11900 1.92559509 8.477017200000002 -0.63991611 1.172222 -0.704046 0.55602
11920 1.86391962 8.27658909 -2.36044296 0.8216030000000001 -0.218665 0.955668
11940 3.0985571700000003 8.051606549999999 -4.94062992 -0.001125 -0.135312 1.070524
11960 3.49882479 7.208564580000001 -6.37180101 -0.677706 0.4426810000000001 0.971054
11980 1.8688638600000003 5.520969900000001 -4.57703208 -0.999538 0.942472 0.6733359999999999
12000 2.4944083200000002 5.663322810000001 -1.7745603300000001 -1.296934 1.116468 0.309977
12020 3.71797038 4.74153597 -1.73579121 -1.637129 1.272465 -0.044044
12040 5.82423624 5.3271243 -2.7306233100000004 -1.982225 1.348339 -0.337109
12060 7.47096246 6.597077850000001 -2.17303272 -2.268897 1.433331 -0.563546
12080 8.321195160000002 6.595282620000001 -2.79169056 -2.3613470000000003 0.8454520000000001 -0.521778
12100 8.717421060000001 5.983511399999999 -2.08561581 -2.406988 0.452514 -0.25347
12120 9.20510559 6.77236293 -5.1771294 -3.239641 0.07674500000000001 0.665208
12140 6.115534380000001 11.60821224 -5.40615366 -2.5210220000000003 -0.900683 0.9834
12160 2.5017462000000004 15.438448260000001 -3.5202302100000002 -1.563966 -0.903112 0.4955020000000001
12180 2.08126998 15.568970310000001 -1.18657836 -1.72922 1.556832 0.317075
12200 2.7617602500000005 17.57839185 -2.98943073 -0.838017 2.5944580000000004 0.331585
12220 3.39763464 16.840728900000002 -2.87926443 0.08043 2.197835 0.6856800000000001
12240 1.66693482 17.46882396 -2.9669756400000002 -0.095501 2.186869 0.6502819999999999
12260 -1.58116599 12.121942320000002 -7.0838696699999995 -0.632387 1.1776 0.163921
12280 0.05343507 7.56077301 -5.80538142 0.027137 -0.035754 -0.139702
12300 1.28178441 6.77745432 -3.0120329700000004 0.6337010000000001 0.237341 -0.22875
12320 0.8765725499999999 5.606591580000001 -1.17745506 1.054351 0.791892 -0.212636
12340 0.61132977 3.7732006800000004 -0.68093172 0.709519 1.834356 -0.070034
12360 0.33455042999999995 2.6608644000000004 -0.9689337 0.597354 2.554823 0.208134
12380 0.31689243 2.6740392300000004 -1.1216165400000002 0.51379 1.899539 0.581199
12400 -0.08576883000000002 3.7068948900000005 -0.7625116799999999 0.7551939999999999 1.138435 0.230279
12420 0.15956946 5.263957710000001 -0.44083197 -0.196753 -0.37403 0.199931
12440 1.3145694300000001 7.27742097 -0.31973733000000004 -1.242441 -0.630467 -0.03244
12460 2.55802617 10.52551197 -2.7069714000000005 0.397352 0.171983 0.069853
12480 3.2665043700000003 12.828174030000001 -3.8227509900000003 0.198059 1.311948 0.212278
12500 2.08605726 10.153389240000001 -7.0921002600000005 -0.3599 0.8960899999999999 0.263393
12520 0.39981636000000004 8.140367430000001 -5.769153090000001 -0.649962 0.403006 0.213929
12540 1.7336918700000001 9.17217342 -2.03561424 -0.734644 0.448458 0.109662
12560 2.26164645 9.61540884 -0.27168795 -0.6871659999999999 0.7923180000000001 -0.141479
12580 0.65084445 9.69458535 -0.25327458 -0.507895 0.638941 -0.3024
12600 -1.36336437 10.905119730000001 -3.24839511 -0.122208 0.107909 -0.23920500000000006
12620 -1.67755905 9.57408912 -2.77477812 0.295321 0.415437 -0.25057
12640 1.23343092 7.90476066 -2.30565411 0.839952 1.089649 -0.16324
12660 4.255499520000001 6.810239340000001 -1.21113279 1.045748 1.973383 0.035754
12680 6.32554686 6.472245600000001 -1.3623147 1.194687 2.10299 0.262023
12700 6.70830363 8.468188200000002 1.9637658 1.089704 0.995721 0.198616
12720 8.99105139 11.610154620000001 0.08083440000000001 0.507139 -0.778713 0.092134
12740 11.80700208 16.80764958 -7.32112452 0.092941 -1.141309 0.019203
12760 8.51848407 17.88466005 3.25363365 0.345599 -0.274895 -0.019666
12780 7.36782993 14.703473250000002 1.67935428 0.449269 -0.49355 -0.041095
12800 9.389670930000001 15.11212842 -7.564667580000001 0.5850810000000001 -1.278555 -0.184418
12820 4.99616433 10.30861287 2.56282326 0.965721 -2.162409 -0.063123
12840 3.30887376 9.16513965 2.5286942700000004 1.817539 -2.896631 0.059136
12860 2.4069914100000003 8.03738205 1.14062832 2.512208 -3.0770720000000003 0.091994
12880 1.1578448700000001 7.31559168 0.46778004 2.505876 -5.264966 -0.213963
12900 0.74724732 7.830518580000001 0.09834525 2.545413 -4.462413 -0.61423
12920 0.7876645200000001 7.63397523 -0.5234616000000001 2.398084 -3.24121 -0.319859
12940 1.58789565 6.874004340000001 -2.29323465 2.934143 -2.837339 -0.018598
12960 4.16583612 7.351211790000001 -4.35459033 2.132385 -1.71387 0.508473
12980 5.4833976 7.231166820000001 -4.106407140000001 1.554127 -0.520903 0.512519
13000 4.671639720000001 6.392460870000001 -2.80022526 1.024738 0.091665 0.696044
13020 4.346663850000001 5.791902480000001 -1.0557522 0.000221 0.373888 0.803894
13040 5.466181050000001 6.051318120000001 -1.73938167 -0.839923 0.6679149999999999 0.73035
13060 6.72715845 6.73255395 -0.77403843 -1.262607 0.767663 0.395053
13080 7.15602222 6.98253237 0.7969447800000001 -1.6538130000000002 1.2708549999999998 0.10646
13100 9.63277254 6.483919500000001 -1.5087093300000003 -2.006926 1.432099 -0.216679
13120 8.35966998 6.70754826 -1.98382725 -2.339066 1.420001 -0.632386
13140 5.99652927 7.396867530000001 -2.7229911300000005 -2.705522 1.052647 -0.8887120000000001
13160 5.214103290000001 7.33939074 -2.71984212 -2.8338490000000003 0.219203 -0.944087
13180 5.209463159999999 7.16695056 -3.7712583 -3.256568 -0.057191 -0.456372
13200 5.067414360000001 8.411005710000001 -1.99325466 -2.6444 -0.611539 0.7108399999999999
13220 3.7895245200000005 11.67437088 -4.48796709 -2.332368 -0.961028 0.726286
13240 3.6329471100000004 14.750031510000001 -2.3397831 -2.404539 0.08304199999999999 0.4979810000000001
13260 3.29195151 14.679222930000002 2.7069714000000005 -1.825182 1.507458 0.492725
13280 2.08456614 17.03832192 -3.2389677000000003 -1.113875 1.482542 0.778668
13300 2.66535738 16.79117859 -1.41710355 -0.988492 1.065955 0.952061
13320 3.6354878999999998 13.36630158 -3.31306263 -0.999376 -0.37991 0.500912
13340 1.79282655 11.40837273 -4.7891439 0.321963 -0.398988 0.130947
13360 1.4624551799999999 6.608908710000001 -6.702760980000001 1.972974 1.692378 -0.025775
13380 0.7021899899999999 3.68234046 -4.663703430000001 1.815692 2.007532 0.152184
13400 0.055083150000000004 4.00088097 -2.0251371600000003 -1.133116 2.054754 -0.308582
13420 0.0170694 3.5748621000000003 -1.11891879 -0.036347 -2.169662 0.221512
13440 -0.03458025 2.5457538600000005 -0.8009865 0.291237 0.06592 0.311734
13460 -0.08741691000000001 2.6406558 -1.04782572 1.611316 1.136949 0.126234
13480 -0.30491442 3.0030568200000003 -1.4250398400000002 1.396759 1.088897 0.34057800000000005
13500 0.48708612000000007 5.125489560000001 -1.9610680500000002 0.27765700000000004 0.4502 0.394468
13520 2.44755576 7.69864275 -2.8111536 -0.12731900000000002 0.326802 0.16960699999999998
13540 4.01389884 10.896143580000002 -4.25864853 -0.127655 0.667928 0.110416
13560 3.4385031 14.285547630000002 -5.442980400000001 -0.405996 0.504544 -0.081463
13580 1.80194985 9.640855980000001 -5.63503077 -0.708975 0.412243 -0.179601
13600 1.1011136400000001 7.36977231 -4.6548744300000005 -0.8997649999999999 -0.011115 -0.169709
13620 2.3583436200000003 8.77070898 -2.14174863 -1.042556 -1.411397 -0.184935
13640 2.1395021400000003 9.18101223 -0.7580285100000002 0.11224 -1.005483 0.13453199999999998
13660 0.33545295 9.560472840000001 -2.13111459 0.659825 1.507189 -0.261173
13680 -2.1206375100000003 10.00339434 -4.89033405 0.839065 1.176706 -0.35457
13700 -1.34734464 7.52380893 0.12948219000000002 0.524355 -0.436266 -0.311972
13720 3.16561833 5.822293860000001 3.6887758200000005 -0.036785000000000005 -1.510761 -0.450179
13740 6.149516220000001 10.038573000000001 1.3708494 0.069063 -2.035797 -0.31203400000000003
13760 12.741953940000002 17.120500290000003 -1.89985365 0.273233 -1.48348 -0.082716
13780 14.71395033 18.660042450000002 -2.7981357300000003 0.770532 -1.017298 0.120986
13800 12.409640190000001 21.915324180000002 -8.161772850000002 1.396615 -1.257189 0.161986
13820 6.93044127 12.25351404 -0.12498921000000002 2.139618 -2.293413 -0.02164
13840 4.307296320000001 9.1072116 3.22639128 2.3587830000000003 -3.130574 -0.247636
13860 4.97430765 8.51668884 0.2689902 1.988247 -3.889039 -0.461828
13880 2.6321309100000003 6.660999810000001 1.0473744600000001 1.989035 -3.031375 -0.491764
13900 1.01833686 5.37756732 0.777933 1.975783 -2.160972 -0.23232600000000006
13920 1.2145761000000002 4.64409324 -0.46673037000000006 1.534746 -0.991018 0.079288
13940 1.37354715 4.87940571 0.09325386000000001 1.162655 0.324647 0.38906
13960 1.7441689500000002 5.390595 -0.31494024000000004 0.755478 0.5874020000000001 0.567477
13980 3.86436501 8.07839766 -4.44470499 -0.075071 0.955769 0.8090310000000001
14000 6.438116610000001 8.80110036 -4.86128664 -0.787369 1.3308879999999998 0.8580549999999999
14020 5.403161610000001 7.80775938 -2.52449559 -1.173849 1.251247 0.596947
14040 3.29464926 6.585551100000001 -3.1385231100000004 -1.402094 1.43639 0.050323
14060 3.7407197700000006 7.286995530000001 -1.44209943 -1.63474 1.5460969999999998 -0.5421699999999999
14080 6.146220060000001 7.53323634 -1.98382725 -1.771411 1.350079 -0.954139
14100 7.44417135 6.7791024 -2.1025282499999998 -1.86476 0.765536 -0.946564
14120 7.4244140100000005 6.741981360000001 -2.24203626 -2.27171 0.274554 -0.6219020000000001
14140 6.104606040000001 7.450753860000001 -3.0546966600000003 -3.400322 0.057408 0.312665
14160 5.154527160000001 8.17270119 -3.7035987300000004 -3.768973 -1.236437 1.0477530000000002
14180 3.8856232800000003 9.740398050000001 -4.641395490000001 -3.053427 -3.5492160000000004 0.710679
14200 2.6607172500000003 12.40844337 -3.2421069 -2.511237 -2.816071 0.448608
14220 3.0707163900000003 14.731618140000002 -1.6220246400000002 -0.54711 1.395805 0.400314
14240 2.9210256000000006 15.807127680000002 -1.5712873200000002 0.52323 4.531465 0.399499
14260 3.93441822 15.648156629999999 -0.7406550000000001 0.840432 3.473388 0.455414
14280 3.7501471800000004 13.75100073 -0.9798620400000001 1.054319 0.313786 0.268677
14300 1.9697499 13.038333660000001 -2.14039485 1.833677 -0.32494 -0.249558
14320 1.79656416 11.49743772 -5.98260888 2.569578 1.388001 -0.615149
14340 2.63706534 8.87564655 -5.65164891 0.546653 2.254128 -0.208442
14360 2.0044773 7.10542224 -3.36156327 -0.6371979999999999 2.348887 0.030995
14380 1.0681814699999999 5.32817397 -1.28567898 0.35438800000000004 -0.5407930000000001 0.133491
14400 1.09033245 3.34179612 -0.01406754 0.43734 0.126896 0.387452
14420 0.6225524100000001 2.18410821 -0.07873506000000001 0.788985 1.481663 0.414878
14440 0.03907323000000001 1.93487535 -0.05927202000000001 0.5484640000000001 2.014374 0.338808
14460 -0.0606258 2.65921632 -0.21943989 0.028733 0.635158 0.17778
14480 0.81280755 4.60367604 -0.74155752 -0.175054 0.182916 -0.036708
14500 2.35609713 7.14988116 -0.62629983 -0.153955 0.264219 -0.140283
14520 3.51709101 12.03572223 -0.75233871 -0.021014 0.004497 -0.306732
14540 2.7361561500000002 13.4944398 -4.56565248 0.12555 0.635316 -0.477432
14560 1.1587375800000002 13.210773840000002 -7.788904560000001 0.06561399999999999 0.626866 -0.443657
14580 -0.5288472900000001 10.552008780000001 -6.57133641 0.238488 0.257397 -0.106554
14600 0.19040229 9.261836820000001 -3.2223495600000005 0.543984 0.988537 0.070899
14620 0.24189498000000004 9.0784683 -2.19862701 0.836205 1.554737 -0.050631
14640 -2.7271800000000006 9.47304612 -5.638474080000001 0.7099880000000001 0.6820069999999999 -0.140125
14660 -1.68848739 7.45869015 -1.7338488300000001 0.530212 -0.464249 0.020322
14680 5.18731218 4.89452292 5.885911709999999 0.483074 -1.175975 -0.17458
14700 5.270393070000001 5.82963174 4.25236032 0.389702 -2.219735 -0.146121
14720 11.99829708 13.35821814 -0.94618431 0.890811 -2.165536 -0.015572
14740 17.33739939 22.17758472 -10.56218175 1.582611 -2.485505 0.280227
14760 9.588009510000001 20.562593850000003 0.060174540000000006 1.7769240000000002 -3.472352 0.212346
14780 8.310865230000001 12.796585830000001 -2.059119 1.664305 -4.435666 -0.146129
14800 4.567898970000001 10.21206285 1.21127994 1.571616 -2.569795 -0.208988
14820 3.9880102500000003 9.06021189 0.5234616000000001 1.398641 -2.940452 -0.07405700000000001
14840 3.22789221 8.77789971 -1.23897357 1.228946 -2.031072 -0.102045
14860 1.4322207599999999 8.118216450000002 0.5944173300000001 0.640506 -0.14597000000000002 0.250352
14880 1.0090467900000002 6.6518667 -1.4636520000000002 0.494039 0.371819 0.360829
14900 0.84124674 5.64505659 -1.1373321599999997 -0.252659 0.602639 0.561484
14920 1.0062117 4.76489358 -0.40191570000000004 -0.880165 1.182582 0.464491
14940 2.6195544900000005 4.95783666 -2.37660984 -1.111758 1.213976 0.273758
14960 4.86008982 5.8805260200000005 -2.37750255 -1.461593 0.971254 0.004569
14980 6.602169240000001 6.21178029 -2.52300447 -1.936925 0.784493 -0.297614
15000 6.5417004 5.89428945 -3.0850880400000005 -2.05468 0.832183 -0.399978
15020 7.25257224 7.4103366600000005 -3.45735792 -1.985923 0.352061 -0.272833
15040 7.52724243 6.918012000000001 -3.82829364 -2.464051 -0.368421 0.23002
15060 6.85095084 6.1790050800000005 -2.909646 -3.141553 -0.6628470000000001 0.652954
15080 7.9297565400000005 6.4358701200000015 -3.64177611 -2.906755 -0.998757 0.536451
15100 8.83941822 7.396269120000001 -3.69656496 -2.727548 -1.26667 0.5134770000000001
15120 7.58757393 9.974356740000003 -3.7074933 -2.268114 -0.936742 0.45858
15140 4.52254734 13.13174448 -4.09264371 -0.888274 -0.014338 0.359146
15160 3.0057447600000002 13.877196570000002 0.67913649 -0.180088 1.623609 0.389767
15180 1.12565826 13.96835109 0.51807591 -0.13903900000000002 1.5719299999999998 0.224546
15200 -0.32646699000000007 14.992672050000001 -2.38843089 0.235086 0.476857 0.159128
15220 2.1427983000000004 13.193115839999999 0.09580446000000001 1.378959 0.252346 -0.098582
15240 -0.07574300999999999 13.664339190000002 -2.57030829 2.629808 1.968485 -0.378327
15260 0.99707859 11.041341390000001 -6.728208120000001 2.1739490000000004 2.122695 0.079763
15280 1.81706706 8.177645430000002 -5.56662564 -0.334886 1.438492 0.463699
15300 2.44472067 6.7585995 -3.0798495000000004 -1.909606 1.342001 0.118469
15320 2.29548114 5.62709448 -1.2521484 -0.865506 -4.2359860000000005 0.329463
15340 1.81182852 4.986727110000001 -0.52840584 1.760207 2.798682 -0.24446
15360 0.84664224 5.141509290000001 -0.21195486000000002 1.960024 1.388001 0.178555
15380 0.5313978900000002 5.87154006 -1.10829456 0.08458099999999999 -0.73359 0.628577
15400 0.9122024700000001 6.33183507 -2.60862615 -1.272355 -1.231553 0.327044
15420 1.7262068400000001 7.40420541 -3.58010064 -1.918751 0.656407 0.281654
15440 2.44291563 8.81591346 -2.22512382 -1.688065 1.491453 0.114484
15460 2.53482552 9.098981010000001 -1.6946284500000002 -1.1912 -0.957298 -0.128871
15480 2.14039485 10.24319979 -3.7247000400000005 -0.291205 -0.527319 -0.5440149999999999
15500 1.3421060999999999 10.13138541 -4.91323059 -0.093075 0.982882 -0.6257510000000001
15520 0.7878116700000001 10.18751823 -3.06143613 0.251692 0.807934 -0.597482
15540 -0.06735546 9.540411390000001 -1.43581122 0.096058 0.409981 -0.311775
15560 -2.13366519 9.46691487 -3.7056980700000004 0.105542 0.27520500000000003 -0.182281
15580 -3.21516864 8.0833419 -3.4829620200000004 0.262335 0.336054 -0.350043
15600 0.08277678 5.24883069 0.02320065 -0.050723 0.166019 -0.181097
15620 3.6048022200000003 3.5970228900000003 4.659514560000001 -0.809032 0.041554 -0.365695
15640 3.36604644 2.49426117 2.7473886 -0.939659 -0.179098 -0.483829
15660 6.68554443 7.22008152 1.32414399 -0.96919 -1.091778 -0.523458
15680 11.40492942 16.43163228 3.96974403 -1.012942 -2.351562 -0.594789
15700 19.053874710000002 31.21324218 -30.76552359 -0.608967 -2.657699 -0.577688
15720 12.330757980000001 23.11447896 -0.5786919 -0.103094 -3.035636 -0.276704
15740 6.0128433 7.955959050000001 4.54455117 0.712597 -4.26264 0.032872000000000005
15760 6.38122842 7.35944238 2.37316653 1.310234 -3.755383 0.267133
15780 3.07670049 6.4674485100000005 2.7846567900000005 1.736693 -2.943665 0.4357140000000001
15800 1.53969912 8.633300310000001 4.42958778 2.17885 -2.105859 0.460162
15820 2.0061253800000003 9.771378030000001 2.2698770400000003 2.368488 -0.6995680000000001 0.2642
15840 1.9459508400000003 8.033046030000001 -7.40150766 2.318836 -0.100877 0.039827
15860 1.7004654000000003 6.866225010000001 -1.12955283 1.507767 -2.123805 0.202329
15880 2.0817212400000003 6.0535646100000005 -0.95816232 0.98024 -3.229439 0.628418
15900 4.334832990000001 6.3834749099999994 -1.43072964 0.56512 -2.595729 1.285935
15920 4.607570610000001 5.71496265 -1.35872424 -0.206813 -2.768516 1.475181
15940 4.8835945800000005 4.94152263 -2.1802136400000003 -0.7447159999999999 -2.817855 1.226864
15960 4.94616276 5.38385553 -1.2829812299999999 -1.144209 -2.935835 0.974261
15980 6.13424205 7.67709018 0.11197134000000002 -1.386351 -2.909601 0.751414
16000 9.17202627 8.8729488 -0.27317907 -1.319192 -2.704267 0.4931100000000001
16020 10.319688359999999 8.59078377 -1.9700540100000001 -1.112799 -2.3917740000000003 0.222823
16040 7.8624010800000015 8.03484126 -3.7878764400000002 -1.063554 -1.925281 -0.061578
16060 6.51489948 8.1092403 -4.31043552 -1.152203 -1.426715 -0.255116
16080 6.477778440000001 7.59071313 -1.59508638 -1.221237 -1.356169 -0.25462
16100 5.76570978 7.9299135000000005 -0.72284985 -1.07052 -0.985195 -0.18354
16120 4.51461105 10.214309340000002 -3.23132571 -0.5168470000000001 -0.888482 -0.074043
16140 4.89722067 12.385998090000001 -0.01002582 0.289874 -1.111618 0.148727
16160 4.75262127 13.25987289 2.50100064 0.8408110000000001 -0.6484340000000001 0.522655
16180 3.99848733 16.73953875 0.40625172 0.625949 0.107156 0.8972690000000001
16200 5.059478070000001 19.23484959 -0.43514217000000005 0.087825 -0.33993 1.014792
16220 5.513180760000001 20.390595120000004 -0.93525597 -0.4394810000000001 -0.433714 1.215259
16240 5.65059924 18.654205500000003 -2.48753151 -0.916777 0.5366920000000001 0.84535
16260 5.122948770000001 12.976815150000002 -1.24735131 -0.052718 -0.00255 -0.38172
16280 6.79990941 8.79900102 -1.50347079 1.983934 -2.019387 -0.481346
16300 7.7845587300000005 7.12548369 -0.80472411 -0.8543709999999999 1.424242 -0.050522
16320 5.747443560000001 6.0573022199999995 -0.16466085 -0.990839 1.45429 -0.5193949999999999
16340 2.29996431 5.361704550000001 0.5516064900000001 -0.213536 4.183099 -2.68168
16360 0.59202369 4.63391046 1.18389042 0.035851 3.40322 -3.405329
16380 -0.777933 4.46431518 1.7917768800000002 -1.271676 -0.007205 -0.025965
16400 -1.6730660700000002 4.63795218 1.2998936700000001 -1.65238 -2.186903 0.605488
16420 -1.0469232 5.21261217 0.97027767 -2.136292 -1.209863 1.2449940000000002
16440 -1.11128661 5.13971406 1.0741655700000001 -2.649703 -0.940076 1.089374
16460 -1.46545704 5.935756320000001 0.24009975 -2.531767 -1.729139 0.644692
16480 -0.39847239000000007 7.335044910000001 -1.88472663 -2.389253 -1.7215470000000002 0.7535689999999999
16500 0.7925989500000001 10.528504020000002 -7.19463438 -2.388156 -0.931403 0.825203
16520 1.5051188700000002 13.65101721 -10.70034579 -2.159676 0.019236000000000003 0.790329
16540 3.53205126 14.527893870000002 -12.330306720000001 -1.955937 0.487132 0.554008
16560 5.17549113 10.030342410000001 -9.45044388 -1.853243 -0.021092 0.221023
16580 4.567898970000001 7.161103800000001 -7.511526810000001 -1.602225 -0.5043449999999999 -0.09173
16600 3.0728059200000004 5.41813167 -7.472610540000001 -1.568539 -0.558027 -0.282638
16620 3.4590060000000005 8.100705600000001 -7.497312120000001 -1.7645509999999998 -0.6577689999999999 -0.21124
16640 6.142472639999999 18.55226979 -3.55675284 -1.707871 -0.427716 -0.248527
16660 5.77753083 32.60939157 -5.639818050000001 -1.431768 -0.348345 -0.356727
16680 -2.76848991 2.55084525 8.80963506 -1.295161 -0.8100970000000001 -0.353044
16700 -6.110894249999999 -5.98500252 4.90140954 -0.5276270000000001 -0.818735 -0.4566310000000001
16720 2.7351162900000006 1.38087522 0.89438751 0.200378 -0.10719 -0.5400520000000001
16740 10.456802730000001 8.7314886 11.774815470000002 0.35345 -0.066842 -0.37346
16760 9.39461517 12.964689990000002 3.38041809 0.103321 -1.159858 -0.412262
16780 13.290264270000002 20.522176650000002 -3.87154593 0.54351 -2.367701 -0.572146
16800 7.032828240000001 9.301959720000001 0.99916812 1.673207 -2.238061 -0.405256
16820 3.53565153 7.96014792 2.6571267900000004 2.505345 -1.969147 0.354377
16840 -0.1966905 7.62694146 -1.4289246 1.91212 -2.550343 0.490915
16860 1.5015284100000001 9.584271900000001 -1.84386798 1.459609 -4.037058 -0.017746
16880 3.82005324 9.405239400000001 -0.8000839800000001 2.38307 -3.821269 -0.169669
16900 3.4200897300000004 8.29814166 -0.7481400300000001 2.983763 -1.051169 -0.253413
16920 1.7904231000000002 7.45479558 -0.07784234999999999 3.221803 1.204949 -0.15956900000000002
16940 0.07424208000000002 7.984692540000001 -0.60893613 2.946405 0.289509 -0.095158
16960 -0.07663572 8.83492524 0.25057683000000003 1.65644 -2.391142 0.327623
16980 1.5157431 8.92968003 1.1563439400000002 0.919437 -4.297105 0.745797
17000 3.64791717 8.61623091 0.5465151 1.080725 -4.148957 0.853556
17020 5.25602142 7.763310270000001 -1.3373188200000001 0.666535 -3.496383 1.321981
17040 6.42224403 8.37134388 -0.0290376 0.180071 -3.441393 1.844078
17060 5.8910031 10.0903698 -1.6256151 -0.079289 -3.678142 1.867139
17080 4.850368110000002 12.23031339 -3.56528754 -0.345619 -3.524192 1.694165
17100 5.02669305 12.3692328 -2.1625556400000003 -0.517517 -3.0253650000000003 1.507523
17120 5.45914728 12.12897609 -1.5834026700000001 -0.623362 -2.32431 1.3071959999999998
17140 5.398227179999999 10.69945308 0.06511878 -0.769008 -1.6976759999999995 1.10455
17160 5.526061290000001 9.851162760000001 -0.44427528000000005 -0.814951 -0.890589 0.976077
17180 8.5723704 10.382707800000002 -1.1862840600000002 -0.7642770000000001 -0.518097 0.754831
17200 10.569225330000002 10.91829456 0.72149607 -0.907932 -0.438859 0.5112399999999999
17220 9.44460693 11.758795740000002 3.97827873 -1.259038 -0.468606 0.26313400000000003
17240 8.2771875 11.037299670000001 2.94991605 -1.851291 -0.624754 0.132079
17260 1.96316739 8.398586250000001 0.7463448 -2.253517 -0.569254 0.187951
17280 1.96510977 11.19911562 1.2717585900000001 -1.740953 -0.716827 0.417115
17300 5.3112517200000005 14.31128907 1.06338438 -0.5501520000000001 -0.830952 0.751387
17320 6.144876090000001 13.293109170000001 1.0931773500000002 0.42964 0.062322 1.090371
17340 5.97018942 13.07934927 1.17939744 0.347901 0.329176 1.027501
17360 2.6589220200000003 10.14380487 2.69798544 0.082104 -0.206677 0.996421
17380 4.0519224000000005 7.302564 1.30678029 -0.451455 0.396335 0.909668
17400 6.423892110000001 7.591017240000001 -0.6245046000000001 0.098781 0.197455 -0.180093
17420 6.81487947 7.510477140000001 -0.54307179 1.548259 -2.056522 -0.673417
17440 6.03125667 7.621850070000001 0.795591 0.14384 1.296175 -0.324327
17460 3.8438523000000004 6.508768230000001 0.9833053500000001 -0.711753 1.34789 -0.5269229999999999
17480 1.9513463400000002 6.5051679600000005 1.0093509 -0.484707 1.871356 -1.625208
17500 0.87313905 6.19726149 0.75742029 -0.385645 1.675318 -2.502343
17520 0.6890151600000001 6.1167312 -0.13711437 -1.297652 0.129394 -2.192676
17540 0.6634208699999999 6.2605850400000005 -0.025751250000000003 -2.338504 -2.304626 0.270766
17560 0.34263387 6.907682070000001 -0.24578955000000002 -1.764823 -1.215444 0.720962
17580 0.1591182 7.49671371 -1.3924019699999999 -1.7211470000000002 0.071015 1.31355
17600 -0.33574725 7.31184426 -2.01944736 -1.855144 1.415611 1.374984
17620 -0.12244842 6.27525099 -2.20821138 -1.95184 0.900866 1.246782
17640 1.41485706 6.2728573500000016 -3.16187091 -1.92036 -0.753382 0.656259
17660 3.30019191 7.83590427 -4.93389045 -2.011928 -1.518725 0.322246
17680 3.99009978 11.28009717 -8.769512160000001 -1.7026869999999998 -0.863614 0.062921
17700 5.60284416 15.40551609 -11.41032492 -1.088386 -0.461925 0.043196
17720 6.2662650300000005 13.142967120000002 -9.42215184 -0.852807 0.339819 -0.058735
17740 3.02835681 9.35254989 -5.68802439 -1.010656 1.112387 -0.248835
17760 1.5838539300000003 5.556894120000001 -5.289699150000001 -1.054922 0.7440140000000001 -0.263627
17780 4.38378489 8.100705600000001 -3.72186495 -1.204632 0.248955 -0.207423
17800 5.9619490200000005 17.109571950000003 2.9178864 -1.6960689999999998 -0.037467 -0.348289
17820 4.600536840000001 22.72274604 -8.609344290000001 -1.659615 -0.66522 -0.303433
17840 2.4462117900000004 2.8342071 7.29837513 -0.843619 -1.133771 -0.254404
17860 0.28276344 0.06780672000000001 5.314400730000001 0.191062 -0.558563 -0.341917
17880 3.35092923 4.8819465 4.871175120000001 0.557228 0.251705 -0.29126
17900 3.8209557600000004 7.53532587 5.518125 0.5946670000000001 -0.246682 -0.098079
17920 4.750521930000001 12.561881580000001 2.89003581 0.814813 -1.258771 -0.003378
17940 9.69219171 19.22332284 1.22775093 1.350192 -1.757983 0.496657
17960 10.541973150000002 10.87698465 -2.28754485 1.624823 -2.848601 0.734981
17980 5.03613027 6.98552442 0.039367530000000005 1.335253 -3.563108 0.114306
18000 3.62515797 8.2683585 2.4816847500000003 2.023274 -4.063217 -0.357743
18020 2.04025437 8.42523021 0.01018278 2.738957 -2.579116 -0.488173
18040 0.2402469 9.561816810000002 -2.1125540700000003 3.1018220000000003 -0.8357870000000001 -0.670539
18060 1.1216165400000002 8.35622667 -1.33911405 3.118596 -0.228482 -0.7096560000000001
18080 1.9140683400000003 8.35307766 -0.26748927000000006 3.189822 -0.065563 -0.488245
18100 2.3462184600000002 7.5975997500000005 -0.9279180900000001 2.680765 -1.415946 -0.143966
18120 3.00335112 8.52327135 0.0290376 2.08061 -2.008092 0.338641
18140 3.22849062 8.96246505 1.5313115700000002 1.809051 -1.535728 0.462189
18160 3.25528173 8.56249173 0.7592253299999999 1.380633 -1.533602 0.83414
18180 3.8648162700000004 8.219259450000001 -0.13890960000000002 0.951603 -1.77722 0.857093
18200 4.7600964900000005 8.17090596 -0.82284318 0.489792 -2.229373 0.843764
18220 5.3292138300000005 9.27261801 -1.99415718 0.218396 -1.851293 0.836043
18240 5.535792810000001 9.85939335 -2.65188825 0.015072 -1.159797 0.7130270000000001
18260 4.88823471 10.58643207 -2.8729762200000004 -0.070424 -0.285908 0.430368
18280 5.71615947 11.192523300000001 -1.7580893400000002 -0.211898 0.21861 0.126426
18300 6.54558516 11.16647775 -0.48155328000000003 -0.383062 0.570828 0.105551
18320 6.856042230000001 10.56218175 -0.01915893 -0.5702689999999999 0.7587189999999999 0.167028
18340 8.46235125 11.15420544 0.6993450900000001 -0.79078 0.610291 0.180633
18360 9.588009510000001 12.3057621 1.04602068 -0.960774 0.714431 0.125901
18380 7.94907243 12.48014466 -0.04460607 -1.117335 1.071496 -0.054043
18400 1.1588945400000001 10.05968412 0.03666978 -1.098515 1.34567 -0.169631
18420 0.29982303 9.54115695 1.99145943 -0.8711469999999999 1.5167620000000002 -0.262265
18440 0.52226478 11.178602910000002 2.95799949 -0.6148239999999999 1.630591 -0.445423
18460 1.9002951000000001 17.235757980000002 0.8777791800000001 -0.69862 1.865691 -0.557405
18480 3.6597382200000004 17.26374591 1.73998008 -1.077116 1.7157220000000002 -0.288528
18500 3.9481914600000003 13.730949090000001 1.35902835 -1.39019 1.204357 0.25687
18520 3.7181175300000002 10.67864607 1.04197896 -1.50496 1.105644 0.532864
18540 3.97857303 8.44364358 -0.46508229 -1.3803379999999998 0.91617 0.388699
18560 5.06172456 7.6751379900000005 -2.54366433 -1.2634459999999998 0.972534 0.311463
18580 5.13940995 7.36019775 -2.3197216500000004 -1.318626 0.989968 0.261917
18600 3.0690683100000005 6.59154501 -2.12767128 -1.391997 0.945987 0.401398
18620 1.4564710800000003 5.66122347 -0.5043026700000002 -1.3107719999999998 1.041322 0.465937
18640 -0.10044459 4.2508593900000005 -0.004640130000000001 -1.105016 0.918455 0.377801
18660 -0.44487369000000004 3.8254487400000006 -0.45834282000000004 -0.074287 0.246763 0.159398
18680 -0.3990708 4.42135719 -1.8103374 1.337329 0.468807 -0.115173
18700 0.99662733 5.5497132 -2.8759682700000004 1.191317 1.055967 -0.036829
18720 2.07782667 5.81270949 -2.95994187 -0.8600040000000001 2.496016 -0.338218
18740 2.67134148 5.4706740300000005 -2.7436411800000005 1.16753 -0.610088 0.506728
18760 2.91428613 4.95484461 -2.3312484 0.038543 0.987454 0.246831
18780 2.86099821 5.04990351 -2.33320059 0.8072189999999999 -1.539915 -0.019094
18800 2.4861777300000005 5.43489696 -2.2439884500000002 1.526637 1.431524 -0.205883
18820 1.8941638500000002 5.35376826 -1.8802434600000002 0.8858159999999999 1.393035 0.383621
18840 1.6274201400000001 5.49612117 -2.03981292 -0.380149 1.080685 0.205331
18860 1.6902826200000003 6.46146441 -2.430192060000001 -0.593454 0.51195 0.093475
18880 1.6946284500000002 8.36161236 -3.0729628800000004 -0.311835 -0.13711900000000002 -0.071437
18900 1.97184924 9.86897772 -3.18881898 -0.035007 -0.348661 -0.156826
18920 1.5732297000000002 10.431954 -2.57868603 0.322089 0.058089 -0.15378499999999998
18940 1.3178557800000001 10.24709436 -1.87739856 0.610642 0.8699290000000001 -0.162424
18960 1.06923114 9.48382731 -2.4557961600000002 1.024771 1.676696 -0.343231
18980 1.8365301 8.641079640000001 -2.81534247 1.175136 1.2901280000000002 -0.239136
19000 3.1605269400000005 8.81052777 -3.10873995 0.705992 0.075696 -0.09451
19020 3.1394256300000003 9.74952135 -2.64364785 0.372574 -1.214332 -0.077026
19040 2.18305854 10.33376571 -2.15327538 0.496595 -1.224186 -0.383795
19060 0.34817652000000004 8.7314886 -4.05611127 0.440536 -1.02409 -0.291508
19080 -0.04355640000000001 6.63510141 -1.90359126 0.5929180000000001 -1.565567 -0.07824199999999999
19100 2.4755535 5.291798490000001 3.1609782 0.98213 -2.627558 0.094617
19120 5.428010340000001 7.45898445 2.26659069 1.77849 -3.342471 0.231419
19140 9.98767872 14.62923117 -0.49098069000000005 2.377204 -4.2024050000000015 0.043354
19160 13.309119090000001 19.50189741 -4.38213681 2.267742 -4.721208 0.141531
19180 9.254803050000001 21.847517460000002 -2.7503806500000003 2.110905 -3.359945 0.31708400000000003
19200 7.789650120000001 16.773373440000004 -6.34320486 2.122544 -3.126869 0.095745
19220 6.03724077 8.016280740000001 4.06165392 2.021009 -2.045951 0.267771
19240 5.34343833 7.7347141200000005 2.80905426 1.80613 -1.012502 0.686893
19260 4.017195 7.225771320000001 0.01571562 1.02381 0.093915 0.667192
19280 2.4373827900000005 6.89241771 -0.54321894 0.47819 0.1717 0.6023930000000001
19300 2.4911219700000005 8.052803370000001 -2.08456614 -0.131466 0.280457 0.573426
19320 1.84311261 6.079757310000001 -2.0853117 -0.8797159999999999 0.45546 0.348989
19340 2.12872095 5.133573 -2.42705286 -1.258685 0.7490859999999999 -0.023639
19360 1.39031244 4.756662990000001 -3.91002075 -1.526324 1.007755 -0.275804
19380 3.1849244100000007 5.282665379999999 -1.5175481400000002 -1.718003 1.04577 -0.558134
19400 4.60876743 5.55584445 -1.06937829 -1.96522 1.005408 -0.905913
19420 5.26245678 6.4574226900000005 -2.34697383 -2.140731 0.399919 -0.917045
19440 6.283030320000001 7.30660572 -2.8839045600000004 -1.966293 0.132746 -0.588608
19460 8.1644706 6.69123423 -2.0853117 -1.827963 0.782225 -0.091751
19480 8.14067154 6.00820317 -2.2219748100000007 -1.945674 0.536493 0.45574
19500 9.00707112 7.22861622 -4.489909470000001 -1.890859 0.424305 0.491518
19520 8.08423461 8.664584399999999 -3.72620097 -1.795789 0.889642 0.456334
19540 6.34396023 10.006543350000001 -4.63421457 -1.788963 0.771274 0.481102
19560 4.796324820000001 13.843665990000002 -4.450846050000001 -1.835361 0.690333 0.516133
19580 3.9243924000000003 16.22745675 -2.70352809 -1.736746 0.4602729999999999 0.4209770000000001
19600 3.8416156200000002 15.2672049 -0.0811287 -1.552819 0.040072 0.382208
19620 1.6958252700000003 14.864837940000001 -1.6278615900000002 -1.406517 -0.212723 0.336552
19640 0.7536826799999999 15.83512542 -1.85793552 -1.1363219999999998 -0.643968 0.320832
19660 0.30177522 16.607810070000003 -7.343579610000001 -0.5473439999999999 -1.40001 0.267163
19680 2.5204538700000003 9.982891440000001 -4.9991563800000005 0.358254 -1.203013 0.035022000000000005
19700 0.88646103 6.88942566 -3.7958029200000003 1.7208560000000002 2.079896 -0.279065
19720 0.31479309 5.42755908 -2.8788131700000004 2.26832 5.8036910000000015 -0.384698
19740 0.5701670100000001 4.563710100000001 -3.24600147 1.17829 3.267023 0.088433
19760 0.03622833 4.078419210000001 -3.7969997400000004 1.042283 0.014249 -0.204246
19780 -0.72943236 3.78173538 -2.7009873000000004 -0.808924 -2.125951 -0.182387
19800 -0.8110123200000001 3.43670787 -1.82904507 0.493866 0.6961149999999999 0.248249
19820 -0.47646189000000005 2.9822498100000003 -0.5405211900000001 -0.186703 1.942695 0.5196350000000001
19840 1.1135331000000002 4.2349966199999995 -1.22969331 -0.7417819999999999 1.524417 0.640208
19860 3.7748487600000002 7.788600450000001 -2.9710173600000003 -0.996501 1.232813 0.524502
19880 4.4396136 9.25570557 -5.2477908300000005 -1.392122 0.916168 0.399299
19900 3.57980634 8.828195580000001 -6.960822840000001 -1.350655 0.449165 0.20043
19920 1.1060480700000002 8.140367430000001 -6.122715300000001 -1.164589 -0.036821 0.094462
19940 1.02626334 7.8700332600000005 -3.5127451800000005 -0.999297 -0.19237 -0.044121
19960 1.5786153900000002 8.33960853 -2.80337427 -0.506007 0.080954 -0.092301
19980 1.34659908 8.72865351 -3.1681591200000003 -0.055505999999999986 0.38085 -0.08847000000000001
20000 0.7276371300000001 8.84929689 -2.11195566 0.112224 0.209759 -0.07212400000000001
20020 -0.12364524000000002 9.76464837 -1.90359126 0.428045 -0.24521 -0.055448
20040 -0.41643450000000004 10.415639970000003 -1.2907703700000002 0.736701 -0.007375 -0.126236
20060 -1.09152927 10.018217250000001 -2.1547665 1.251759 0.805029 -0.205932
20080 -0.64950048 8.84690325 -3.16142946 1.216903 0.957187 -0.13159500000000002
20100 0.3441348 9.807155100000001 -5.473214820000001 1.10735 0.368277 -0.083536
20120 4.51281582 9.14911992 -4.26388707 0.796112 -0.267716 -0.074213
20140 7.793838990000001 8.192311380000001 1.5640965900000001 0.306295 -0.582188 -0.12850599999999998
20160 8.653656060000001 16.73729226 -1.73758644 0.145763 -0.717884 -0.154022
20180 7.978404330000001 16.89072066 1.44284499 0.087138 -0.6507890000000001 -0.09897
20200 9.452690370000001 18.99788904 -2.20326714 0.118576 -0.5252560000000001 -0.08395599999999999
20220 9.26812503 11.706851790000002 -1.75375332 0.181504 -0.848988 -0.16642300000000002
20240 8.209527930000002 9.80206371 2.4887283300000003 0.548395 -1.394444 -0.209095
20260 5.28295968 10.829975130000001 0.9698362200000001 1.196027 -1.874852 0.020371
20280 4.14248832 10.86485949 2.2676305500000007 1.909244 -3.114388 0.08996599999999999
20300 4.233642840000002 9.94921371 0.24414147 2.713749 -3.843688 -0.178013
20320 4.07243511 9.027132570000001 -0.31180104000000003 2.568414 -4.4650349999999985 -0.511517
20340 3.1877693100000006 6.81861708 -1.01099898 2.248638 -4.319587 -0.909179
20360 2.25566235 6.17255991 -1.9336785300000001 2.827097 -3.517389 -0.623088
20380 2.10118428 6.876702090000001 -2.8213363800000004 2.531813 -2.3186 -0.189784
20400 3.2974941600000003 6.447838320000001 -2.10118428 2.027143 -1.121343 0.541162
20420 3.55256397 6.15968919 -2.12123592 1.757459 0.090085 0.988515
20440 3.85029747 6.368504850000001 -2.105971560000001 0.8502790000000001 -0.16477 1.039121
20460 4.1213772 6.959626020000001 -2.88075555 -0.23516 0.344403 0.921928
20480 4.466257560000001 8.377632089999999 -2.7144564300000003 -0.618058 0.582221 0.656166
20500 4.6108569600000004 8.641825200000001 -1.68998832 -1.032889 1.047162 0.363185
20520 4.497845760000001 7.06216014 -0.92896776 -1.52566 1.232326 0.040107
20540 4.19577624 6.615491220000001 0.53034822 -1.701585 1.505387 -0.427217
20560 4.307139360000002 7.188503130000001 -0.90247095 -1.950617 1.350838 -0.7225189999999999
20580 4.47569478 7.597746900000001 -0.59830209 -2.301046 0.719478 -0.772228
20600 5.24179692 7.941881700000001 -0.91803942 -2.526708 0.214844 -0.919504
20620 6.233038560000001 8.960816970000002 -2.38888215 -2.31246 0.611801 -0.475204
20640 6.737341230000001 9.03087018 -2.6203000500000004 -1.530988 0.754273 0.512836
20660 5.73427854 8.91516123 -3.81227391 -1.45419 0.119837 0.595371
20680 5.958505710000001 8.01717345 -2.9024650800000003 -1.897998 -0.184065 0.522157
20700 6.63225651 7.73591094 -4.68046872 -2.169238 1.043689 0.618034
20720 4.53991104 9.41167476 -5.391938970000001 -1.318893 1.734228 0.353897
20740 2.72672874 12.87337851 -3.1699543500000003 -0.541454 1.567954 0.501614
20760 2.9383893000000003 13.414655070000002 -0.10059174 -0.671609 1.499555 0.6695720000000001
20780 0.56777337 13.02546294 1.6995628800000002 -1.328278 0.989005 0.5107470000000001
20800 2.29532418 13.69412235 -2.8473819300000005 -1.432702 -0.389275 0.288525
20820 6.2804895300000005 13.564188900000001 -0.61776513 -0.610503 -0.689435 0.312813
20840 4.93912899 15.83092674 -3.9428057700000005 -0.100225 0.021733 0.246031
20860 -0.53812755 15.74635473 -10.914704100000002 0.073239 0.513779 0.123767
20880 0.54067815 6.0514652700000005 -7.36768278 1.075385 2.000438 -0.361452
20900 0.63467757 3.1572307800000003 -2.5267420800000004 2.352315 3.046792 -0.466037
20920 1.6341498 4.02123672 -0.47646189000000005 1.21904 1.99653 -0.042113
20940 1.49973318 4.73315823 -2.31119676 -1.054016 1.17877 -0.029169
20960 0.7328756700000001 3.6901296 -3.24330372 0.485854 0.05938300000000001 0.445561
20980 -0.47960109000000006 3.36260313 -2.8818052200000004 1.175923 -0.410042 0.023694
21000 -0.21360294000000002 4.01764626 -2.5159707 1.680316 1.264563 -0.144776
21020 0.65399346 5.552401140000001 -0.8491830300000001 0.12858499999999998 0.213531 0.56785
21040 2.48423535 6.90409161 -0.21120930000000002 -0.983503 0.028187 0.463112
21060 3.63414393 8.71966755 -1.3540841099999998 -1.5966280000000002 0.506788 0.388781
21080 4.04278929 12.77757405 -4.80321144 -1.3186 -0.341976 0.349082
21100 2.05957026 10.55469672 -7.13850156 -0.6106590000000001 -0.557057 0.242139
21120 -0.27841761000000004 8.11896201 -6.73538904 0.053029 -0.389745 -0.082451
21140 0.30357045 8.85843 -3.7592802900000004 0.151239 0.954554 -0.413569
21160 2.0187018 9.472751820000001 -2.13515631 0.529407 1.069326 -0.405733
21180 1.8844323300000003 8.270604990000002 -0.73931103 0.505725 1.1424299999999998 -0.285283
21200 1.54852812 8.17285815 -0.8213422499999999 0.482882 1.025517 -0.066307
21220 0.57854475 10.222991190000002 -2.79049374 0.68218 0.7606649999999999 0.192866
21240 -0.08576883000000002 11.04103728 -3.70165635 0.499332 0.771435 0.05591
21260 0.47945394 10.329115770000001 -2.1023811 0.465705 0.252337 -0.103893
21280 1.20469743 8.778341160000002 -2.56701213 0.249754 -0.706016 -0.015511000000000004
21300 0.9560629800000001 6.8115833100000005 -3.7381789800000003 -0.013779 -1.773106 -0.13242
21320 2.0570196600000004 5.20393032 1.10410569 0.206902 -2.087968 -0.17213599999999998
21340 3.1491473400000003 4.80875409 4.70037321 0.72987 -2.011098 -0.135466
21360 4.73809266 5.75882316 0.30955455000000004 1.394262 -2.055034 -0.113678
21380 9.93783411 11.99006649 -2.7054704700000003 2.101527 -2.2866310000000003 -0.086008
21400 14.88758733 20.73338595 -3.3807222 2.305836 -3.3102980000000004 -0.278754
21420 14.49719838 30.67167132 -13.934369250000001 2.073608 -4.2786050000000015 -0.616693
21440 4.052069550000001 7.888299480000001 6.987770909999999 2.326496 -2.957035 -0.726647
21460 5.85432351 4.615506900000001 2.16554769 1.777618 -2.34136 -0.237752
21480 5.661821880000001 8.019419939999999 1.68190488 1.521659 -1.130109 0.241745
21500 3.31216011 10.31475393 0.9654903900000001 1.329855 0.040728 0.6491020000000001
21520 2.68841088 10.74810087 -2.46027933 0.8282959999999999 0.204694 0.838736
21540 1.6801096500000001 8.18812251 -0.9780668100000001 -0.171218 1.032381 0.914016
21560 1.83982626 7.1118576000000004 -3.20513301 -0.6595949999999999 1.6971080000000005 0.806135
21580 0.8952900300000001 6.7936212000000005 -3.91855545 -0.911016 2.067318 0.618034
21600 2.86594245 7.12593495 -2.49157323 -1.32866 1.860265 0.27889200000000003
21620 4.71474486 6.10415478 -1.70271189 -1.742406 1.508572 -0.123063
21640 3.7486560600000005 4.7702792700000005 -0.48753738 -2.099551 1.207661 -0.486231
21660 5.65538652 5.903873820000001 -1.6154421300000001 -2.433313 0.659484 -0.839305
21680 7.8682380300000005 8.12256228 -2.6925997500000003 -2.826244 0.08784299999999999 -0.868022
21700 7.552689570000001 6.61249917 -1.17595413 -3.061171 0.06015 -0.133623
21720 6.605612550000001 6.18678441 -1.34449974 -2.290235 -0.834556 0.497819
21740 6.295910850000001 6.75724572 -2.56057677 -1.777202 -0.82384 0.303767
21760 5.71047948 7.315287570000001 -2.85037398 -1.95618 0.8929540000000001 0.300317
21780 5.2536277799999995 7.741904850000001 -2.8979721 -0.8915489999999999 2.248699 0.264356
21800 4.73600313 7.6948953300000005 -2.3414311800000007 0.156393 2.418232 0.382554
21820 3.74356467 8.26506234 -2.324813040000001 0.180221 1.955137 0.553161
21840 3.27249828 10.06072398 -2.53872009 0.228527 -0.302662 0.36518
21860 3.0946626000000004 12.298129920000001 -2.1038722200000004 1.383682 -0.025029 -0.002053
21880 3.21172533 14.439123180000001 -1.30034493 2.433247 1.868364 0.054126
21900 3.16561833 16.1612883 -1.91796291 1.349976 1.366124 0.583451
