time Ax Ay Az Gx Gy Gz
20 -2.8677376800000003 -3.76346916 -8.80110036 0.693963 4.109136 -1.224601
40 -2.2418891100000002 -5.003198100000001 -8.422385310000001 -0.015698 4.9240309999999985 -2.994236
60 -3.1033444500000003 -3.4596044100000003 -0.8414037000000001 -1.83357 2.390861 -2.232432
80 -4.47194736 -1.3042395000000002 2.33110125 -2.822194 1.08827 0.425409
100 -3.2287849200000007 -0.83361456 2.78750169 -4.145381 2.344929 0.066316
120 -2.78570646 0.67210272 1.5663430800000002 -3.805065 3.788568 -1.340005
140 -3.2427053100000007 0.08906499000000001 -0.23531247000000002 -4.084559 2.138645 -3.0073380000000003
160 -4.20999093 -0.46238454000000007 3.0151819800000004 -3.958053 -0.152143 -3.537629
180 -4.89317895 1.82620017 1.3446567 -4.19687 1.1380629999999998 -2.040099
200 -3.62187162 9.31019031 3.0337425000000002 -3.513332 0.101128 -2.526446
220 -3.92199876 32.29998417 0.62704539 -2.189385 -0.265844 -1.6813779999999998
240 6.225259230000001 43.514962560000015 0.23576373 -0.996813 0.690988 -0.905155
260 10.057731930000001 6.30787905 -3.4063164900000005 1.371938 0.90496 -0.25863200000000003
280 7.27008309 -2.6580195000000004 -4.02737778 1.782168 0.5979359999999999 0.506269
300 4.98748248 1.0352493 -2.3540076 2.804222 -0.590857 1.469922
320 9.968372640000002 10.495875960000001 -4.709212020000001 3.308411 -2.525394 1.298598
340 12.69165807 24.637118490000002 -3.71617515 3.767976 -3.6015870000000003 1.232684
360 7.36828119 27.758729160000005 0.9168426000000001 4.55539 -3.4399300000000004 1.149315
380 4.47134895 11.47753323 -6.880743810000001 5.909795 -3.5595980000000003 1.396074
400 5.08372839 11.44206027 -5.92542639 8.572897 -3.745793 1.427733
420 -2.4035481 13.849051680000002 -4.328848890000001 6.306614 -4.176931 1.985023
440 2.45190159 7.771540860000001 0.7548795 4.93506 -0.327577 1.448149
460 3.8577825 0.04295799 0.39742272 3.737521 -0.871224 1.243928
480 7.161103800000001 -0.8265807900000001 -3.69192483 2.132559 -2.280698 1.331732
500 5.851184310000001 1.3591755 -3.0954081600000007 0.053553 -3.4977440000000004 1.926587
520 3.90942234 0.24952716000000003 0.5441214600000001 -2.639332 -3.806745 1.615481
540 2.14624161 2.0228906700000007 1.7925224400000002 -3.588934 -1.0080129999999998 1.576419
560 -0.30161826 8.22853971 2.69619021 -3.874985 0.478245 0.710462
580 1.6862409000000003 19.50383979 -3.18582693 -1.6611939999999998 0.380994 -0.330422
600 6.79840848 45.65071727999999 -2.5084856700000002 -0.010604 -0.516505 -0.29531
620 -7.2093101399999995 20.719759860000003 2.23514964 -0.062291 1.123016 0.26625
640 -6.67611702 10.869499620000003 -8.29469835 -0.515791 2.963434 0.221199
660 -0.49023513 15.24250332 -9.48158082 -0.608982 4.3101379999999985 -0.012982
680 0.5921708400000001 18.01818396 -8.52327135 -1.165209 4.818565 -0.13609100000000002
700 -0.20941407000000004 12.68312337 -7.85072718 -1.5894700000000002 6.655977 -0.51956
720 -3.0121899300000003 -7.96268871 -7.598198160000001 0.879043 3.769644 -1.201508
740 -4.07198385 -6.8769963899999995 -8.76711852 0.661413 2.990438 -4.614999
760 -2.71505484 -4.5318276 -5.111274870000001 -1.754466 4.418411 0.010925
780 -3.22204545 -0.13217994000000002 0.5185173599999999 -3.973957 3.374042 0.7017869999999999
800 -3.1992960600000004 -0.5794472700000001 2.12977062 -4.512289 1.891857 -1.129939
820 -1.02372255 -1.0761079500000001 3.00260556 -3.71443 2.30683 -3.295524
840 -2.09803527 -0.9657945 2.34502164 -4.309293 -0.285988 -3.860378
860 -2.8851013800000005 0.87238368 0.51059088 -4.3500830000000015 -1.146622 -2.522146
880 -3.4856499600000004 1.2298404600000001 5.3411918400000005 -4.488069 -0.425415 -2.672517
900 -6.368808960000001 5.132974590000001 3.8583809100000006 -2.260455 -0.482845 -2.2306630000000003
920 -8.120914200000001 32.47676037 1.33881975 -0.866791 0.99152 -1.048842
940 -0.6125265900000001 42.4934865 -4.41746262 1.287546 0.5529029999999999 -0.588851
960 14.5672614 10.18168128 -0.89873334 1.788601 0.291421 0.429795
980 15.325731360000002 -3.13777755 -5.952374460000001 2.8862 0.226411 1.614725
1000 13.083538140000002 0.05627997 -0.8163980100000001 3.407133 -1.810114 1.891234
1020 12.379258620000002 11.52408168 -3.17040561 4.184316 -2.670403 1.637119
1040 12.52744848 27.42656256 -2.58946722 4.999821 -2.6652310000000003 2.033778
1060 1.2796850700000002 23.115381480000003 0.044007660000000004 7.121942999999999 -3.615216 2.2645310000000003
1080 0.09655002 11.095522020000002 -8.53974234 7.698988000000001 -5.96978 1.841085
1100 -2.6131191300000003 11.05122006 -5.241051360000001 5.934929 -3.545688 0.560882
1120 -1.39225482 10.695705660000002 1.00695726 4.64841 -1.098686 0.594694
1140 2.19757734 3.58354395 2.22063084 3.29712 -1.226944 1.072528
1160 6.019877070000001 -3.2727925800000004 -2.99841669 1.64729 -1.957381 1.617416
1180 3.7332347400000003 1.81811673 -5.3133510600000005 -0.948328 -2.029738 1.981801
1200 4.41686421 2.04594417 0.6673154400000001 -2.626793 -2.121852 1.697799
1220 2.9541049200000002 6.01733628 0.5522049 -3.664433 0.270327 1.373428
1240 0.76490532 10.703789100000002 -1.72172367 -2.579554 0.465135 -0.06348
1260 8.8729488 32.041166940000004 -5.201536679999999 -1.18718 -0.74566 -0.576699
1280 9.09119187 40.75305516 3.4169407200000004 -1.029781 0.095675 0.143304
1300 -2.97146862 16.78385052 1.03225725 -1.2086059999999998 2.500135 0.796998
1320 -7.603740810000001 15.47466678 -10.58075208 -0.650857 4.221357 0.91192
1340 -3.6929745 17.966691270000002 -9.42395688 -0.074264 3.954635 0.7795569999999999
1360 -3.23476902 17.564775570000002 -5.94713592 -0.219377 4.329441 0.681923
1380 -0.63438327 9.963879660000002 -6.08724234 -0.208555 5.205166 -0.142723
1400 -1.13134806 -6.75425367 -5.25991599 2.8819630000000003 0.331246 -1.151065
1420 -2.5114777200000002 -9.19837593 -5.86840086 -2.956198 4.0936 -1.899556
1440 -4.30818903 -7.2411926399999995 -1.99624671 -3.756942 4.096737999999998 0.138355
1460 -4.51820151 -6.06029427 1.9357778700000001 -4.51354 0.911658 -1.358359
1480 -1.2031965 -3.3260805 4.59888876 -4.18387 0.23868000000000006 -2.51101
1500 0.32736951 -0.030832830000000002 2.71685007 -4.676998 -0.537633 -3.482337
1520 -0.41942655 1.77905331 -1.17939744 -4.894103 -1.642995 -2.328757
1540 0.71506071 4.08365775 -1.77201954 -4.327866 -0.930422 -2.26269
1560 -1.08105219 3.2150116800000004 7.405098120000001 -2.002187 0.935408 -2.014895
1580 -7.53548283 6.573730050000001 -0.34069149000000004 -1.410362 1.423271 -1.454843
1600 -11.86208523 53.56311012 -1.3843185300000003 0.669975 1.5656709999999998 -1.040979
1620 11.10675447 22.78606959 -0.5298969600000001 0.727643 0.42274 -0.054211
1640 17.01631809 8.10564003 -0.22588506000000003 1.389066 -0.26604 1.654037
1660 15.160619250000002 1.58729724 -1.58969088 3.037383 -1.060412 2.5403740000000004
1680 8.519985 6.6111552 3.15004986 3.783351 -2.495793 2.007972
1700 9.47080944 20.53519452 -2.1592594800000002 4.392976999999999 -3.121284 1.523786
1720 4.33019286 30.294005940000005 0.9961760700000001 5.907532 -3.772967 1.210461
1740 -2.81863863 14.38014546 -6.00910569 7.592117 -6.277589 0.855833
1760 -0.24892875000000003 12.47580864 -9.050931630000001 6.637617 -4.059663 0.612383
1780 -3.2016897 10.754389080000001 -3.92843412 5.548277 1.259213 0.236899
1800 2.29263624 5.50554858 3.22280082 3.943588 1.150554 1.094294
1820 4.73464935 -0.9741722400000001 2.42360955 2.813212 0.64515 1.656408
1840 7.2649916999999995 -5.65913394 -4.27570812 0.5907180000000001 -1.937893 2.187919
1860 5.9065715700000005 3.65689332 -7.2235248300000015 -1.341053 -2.031655 2.002562
1880 2.0550772800000003 4.72896936 -2.6776296900000003 -2.524385 -1.379953 1.492465
1900 1.57682016 6.887326320000001 3.5561544300000003 -2.717077 -0.073909 0.325083
1920 -0.006141059999999999 13.65056595 -1.6078099500000003 -1.543369 -0.782701 -1.127138
1940 12.15412893 53.78255982 0.046705409999999996 -1.126149 -0.955973 -1.314145
1960 3.97917144 23.827901400000005 10.47416643 -1.793325 1.09851 -0.362174
1980 -10.637032050000002 19.2818493 -4.65831774 -2.436944 3.984052 -0.264614
2000 -8.70290226 19.20476232 -11.097925470000002 -2.237176 5.224419 -0.268013
2020 -1.93308012 19.0933992 -7.60044465 -0.573944 3.495559 0.399572
2040 1.1469165300000004 17.99977059 -6.777307169999999 1.155182 2.823412 0.754343
2060 2.92760811 10.365196950000001 -5.07354561 -0.455094 5.942172 0.378039
2080 1.36156914 -6.808444110000001 -5.08133475 2.17791 0.478071 -1.027984
2100 -0.02994012 -10.857521610000001 -1.82784825 -2.349689 1.1789040000000002 -1.601028
2120 -1.8826371000000002 -6.2903682000000005 -0.7471001700000001 -2.819564 4.020445 1.35316
2140 -3.0326928300000002 -7.8869457 2.34532575 -4.1538900000000005 1.767687 -0.758739
2160 -2.62733382 -9.06021189 4.24726893 -3.753624 -0.281059 -2.38022
2180 -2.5020503100000004 -3.2733909900000002 5.6896724700000005 -4.003353 0.233891 -2.801367
2200 -4.27046958 0.43274853 0.39383226000000005 -3.77752 -0.761037 -3.006818
2220 -0.77119353 6.08169969 -3.33700884 -4.298724 -0.289704 -2.409654
2240 2.65847076 7.47919305 -2.2902327900000006 -2.662173 0.626139 -2.4228970000000003
2260 -2.11046454 5.172940530000001 9.66913821 -1.541149 1.611915 -1.364131
2280 -6.77775843 18.598229640000003 -16.63789734 0.786708 1.642053 -1.062694
2300 -2.31089265 47.83003821000001 0.54426861 1.372216 0.8776209999999999 -0.348326
2320 13.63784238 7.923919590000001 4.0302226800000005 1.571602 -0.0040030000000000005 0.703191
2340 13.57092837 2.6941006800000005 -3.5720172000000003 2.411105 -1.475442 1.645634
2360 7.577538300000001 4.29053103 -0.56373165 3.4052260000000003 -2.950048 1.649127
2380 6.05057256 11.185793640000002 2.6761385700000004 3.958025 -4.090915 1.425851
2400 3.46619673 17.8617537 -3.0979587600000005 4.892052 -4.515774 1.368826
2420 1.1380875300000002 30.108243780000002 0.02604555 6.566087 -4.801507 1.309314
2440 0.7641597600000001 14.115501090000002 -5.36154759 8.155678 -5.384278 0.747529
2460 1.61558928 12.775631670000001 -11.993656950000002 5.667087 -2.27628 0.892806
2480 0.41179437 9.67408245 -2.36702547 3.982806 0.33226300000000003 0.567915
2500 4.938530580000001 4.010308380000001 3.3525773100000005 3.048134 0.121336 0.8458030000000001
2520 7.50764205 -2.59740351 -0.237402 1.748837 -0.590583 1.5170290000000002
2540 8.25772446 -2.6985838500000003 -4.20281001 -1.234105 -2.323244 2.367946
2560 6.2565433200000005 2.82177783 -3.81780675 -2.653352 -1.718587 1.83917
2580 2.93569155 2.18410821 -0.07229970000000002 -3.124299 -0.212987 0.82555
2600 0.91834353 4.6547174700000005 3.0958594200000005 -2.5624740000000004 -0.311571 -0.84644
2620 -0.36209691 9.426644820000002 0.12618603 -1.444885 -0.548375 -1.203662
2640 5.97887127 30.19715181 -6.86802024 -1.280713 0.387587 -0.710196
2660 1.42473573 48.58865532 6.0655328100000006 -1.223612 1.868719 -0.061148
2680 -10.033785720000001 13.106297340000001 -5.67874413 -0.332785 3.112798 0.006505
2700 -8.260422210000002 13.838868900000001 -11.76149349 0.551754 3.186416 0.542428
2720 -2.4900723 18.76572558 -8.6674293 0.5567350000000001 4.585001 0.8344309999999999
2740 3.4138015200000003 18.01294542 -8.1471069 0.340545 3.87841 0.035865
2760 2.6845163100000007 5.998324500000001 -5.6655693000000005 1.047188 3.397222 -1.719012
2780 1.76887053 -9.656718750000001 -6.66189252 -1.327483 5.104088 -2.9288540000000003
2800 -0.23186916000000002 -8.66862612 -7.149135600000001 -3.637556 3.969316000000001 -1.397819
2820 -3.86585613 -5.12175195 -1.63714185 -4.654433 2.6214470000000003 -1.773868
2840 -2.70771696 -4.305196980000001 1.59074055 -4.102975 1.374022 -2.520445
2860 -1.78398774 -2.22632064 2.58437583 -4.804382 0.095633 -3.228733
2880 0.03458025 1.79746668 0.68872086 -5.290493 -2.710967 -1.844117
2900 -1.13029839 3.5200830600000006 -1.8236593800000003 -5.2958690000000015 -0.943057 -1.727847
2920 -0.9156457800000001 4.2227145 1.20185253 -3.426329 -0.772266 -2.1027720000000003
2940 -2.94362784 3.7709541900000003 6.699170520000001 -1.945589 0.155014 -1.378976
2960 -6.60980142 8.74676277 -6.259388220000001 -0.395094 1.488453 -1.053661
2980 -13.7025099 48.948358590000005 -7.8200415 1.07973 1.235726 -0.670226
3000 11.181153510000001 19.89812331 -2.338733430000001 1.515685 0.861034 0.477365
3020 15.26945139 5.78531997 -4.1216813100000005 2.624416 0.5007050000000001 1.977877
3040 15.586039710000001 3.2199559200000003 -0.08248248000000001 3.275453 -1.343437 1.98372
3060 13.32573723 9.28848078 0.6390234 4.008705 -2.264328 1.471934
3080 13.456867500000001 19.13920209 -0.49157910000000005 4.829643 -3.310214 1.505714
3100 5.778433350000001 22.7231973 2.38349646 7.478115 -5.0327160000000015 1.5947870000000002
3120 -4.20281001 12.47925195 -5.64670467 7.734127 -6.035963 1.312646
3140 -3.06517374 10.698550560000001 -5.7332288700000005 5.374344000000002 -1.285311 0.548729
3160 -7.222180860000001 14.44151682 -2.7719332199999998 4.091355 0.052708000000000005 0.587191
3180 -2.34097992 10.111775220000002 0.51432849 2.839327 0.610392 1.2688700000000002
3200 2.65652838 2.0806715700000002 2.5346783700000004 0.987253 -0.233298 2.072068
3220 4.730911740000001 -4.64619258 -2.86534404 -1.004807 -1.427785 2.810644
3240 7.466626440000001 0.9365999400000001 -4.63570569 -1.74012 -1.7779049999999998 2.028291
3260 4.90335192 3.5745678 -2.3736177900000004 -1.965763 -0.600126 0.4656020000000001
3280 3.4121534400000004 4.15206288 1.8979014600000002 -1.596861 -0.191886 -0.977649
3300 -0.62465175 8.77280832 0.44068482 -1.619145 -0.28825300000000004 -1.101595
3320 8.1613314 25.95243348 -5.553902070000001 -1.987569 1.070366 -0.614527
3340 10.962606330000002 53.48467917 5.08851567 -2.068161 3.660013 -0.2691
3360 -8.829686700000002 12.732075270000001 0.00523854 -1.42523 4.160228 0.08833099999999999
3380 -12.6820737 14.23554606 -13.584701610000002 0.216035 3.356485 0.394586
3400 -4.29157089 17.8762725 -9.95010642 0.22616 5.3635720000000005 0.624958
3420 -2.37675699 18.78772941 -4.48198299 1.237283 2.966835 -0.283579
3440 2.9615899500000005 11.270964059999999 -2.80651347 -0.56691 0.666702 -4.257406
3460 3.90268287 -5.569921800000001 -3.4148511900000003 -2.523097 3.4684230000000005 0.350741
3480 0.6686594100000001 -12.41951886 -3.06292725 -4.546798 3.663306 0.256239
3500 -4.267624680000001 -7.6700466 -0.52196067 -4.8048410000000015 0.333325 -1.93222
3520 -4.754710800000001 -7.109012700000001 2.62149687 -4.578255 -0.025937 -2.860598
3540 -2.3852916900000003 -6.09697386 4.81907421 -5.25959 -1.03603 -3.01575
3560 -3.3751795500000004 -3.33850977 3.0777501600000003 -4.651751 -0.552241 -1.984495
3580 -1.47233385 1.05081777 -1.7227635300000004 -3.027027 -0.261368 -2.605906
3600 2.7988812900000006 4.253400180000001 -2.31987861 -1.370239 1.574045 -2.164055
3620 0.4252635 4.83958692 9.55358622 0.123654 2.108178 -1.43646
3640 -7.05483207 8.279885250000001 -12.62026089 1.027028 2.026712 -0.496419
3660 -13.11706872 76.35008223 0.63707121 0.89561 1.114564 1.015366
3680 16.174463130000003 20.335364820000002 4.65232383 2.257878 -0.678687 2.594261
3700 14.117894730000002 -0.23186916000000002 -3.73847328 3.861778 -2.05208 2.332691
3720 10.675801170000002 -1.23897357 -0.35730963 4.407639 -3.7621 1.657169
3740 8.928336060000001 10.027801620000002 2.01466008 5.5829330000000015 -4.4432550000000015 1.548747
3760 7.15033242 26.90699553 -0.42901092 8.011517 -7.2142050000000015 1.0842889999999998
3780 -0.08397360000000001 26.849665890000004 1.09527669 7.067497 -5.6181230000000015 0.496673
3800 -5.079539520000001 14.896573290000001 -6.514752330000001 5.800825 0.699023 -0.018061
3820 -4.76833689 11.307937950000001 -10.840010760000002 4.423878 0.596491 0.974445
3840 -0.33619851000000006 9.21259062 -0.50399856 3.90777 1.743125 1.5878709999999998
3860 4.060908360000001 3.72065832 1.8133294500000001 2.503954 -1.7915900000000002 2.037657
3880 8.272400220000002 -5.69895273 0.7924517999999999 -0.356612 -2.437241 2.143485
3900 11.426491799999999 -2.2870935900000005 -7.27427196 -1.899188 -2.18699 1.638871
3920 6.285728070000001 5.89069899 -4.72072896 -3.219079 -0.8583270000000001 0.8534879999999999
3940 3.01967496 5.84114868 2.553543 -2.7554540000000003 -0.389192 -0.715229
3960 0.52556094 12.62609784 -0.55070397 -1.768728 -1.53428 -1.5902889999999998
3980 9.32800527 36.903660210000005 -1.22879079 -1.452782 0.008187 -0.786756
4000 6.218814060000001 40.94599824 9.942778350000001 -1.781793 2.765532 -0.07260499999999999
4020 -12.22447644 18.50122836 -0.5017520700000001 -1.898826 4.794946 -0.253348
4040 -11.2673736 19.56372003 -10.097550720000001 -1.5206620000000002 4.373284 0.170713
4060 -2.90007144 16.87620186 -6.68075715 0.579284 3.285759 0.450625
4080 0.52645365 18.33611625 -8.00805015 2.10378 5.227517 0.5207430000000001
4100 3.6137881800000002 16.09453125 -5.497916399999999 1.60088 2.7564740000000003 -0.207063
4120 2.69200134 -2.6375166 -5.43056094 -1.722409 3.2537700000000003 -2.603434
4140 0.14010642 -12.8699352 -3.4269763500000003 -2.1706380000000003 2.774382 -1.147828
4160 -0.92148273 -7.509437280000001 -2.14189578 -4.20184 1.664663 -1.592155
4180 -4.10865363 -6.59917719 0.56402595 -4.399571 0.683712 -2.260986
4200 -3.7504512900000004 -6.84242595 3.72889872 -4.756564 -0.113505 -2.918347
4220 -3.26291391 -6.02092674 4.3499502 -5.045864 -2.055541 -2.924288
4240 -4.22361702 -1.7154354600000004 4.42210275 -5.200521 0.132604 -1.21154
4260 -4.96517454 0.01961019 -0.32063004 -3.15191 0.392483 -2.174986
4280 0.7363189800000001 4.82057514 -0.32646699000000007 -1.962711 1.082861 -1.628112
4300 -0.80861868 10.11431601 4.59229644 -0.460588 1.810529 -1.353633
4320 -3.59102898 16.515605880000003 -10.17704115 1.033324 1.432434 -1.070317
4340 -3.5721741600000003 60.34505742 -4.54335435 1.432814 1.354561 -0.059026
4360 14.471751240000003 11.483223030000001 2.7006831900000003 2.371394 0.710123 1.5090290000000002
4380 12.24334107 0.68018616 -4.78510218 3.3552690000000003 -1.118009 2.017103
4400 9.61540884 1.7784549 0.68078457 3.976184 -2.720796 1.366538
4420 5.4548112600000005 7.307204130000001 3.8390650200000005 4.501869 -3.560856 1.066843
4440 10.1367711 19.602037890000002 -1.5575140800000002 5.589345 -3.606681 1.1941389999999998
4460 6.94046709 29.876668920000004 0.7346709 8.914245 -4.495036 0.688663
4480 -3.82664556 14.05951542 -7.446859290000001 6.144277 -4.130052 1.591791
4500 -3.2236935300000003 10.195748820000002 -5.686376310000001 4.762054 0.492374 0.8775959999999999
4520 -5.069503889999999 12.894332670000002 -3.5233694100000004 3.251587 0.137426 1.17408
4540 1.3641099300000001 8.7516972 1.1816439300000001 1.9364 -0.27535 1.6429169999999995
4560 5.6217087900000005 0.7129711799999999 1.9745469900000003 -0.392893 -1.4335209999999998 2.915338
4580 7.41169044 -5.81825214 -3.4358053500000003 -2.016666 -2.612559 2.66943
4600 6.62148513 1.7780036399999999 -5.28132141 -2.1099080000000003 -0.929046 1.59199
4620 4.42704699 2.8885446900000002 -2.4480070200000004 -1.855403 0.15278699999999998 0.163101
4640 2.6701446600000005 1.9597240800000002 -1.32773445 -1.427359 -0.912797 -1.194527
4660 0.9623511900000001 4.559668379999999 3.7034515800000003 -1.678956 -0.7663979999999999 -1.090718
4680 1.1192229 13.58634969 -0.95695569 -1.915936 2.022815 -0.167663
4700 13.53005991 58.13506061999999 -7.258105080000001 -1.6667419999999995 5.4726300000000005 0.301812
4720 -1.98038394 27.75363777 3.99803607 -1.153674 5.567414 0.66206
4740 -13.78842588 9.15720336 -12.475955790000002 0.098669 4.00845 1.290238
4760 -6.66997596 17.9309142 -12.57744024 -1.38965 5.609549 0.985097
4780 -2.2140483300000002 20.698207290000003 -7.232363640000001 2.456807 1.6878810000000002 -0.385585
4800 3.21785658 15.335904330000002 -4.9774468500000015 -0.190095 -0.320642 -6.487161
4820 1.91197881 -3.7778408100000003 -2.1948894 -3.540306 6.341418 0.7127640000000001
4840 1.4461411500000003 -8.93551698 -4.15820394 -4.049118 3.70129 0.182755
4860 -2.78271441 -8.280032400000001 -2.19967668 -3.422714 -0.5523899999999999 -2.213055
4880 -3.30527349 -7.14838023 2.7225398700000003 -3.696952 -0.623003 -3.229691
4900 -1.0464719400000002 -6.3997889400000005 4.8121974 -4.515637 -1.180492 -3.23149
4920 -1.9826304300000002 -1.8049419 4.94900766 -4.304208 -1.626138 -2.526552
4940 -3.13612947 1.4771309400000001 -0.57210939 -3.664837 -1.121144 -2.561189
4960 -0.58962024 4.3623794700000005 -3.47412321 -1.865367 0.23735100000000006 -2.0579110000000003
4980 1.5705319500000001 3.86346249 1.09078371 -0.302836 1.449327 -1.205722
5000 -4.58317314 2.00568393 10.840462020000002 1.149835 1.523582 -0.788678
5020 -5.6495495700000005 19.64125827 -20.69191908 1.527472 1.5003879999999998 0.154025
5040 -4.37989032 55.11074553 1.67755905 2.426231 0.385864 1.565375
5060 18.489250350000002 10.987896509999999 3.0049992 3.284705 -1.375612 2.029759
5080 15.82628661 2.25700632 -4.96696977 4.0538300000000005 -2.482551 1.659468
5100 13.383822240000002 4.84047963 -2.79034659 4.773653 -3.181034 1.74978
5120 10.90123497 8.561442060000001 2.15701299 7.156719 -4.887428 2.036736
5140 6.44544468 20.4673878 -0.50624505 7.872018 -6.719683 2.476711
5160 1.0737143100000002 24.97585779 0.6619199400000001 5.80272 -1.989205 0.912614
5180 -1.4473379700000002 12.59151759 -5.72679351 4.438556 -0.06033400000000001 0.849339
5200 -6.7719214800000005 10.04456691 -8.65739367 3.101064 -0.222657 1.3091540000000002
5220 -3.50331777 10.91604807 1.2723570000000002 1.800102 -0.786671 2.023976
5240 2.0348686800000007 4.3932123 2.19099483 -0.7008439999999999 -2.172366 2.801971
5260 6.241122 -5.4113922 -1.1656242 -2.294954 -1.465477 1.635182
5280 7.45374591 -1.9529846100000001 -5.0584284 -2.995242 -0.568904 0.47653
5300 6.368210550000001 2.4179197500000003 -3.52741113 -2.204285 -0.54872 -1.258104
5320 4.01734215 3.32203878 0.09131148000000001 -1.346469 -1.302639 -1.542771
5340 0.80502822 7.378159860000001 1.0773145800000001 -1.530876 0.145248 -0.363393
5360 5.4965724300000005 16.84431936 -3.1957056 -1.502274 3.02578 0.669291
5380 15.612683670000001 68.52435093000001 2.1764760300000003 -0.863239 4.415133999999999 1.1216959999999998
5400 -7.891438679999999 16.673831370000002 4.81159899 0.354795 3.586735 1.5671
5420 -16.492405230000003 15.74381394 -13.806387990000003 -0.482371 4.791627 1.743443
5440 -2.58707358 18.56963349 -11.660303339999999 0.413575 3.318921 0.5594520000000001
5460 -0.95022603 20.07146601 -4.7322557100000004 -0.357856 4.20701 -1.877279
5480 5.25243096 14.71245921 -4.1794622100000005 -3.520356 5.46293 -3.917782
5500 2.3632878600000002 -6.31327455 -4.0263281100000015 -2.858044 2.2420560000000003 -0.896642
5520 1.07446968 -10.836116190000002 -5.198387670000001 -3.234138 0.8392729999999999 -1.947534
5540 -3.62620764 -8.87953131 -3.2401645200000004 -3.386915 0.046827 -3.174972
5560 -5.495071500000001 -8.362809180000001 1.0096550100000001 -4.727318 -0.364671 -3.269266
5580 -3.3054304500000002 -6.5807638200000005 4.84812162 -4.962102 -1.4853690000000002 -1.995081
5600 -0.7750881000000001 -0.25686504 2.7530784 -4.084146 -0.426138 -2.575691
5620 -0.27841761000000004 2.8249268400000003 -2.06615277 -1.966379 0.729033 -2.117998
5640 2.3546060100000004 4.77327132 -3.21636546 -1.388784 0.999227 -1.457354
5660 0.40280841 2.63122839 7.530538590000001 0.741923 1.1046280000000002 -0.8924709999999999
5680 -7.231608270000001 3.2091747300000004 -4.1118026400000005 0.952554 0.542733 0.11278
5700 -10.69840341 32.81041809 6.050866860000001 1.6968450000000002 -0.111743 1.695513
5720 3.57546051 38.54768868 -0.16720164 3.298915 -0.665546 2.667745
5740 15.45296706 14.81364936 0.43874244 3.978136 -2.382287 2.224968
5760 15.055387379999999 3.2377708800000002 -1.97139798 4.782291000000002 -2.927501 1.743106
5780 13.76223318 6.3834749099999994 3.239262 6.10732 -3.46455 1.697502
5800 12.45455037 14.514719040000001 0.75638043 8.426497999999999 -5.211365 0.960707
5820 3.41769609 24.357798360000004 -0.24743763 6.898174000000001 -3.865023 0.995309
5840 -3.3959865600000008 17.080230240000002 -3.86181441 5.302217 0.626372 0.4667270000000001
5860 -0.023799060000000004 10.681334009999999 -6.65081703 4.096221 1.4925700000000002 0.946439
5880 -3.2091747300000004 12.157268129999999 -5.11800453 2.875312 -0.756861 1.629796
5900 0.50131062 8.151894180000001 1.06698465 0.566044 -2.206254 2.187022
5920 2.49306435 1.25514045 1.9755868500000002 -1.864383 -3.139815 1.725793
5940 4.723573860000001 -6.03620091 -1.09392291 -2.42846 -1.490607 1.641759
5960 6.192474209999999 1.35827298 -7.49791053 -2.930509 -0.420898 0.703256
5980 2.87342748 5.075497800000001 -3.44254482 -1.910731 -1.230217 -0.784095
6000 1.85599314 6.3191115 1.4534790300000002 -1.1959540000000002 -1.410874 -0.714777
6020 -1.20978882 10.95751494 -1.21098564 -1.252907 0.835512 0.202754
6040 7.18595253 36.15087024 -7.7468392800000005 -1.140321 3.465931 0.574047
6060 6.406077150000001 45.49654332 7.21499994 -0.8134140000000001 4.535413 0.836675
6080 -7.077434310000001 11.87660403 -1.2813331500000003 1.5482200000000002 4.655293 1.310216
6100 -7.19643942 16.80989607 -12.45589434 3.295449 3.169482 1.3318020000000002
6120 2.01092247 18.03344832 -10.58179194 -0.031743 4.092579 -0.71797
6140 3.3688913400000002 19.33274358 -7.11350568 -0.701395 4.845321 -2.430631
6160 1.9208078100000001 11.27036565 -7.33370094 -2.850976 2.977139 -1.977507
6180 2.02034988 -9.45433845 -2.74184595 -3.777011 3.596493 -2.080909
6200 -0.37018035000000005 -8.29679769 -4.46297121 -4.004477 2.879006 -2.277063
6220 -2.61461025 -6.58944567 -3.62441241 -4.275135 0.290877 -3.761534
6240 -4.3565425200000005 -5.92213023 1.8282995100000001 -5.205746 -0.6292979999999999 -2.479648
6260 -3.4497257400000003 -5.915253420000001 4.19262723 -4.98939 0.722096 -2.0248060000000003
6280 -1.04034069 -0.62180685 4.3463597400000005 -3.491741 -1.7642639999999998 -2.7877560000000003
6300 -3.4774193700000002 1.0479728700000002 0.21135645000000003 -2.302105 -1.117842 -1.905401
6320 -2.1860505900000002 3.8267927100000003 0.41853384000000005 -1.960282 0.7672640000000001 -1.295474
6340 -0.95501331 12.935799540000001 -4.83374997 0.095296 1.037717 -1.181049
6360 -6.40547874 16.674429780000004 0.38933928 0.732003 0.7057680000000001 -0.506401
6380 -5.945036580000001 39.47440995000001 -3.962259 2.120146 0.630622 0.8301229999999999
6400 11.6203374 14.001734520000001 -2.9178864 3.356822 -0.93838 1.850241
6420 8.23871268 0.71670879 0.14010642 3.967291 -2.363635 1.566844
6440 9.989032500000002 0.5884234200000001 3.0066472800000006 4.483154 -2.7658810000000003 1.279338
6460 9.68111622 10.32672213 1.91227311 5.5989260000000005 -3.744337 1.776563
6480 15.706535940000002 27.324626850000005 -3.2337291600000007 8.371649 -4.909288 1.123375
6500 14.68072386 25.3316763 0.68317821 6.561966 -3.448175 1.205002
6520 1.9464021 8.335713960000001 -7.997867370000001 5.1240809999999986 -0.59354 0.6635989999999999
6540 2.8969224300000005 12.55798701 -3.80254239 3.925716 0.635422 0.994416
6560 -1.5181465500000002 12.90676194 -5.547761010000001 3.452485 0.224128 1.42854
6580 -4.6243359 11.98976238 -0.046548450000000005 1.477017 -2.098036 2.572465
6600 -0.08277678 5.14973988 3.88067904 -1.378756 -3.308642 2.231466
6620 4.38123429 -3.54627576 -0.98464932 -2.846836 -1.989977 1.410877
6640 6.22809432 -1.7762084100000002 -5.14959273 -3.638388 -0.180515 0.344422
6660 5.039269470000001 3.9055277700000004 -3.55136715 -2.579669 -0.644777 -1.153781
6680 2.42839683 3.7383261300000004 -0.30386475 -1.095136 -0.620847 -1.232105
6700 -0.09864936 5.94922545 1.4691946500000002 -0.799928 1.1216959999999998 -0.361675
6720 0.37736127 12.081377970000002 -1.18089837 -0.853366 3.180442 0.058329999999999986
6740 8.561147759999999 42.06268035 -4.45204287 -0.7651180000000001 4.4450980000000015 0.20474
6760 -2.336791050000001 35.989809660000006 4.95873918 -0.150496 4.135683 0.591853
6780 -5.853725100000001 9.60612858 -7.78471569 0.342505 5.452123 0.225074
6800 -2.69035326 15.491432070000002 -11.32021026 3.262737 1.14468 -0.307689
6820 0.31778514 18.238820670000003 -6.83912979 -0.325044 5.3010449999999985 -4.299043
6840 3.46319487 19.09189827 -5.477109390000001 -2.3379380000000003 4.506998 -1.122375
6860 3.1572307800000003 5.393881350000001 -3.25019034 -4.0090309999999985 3.3853 -0.7491180000000001
6880 -0.64141704 -11.15286147 -6.366111210000001 -3.983689 1.820433 -1.308821
6900 -1.6254679500000002 -8.62790481 -5.96539233 -3.630683 1.371969 -2.682718
6920 -3.57621588 -6.34276341 -2.0375664300000005 -4.485021 -0.755861 -3.686883
6940 -2.8111536 -4.79362707 2.18724741 -4.878666 -1.554429 -2.112982
6960 -1.8372756600000002 -3.7372764600000004 3.3913464300000005 -4.460282 -0.747578 -2.052341
6980 -2.13096744 -0.48634056000000003 1.76273928 -2.382962 -0.290213 -2.07901
7000 -2.52494685 1.2644207100000002 -0.93331359 -2.101313 0.769695 -1.248392
7020 -1.41456276 3.59612037 0.7087725 -0.242475 1.293807 -1.260649
7040 -3.5447748300000006 5.87304099 5.7968467200000005 0.663299 0.6057859999999999 -0.751376
7060 -3.1690616400000002 17.40370518 -11.85998589 1.460223 0.267297 0.353825
7080 -8.191712970000001 55.35653508 -4.177666980000001 2.554908 -0.8250149999999999 1.635123
7100 14.984735760000001 17.09130573 2.18994516 3.525469 -2.462903 1.732664
7120 13.216620599999999 1.5834026700000001 -3.26621007 4.0548129999999984 -3.610149 1.260336
7140 12.32956116 -0.1272357 -0.23860863000000002 4.749593 -4.41096 1.122005
7160 9.64564326 8.61233634 -0.2633004 7.312764 -5.935993 0.920742
7180 13.385764620000002 20.0332953 -2.1143493000000007 7.1441089999999985 -6.4275720000000005 0.92233
7200 9.895327380000001 26.38503486 3.0138282000000003 5.664935 -1.020824 0.488463
7220 0.008230590000000001 11.99680596 -5.688769949999999 3.90672 0.726812 0.800818
7240 -1.33537644 10.19080458 -8.66623248 2.939521 2.12325 1.140513
7260 -4.52135052 13.008099240000002 -4.9850790300000005 1.834808 0.913739 1.936581
7280 -1.27011051 9.378301140000001 0.35745678 -0.611135 -1.0654549999999998 2.701834
7300 3.1213065600000003 2.6403615 2.4757006500000003 -2.387367 -0.833823 1.462812
7320 6.1333493400000005 -4.239783900000001 -0.81684927 -2.742001 -0.464506 0.257044
7340 7.580981610000001 0.06002739000000001 -4.9425723 -1.6709189999999998 0.00924 -1.392894
7360 4.89885894 4.32959445 -3.6512035200000006 -0.902058 -0.6875439999999999 -1.769054
7380 2.55473982 4.14248832 1.76722245 -1.07536 0.382976 -1.06661
7400 0.4379870700000001 7.36782993 3.0370386600000003 -1.601133 2.652755 -0.264547
7420 2.5930576800000003 15.9181965 -2.47001085 -1.426958 4.008763 -0.393255
7440 8.23767282 56.709716670000006 3.6064503 -0.552037 3.652802 -0.046993
7460 -7.95026925 18.758691810000002 5.310957419999999 1.322042 4.105093 0.039225
7480 -14.12537976 14.794480620000002 -8.44379073 2.284552 4.5483730000000016 -0.027259
7500 -3.26425788 17.330807070000002 -6.65770365 1.314668 0.400644 -0.365208
7520 -1.6088498100000002 18.89954379 -5.24868354 -2.21994 5.4538730000000015 -1.983751
7540 5.836959810000001 15.56717508 -5.47036992 -2.03634 3.290617 -0.360272
7560 5.4518094 -0.37855809 -7.01785818 -3.792980000000001 0.766721 -0.6374310000000001
7580 3.0454164 -8.983419210000001 -6.21642042 -3.73165 0.551042 -2.163216
7600 1.3573802700000002 -8.5692312 -4.91248503 -4.329276 -0.324701 -3.48659
7620 -2.19369258 -5.634432360000001 1.1364394500000001 -4.432995 -0.730475 -2.88859
7640 -4.27855302 -5.83246683 3.9775331700000005 -5.011671 -0.023275 -2.085963
7660 -2.9207214900000005 -3.0398737500000004 3.1097798100000005 -3.343643 -0.06387000000000001 -2.703442
7680 -2.9785023900000005 -0.92971332 0.6665600700000001 -2.379789 0.871224 -1.62114
7700 -2.0651031 1.6612450200000002 -2.4310945800000003 -0.989152 1.142794 -1.210123
7720 -1.05276015 5.49731799 1.75165398 0.863783 0.243206 -1.094547
7740 -2.0534292 8.726848470000002 3.3332712300000003 1.2974290000000002 -0.036253 -0.050711
7760 -3.0005062200000006 21.21956955 -12.25995921 2.155485 0.184261 1.068087
7780 -4.75066908 48.69478971000001 1.17894618 3.096735 -1.280923 1.690767
7800 15.270795360000001 10.596467700000002 0.6598304100000001 3.718482 -2.490291 1.488356
7820 14.415020010000001 0.19295289 -3.9788771400000003 4.348212 -2.949206 1.686691
7840 9.78185511 2.13321393 0.94902921 5.718585 -3.608686 2.114783
7860 5.89878243 11.25374751 -0.9651960900000001 7.753171000000001 -4.76022 1.676476
7880 10.13751666 25.407713610000005 -4.4499435300000005 5.736243 -2.7227200000000003 1.919355
7900 6.171667200000001 23.18978052 0.21120930000000002 4.4314160000000005 0.102426 1.178093
7920 0.25836597 10.63418715 -7.7284259099999995 3.304417 0.174979 1.327156
7940 3.31306263 11.882136870000002 -8.46564741 2.122016 -0.518767 1.881671
7960 -2.6596675800000003 10.913056019999999 -3.2829753600000005 0.159874 -1.972094 2.588741
7980 -0.45176031000000005 7.0066257300000006 2.946924 -1.839778 -2.807747 2.044938
8000 3.16801197 0.06122421 1.83548043 -2.759044 -1.450285 1.169381
8020 4.173174 -4.0978822500000005 -3.4163423100000005 -3.123703 -0.290237 -0.101564
8040 4.995408960000001 0.1272357 -4.5452967300000005 -2.301766 -1.422565 -1.094227
8060 4.116442770000001 2.3912757900000003 -0.32827203 -1.426464 -1.411407 -1.179995
8080 2.25820314 4.95619839 2.20042224 -1.360521 0.288534 -0.379478
8100 -0.04161402 8.136178560000001 -0.9910846800000002 -1.394809 2.2537990000000003 -0.041473
8120 6.181398720000001 22.057677090000002 -5.89833117 -1.183174 3.408192 -0.399328
8140 2.87926443 46.71126657000001 2.8837574100000003 -0.577759 3.27624 -0.16099000000000002
8160 -5.66362692 16.259937660000002 0.76386546 0.058162 4.360112 -0.035091000000000004
8180 -6.817724370000001 14.0295753 -11.270512799999999 3.164136 1.578247 -0.488394
8200 2.8765666800000007 18.263070990000003 -10.949284350000001 -0.623368 4.246446 -3.780619
8220 1.84296546 20.028203910000002 -7.072647030000001 -3.3947199999999995 7.063675 0.852792
8240 4.67627985 12.84883389 -6.38512299 -3.932512000000001 4.157289 0.332536
8260 2.16719577 -3.1178632500000005 -5.38594506 -3.748213 0.470399 -1.164441
8280 -0.35251254000000004 -8.24260725 -8.9338689 -3.485336 -0.277192 -2.248028
8300 -2.01930021 -7.6017886200000016 -6.72191991 -4.343635 -0.7194550000000001 -3.057828
8320 -3.5316098100000004 -4.95919044 2.81474406 -4.3692660000000005 -2.535579 -2.014163
8340 -2.86534404 -4.6243359 5.94324135 -4.165253 -0.089431 -1.99344
8360 -0.5727078 -1.9905569100000002 4.72028751 -1.80978 0.777087 -2.016553
8380 -0.30386475 -0.25476570000000004 1.09033245 -1.297444 0.939235 -1.186379
8400 -1.91317563 2.94812082 -1.12850316 0.7983560000000001 1.516844 -0.929993
8420 -3.2272839900000005 4.5574218900000005 0.85277349 1.357165 0.931682 -0.268384
8440 -6.96861198 7.507190790000001 3.8597248800000004 1.7258220000000002 0.031108 0.8462959999999999
8460 -8.19426357 36.06060843 -14.81004909 2.795405 -0.405403 1.719587
8480 -4.03575552 27.38659662 0.38919213 3.466856 -1.897453 1.570228
8500 16.539856200000003 13.9917087 6.005956680000001 4.100266 -2.845076 1.169943
8520 15.994685070000001 5.28895359 -4.0689918 4.827181 -3.359414 1.2910469999999998
8540 13.0808502 1.4403042000000001 -0.78556518 7.311642999999999 -4.430066 1.014944
8560 10.80887382 9.49520691 3.3465932100000004 6.064506 -5.289749 1.563878
8580 7.497155159999999 20.2299858 -0.27317907 4.9192480000000005 0.042503 0.8226540000000001
8600 3.73383315 21.617149230000003 1.13464422 3.556993 1.064445 0.8524219999999999
8620 -2.9669756400000002 11.64263553 -7.04659167 2.171984 0.318442 1.330813
8640 -3.3693426 10.02285738 -6.990910110000001 0.5346989999999999 0.085233 2.1945490000000003
8660 -2.37211686 13.18053942 -2.6063796600000004 -1.260701 -0.888825 3.315571
8680 2.4032538000000008 6.3063879300000005 2.2329031500000003 -1.59981 -0.953722 2.257883
8700 3.3724916100000004 -0.6944106600000001 -0.0432621 -1.648683 0.031213 0.815248
8720 6.368808960000001 -4.227207480000001 -2.6406558 -1.517606 -0.273368 -0.650115
8740 5.09210613 1.9573304400000002 -4.07167974 -1.365565 -1.016114 -1.517634
8760 2.30266206 3.0659291100000003 -2.42839683 -1.390852 -0.062227 -1.345981
8780 1.9339826400000002 4.03186095 2.42391366 -1.5517459999999998 1.920987 -0.592277
8800 -0.5550498 8.131685580000001 -0.38380644 -1.390562 3.5358650000000003 -0.179819
8820 9.40359132 27.25292556 -7.67244024 -0.787643 3.733462 0.2322
8840 6.5476845 51.69215673000001 7.294186260000001 0.766717 4.268653 -0.155007
8860 -8.27584353 6.6026205000000004 -2.50728885 3.635485 -1.978213 0.043952
8880 -10.967687910000002 14.340483630000001 -13.14626328 -1.758825 6.7952330000000005 -4.023621
8900 -0.7011403200000002 15.919991730000001 -10.379264490000002 -2.053617 4.3879769999999985 -0.642741
8920 -1.5947822700000003 17.49666474 -4.71818817 -4.011321 1.950503 -0.247368
8940 2.9885380200000005 12.635378100000002 -3.6411777 -3.718265 1.394279 -0.729581
8960 2.82866445 0.03128409 -3.89610036 -4.384275 0.628807 -2.396473
8980 1.13074965 -8.796008970000003 -5.964793920000001 -4.9511 -1.925536 -2.750741
9000 -1.2308901300000001 -6.6066622200000005 -3.7520993700000003 -4.221246 -1.069409 -1.431759
9020 0.28994436 -4.6030776300000005 2.34217674 -4.086725 -0.202437 -1.773761
9040 -1.95149349 -4.0878466200000005 2.8062191700000003 -1.913726 0.039861 -2.178704
9060 -2.30699808 -2.36762388 1.31007645 -1.570963 0.8793540000000001 -1.15937
9080 -2.25939996 -0.37811664000000006 -0.21450546 0.13533599999999998 1.168803 -0.698101
9100 -2.1155461200000003 2.2716722700000003 0.34114275 0.8530200000000001 0.315743 -0.045721
9120 -5.673947040000001 6.07541148 4.441860090000001 1.683944 -0.259593 0.852786
9140 -3.00410649 18.48221658 -16.25559183 2.846164 -0.987194 1.713209
9160 -11.335474620000001 62.061091289999986 3.85702713 3.558736 -2.368526 1.545836
9180 16.49510298 17.37392202 1.34480385 4.184608 -3.086056 1.153749
9200 13.827793410000002 -1.1892761100000002 -0.13682007 5.033419 -3.593149 1.222285
9220 11.949050880000001 -3.0731100300000005 -1.5477825600000001 7.7672919999999985 -5.438136 0.70002
9240 9.25420464 5.87737701 1.21068153 6.230664 -5.463517 1.45203
9260 11.669279490000001 20.40721326 2.93764374 4.883209 0.236784 0.4878
9280 6.99346071 26.22412143 -1.19975319 3.3597870000000003 0.4968 0.720381
9300 -2.58991848 13.626766890000003 -5.442087689999999 2.6848490000000003 0.670434 1.040183
9320 -2.07483462 10.241855820000001 -5.53443903 1.194461 -0.13949 1.876842
9340 -0.60982884 14.093791560000001 -2.39172705 -1.0769540000000002 -0.795145 2.64055
9360 -0.25102809000000004 7.99980975 0.29818476 -2.215794 -0.200332 1.667229
9380 2.3369382 1.7402841900000001 1.52413065 -2.912253 0.276849 0.423683
9400 3.6315933300000003 -2.9421269100000007 -3.05634474 -2.07472 0.17039200000000002 -1.117115
9420 5.711676300000001 0.26315325 -4.56011964 -1.248705 -0.7391989999999999 -1.604767
9440 3.9161520000000003 3.2241447900000004 -3.2376139200000003 -1.1015620000000002 -0.17438199999999998 -1.255154
9460 2.34353052 4.36252662 1.20350061 -1.231581 1.365275 -0.694014
9480 0.19759302 8.01448551 0.7105677300000001 -1.243189 2.96583 -0.5455270000000001
9500 4.898113380000001 18.5238306 -4.058514720000001 -0.747129 3.09256 -0.167278
9520 11.858936220000002 59.422829130000004 4.00207779 0.441751 3.938294 -0.108783
9540 -7.34073471 13.321999620000001 2.25850725 1.758622 2.565866 -0.362745
9560 -12.25231722 15.16721157 -11.48980554 0.713041 1.912164 -2.211894
9580 -2.7774758700000004 16.0047207 -9.44386137 -2.169695 5.937199 -0.087925
9600 -1.5069141000000001 17.356254210000003 -5.10663474 -2.761413 3.69584 0.4289020000000001
9620 4.5551754 14.072984550000001 -4.29053103 -3.756209 1.524157 -0.94152
9640 2.7364602600000003 0.62809506 -5.02280829 -3.412545 0.334752 -2.163914
9660 2.3502601800000003 -9.687708540000001 -6.806344770000001 -4.225322 -0.486653 -3.037003
9680 1.8627228 -7.40839428 -5.51408328 -4.485749 -2.195091 -2.345494
9700 -1.2928599000000003 -4.604872860000001 -0.76401261 -4.647443 0.038869 -1.160555
9720 -2.5257022200000003 -4.32406161 2.3662799100000003 -2.695015 1.1007280000000002 -1.997514
9740 -2.2233285900000004 -2.99227563 2.5631175600000002 -1.779811 0.8634459999999999 -0.996303
9760 -2.83839597 -1.52054019 1.3939029000000003 0.09585 1.424523 -0.6773399999999999
9780 -2.3252643 0.6484508099999999 -0.52510968 1.410934 1.478073 -0.291141
9800 -1.5940367100000001 4.036353930000001 2.6072821800000003 1.993627 0.6536270000000001 0.515152
9820 -3.9411576900000003 8.38002573 1.35138636 2.526363 -0.353924 1.33415
9840 -2.33993025 31.87785987 -18.57338091 3.359694 -1.274069 1.347559
9860 -2.66925195 43.80206202000001 2.3376935700000003 3.979103 -2.319264 1.117148
9880 14.741496810000001 7.65433098 1.64612781 4.780632 -3.172164 1.390895
9900 13.273194870000001 -1.4123162700000003 -4.10057019 7.232077 -4.750545 1.307492
9920 10.14455043 -1.3967478000000002 0.69156576 6.347912 -5.987613 2.143592
9940 6.846163560000001 7.75582524 2.82163068 4.8688980000000015 -0.710492 0.827541
9960 6.89196645 19.977005520000002 0.03128409 3.273858 0.491278 0.843701
9980 6.656958090000001 24.168445740000003 0.5001138 1.992016 0.01932 1.43142
10000 -2.3224194000000002 13.80429846 -6.93013716 0.280878 -0.324189 2.237098
10020 -3.2370155100000004 10.27702467 -5.78172951 -1.27376 -0.770285 3.253371
10040 -1.6404380100000002 13.297445190000001 -0.32542713 -1.594451 -0.546619 1.945478
10060 1.8377269200000002 6.309232830000001 0.25866027 -1.57348 -0.102488 0.087417
10080 3.5561544300000003 -0.6336279 -2.2987674900000004 -1.40993 -0.459707 -1.296467
10100 4.93298793 -0.8384018400000001 -2.6776296900000003 -1.503927 -0.711046 -1.763614
10120 5.563476629999999 1.21801941 -3.349134 -1.605025 0.169949 -1.412936
10140 3.6318974400000004 2.62838349 -2.0707929000000003 -1.448155 2.250472 -0.7607550000000001
10160 2.28874167 4.91578119 2.67389208 -1.191122 3.928526 -0.246227
10180 1.5413472000000001 10.11042144 -0.68392377 -0.71162 3.682623 0.358847
10200 14.542255710000001 38.05521687 -8.97488451 -1.017138 3.611299 0.611041
10220 2.95754823 40.94749917000001 7.466626440000001 0.912964 3.174761 -0.318158
10240 -11.853246420000001 9.330398910000001 -7.63442649 2.234705 -0.652061 -0.310431
10260 -9.78829047 15.37108299 -13.887075240000001 -3.565545 7.190469 -3.528274
10280 -1.77051861 17.692158420000002 -9.44012376 -2.302982 3.838466 1.126265
10300 -0.05463189 16.48970748 -3.81900357 -3.821845 1.20295 0.052948
10320 4.2167304 7.775131320000001 -2.9267154 -3.261853 0.076013 -1.526938
10340 3.21366771 -6.07287069 -5.07354561 -3.545432 0.5888899999999999 -2.731326
10360 2.0689976700000003 -7.6731956100000005 -4.58511552 -4.262097 -1.600372 -2.612817
10380 -1.16892036 -5.44312755 -1.64957112 -4.245163 -1.34262 -2.084259
10400 -1.8824899500000003 -5.119652610000001 1.8588380400000002 -3.132957 1.144009 -2.317891
10420 -1.8751520700000002 -2.92057434 2.18829708 -1.267151 1.3305790000000002 -1.841489
10440 -2.63242521 -1.3233984300000001 1.4596102800000001 -0.264678 1.421385 -1.177646
10460 -2.23814169 1.02731301 -0.59426037 0.882674 1.618547 -0.596249
10480 -1.6510622400000001 3.5372898000000004 -2.1345579000000003 1.264346 0.775303 0.289849
10500 -3.4566123600000003 1.77365781 6.06598407 1.887523 -0.459726 1.173863
10520 -6.478524 3.92004657 -8.5575573 2.97455 -1.394636 1.462528
10540 -6.342459300000001 37.442837430000004 -1.33073631 3.801736 -2.800361 1.168868
10560 11.454626880000001 44.71591257 4.60322478 4.439474 -3.718128 1.02388
10580 17.883914490000002 5.160668220000001 -4.63960026 6.217301 -4.977514 0.872337
10600 11.2184217 -2.48244012 -4.05177525 6.760769 -7.602639999999999 1.005548
10620 8.68838346 3.51334359 -0.54202212 5.132409 -2.141213 0.34731
10640 7.8260256 10.64136807 3.5799534900000003 4.136368 1.084435 0.147144
10660 3.7145270700000004 17.10598149 0.00359046 2.714568 0.596984 1.000961
10680 3.3492811500000004 23.15474901 0.60893613 1.930856 0.962128 1.740637
10700 -1.0377900899999999 14.52220407 -4.81399263 0.15474000000000002 -0.691702 2.876552
10720 -3.7958029200000003 13.076661330000002 -6.16717422 -1.227626 -0.6314420000000001 2.858274
10740 -0.12498921000000002 11.040438870000001 -1.5224825700000002 -1.341725 -0.844909 1.197733
10760 3.17669382 3.81870927 0.90890631 -1.89051 -0.951179 -0.253405
10780 4.85695062 -2.24877573 -1.27819395 -1.819392 -0.62031 -1.271347
10800 6.35353479 -2.6321309100000003 -3.81557007 -1.494627 -0.620102 -1.604501
10820 5.238510570000001 1.6238198700000002 -4.77896112 -1.440913 0.435413 -1.341627
10840 3.12774192 2.92581288 -0.33874911 -1.479993 1.8297330000000005 -0.7444149999999999
10860 2.3556556800000004 7.13027097 2.95455618 -1.351368 2.956279 -0.460813
10880 3.5784623700000004 14.56949808 -2.26059678 0.057363 2.8651020000000003 0.072573
10900 18.76512717 62.689333500000004 1.5331166100000002 2.924716 2.217522 0.489742
10920 -8.256527640000002 18.268907940000002 6.85035243 2.55329 -0.08037799999999999 0.8361959999999999
10940 -14.99177934 13.74800868 -10.09126251 -2.243679 5.677806 -1.221493
10960 -5.479807139999999 16.75031994 -11.432328750000002 -1.850114 3.469695 -0.5493439999999999
10980 -1.5825099599999999 16.28508069 -7.0718916599999995 -3.660985 -0.113983 -0.02329
11000 2.64395196 15.849045810000002 -4.978496520000001 -3.646266 0.005012 -1.287046
11020 5.156028090000001 9.21588678 -3.4509225600000004 -4.504511 -0.510521 -2.421491
11040 4.7641382100000005 -6.2063946 -3.55525191 -4.683737000000002 -2.304234 -2.318963
11060 2.7382554900000002 -8.38975725 -1.48296789 -3.72247 -1.037551 -1.040551
11080 -2.05237953 -5.835615840000001 -2.95051446 -3.811114 -0.12753 -1.29871
11100 -1.17655254 -4.03201791 0.64246671 -1.8803330000000005 -0.315923 -1.4142370000000002
11120 -2.63871342 -3.13134219 1.61259723 -1.003181 0.776981 -0.826261
11140 -2.6499360600000004 -2.38259394 1.72905174 0.808504 1.172688 -0.920935
11160 -3.2805817200000003 -1.08255312 0.6854247 1.619442 1.242221 -0.631213
11180 -2.20221747 2.7066672900000004 1.02132891 1.780703 0.5846359999999999 0.104624
11200 -3.1343342400000003 10.840010760000002 -0.9886910400000001 2.795722 0.13226300000000002 0.995714
11220 -2.0558228400000003 19.88689086 -14.66140797 3.5741730000000005 -1.092617 0.807236
11240 -1.55347236 54.24030423 -3.3307206300000005 4.1230449999999985 -2.627642 0.5887100000000001
11260 20.14989696 13.51838601 2.9326995 5.072035 -4.041793 0.963551
11280 12.39976152 -1.3564777500000003 -2.3504171400000002 7.128624 -4.423801 0.672895
11300 7.212155040000001 -1.8802434600000002 -0.65399346 5.084914 -2.452386 2.54471
11320 5.81854644 4.65846489 -0.7575772500000001 4.105157 0.777046 0.8534139999999999
11340 9.80535987 20.18552688 3.0320944200000004 3.105255 0.607264 0.489862
11360 7.88529762 25.372534950000002 -1.8050988600000002 1.795192 0.532742 1.346066
11380 -2.4819888600000004 11.11349394 -3.16710945 0.527255 0.4152520000000001 2.52095
11400 -5.782475070000001 10.2554721 -3.7411710300000003 -0.7803760000000001 -1.029611 2.41005
11420 -3.88906659 15.56642952 -3.5823471300000005 -1.169239 -1.309696 0.332137
11440 -1.15095825 9.69488946 -0.7020428400000001 -2.150012 -1.284715 -0.534664
11460 1.1329961400000002 2.02049703 1.10290887 -2.18908 -0.16339 -0.930548
11480 2.05223238 -2.34697383 -0.6942537000000001 -1.874912 -0.091993 -1.208319
11500 4.27974984 -1.6518176100000002 -2.30999994 -1.829326 -0.636378 -0.97443
11520 3.8754405000000003 2.1375597600000003 -4.0260240000000005 -1.324841 0.196307 -1.055295
11540 3.48715089 3.23237538 3.0448179900000003 -0.13451300000000002 0.973739 -0.434817
11560 3.13897437 7.5396717 -0.71775846 1.41449 2.420548 0.577209
11580 5.407654590000001 14.146481070000002 -3.43355886 3.036819 -1.1619549999999998 -0.299902
11600 8.541684720000001 54.48460266 -4.10850648 0.77604 -1.391399 -1.964734
11620 -9.19792467 18.5007771 1.2609774000000002 -1.420142 2.95352 -1.308389
11640 -9.800121330000001 11.37304692 -11.188334430000001 -1.927951 0.392391 -0.551285
11660 -0.17019369 14.70497418 -11.31901344 -3.58129 0.601086 -0.425301
11680 3.29015628 16.748524709999998 -6.183645210000001 -4.788754 0.6827409999999999 -0.883561
11700 6.583461570000001 11.947854060000001 -3.2016897 -5.569704 -1.643628 -1.319733
11720 6.350395590000001 0.83256489 -1.3397124600000003 -3.856729 -1.582181 -1.3879629999999998
11740 0.43200297000000004 -7.83305937 -4.55352732 -3.843113 -1.359426 -0.6297159999999999
11760 -0.05673123 -5.06576628 -3.6160346700000003 -2.186154 -1.78113 -1.302332
11780 -0.40940073 -3.0108361500000003 -3.41649927 -0.8404219999999999 -0.4799100000000001 -1.266826
11800 -2.51671626 -4.14098739 -0.94199544 0.391072 -0.12233 -1.446689
11820 -0.8169964200000002 -3.37981968 2.56985703 1.478797 -0.265546 -1.473091
11840 0.0073378800000000015 -0.42646032 2.97416637 2.046454 -0.223734 -0.967115
11860 0.3614985 4.383039330000002 1.13883309 2.286449 -0.385562 -0.400142
11880 -1.3130685 11.82391452 -0.9607031100000001 2.927572 -0.743919 0.21475100000000005
11900 -1.75315491 20.481013890000003 -18.32099904 3.671251 -2.004037 0.609325
11920 -0.78690915 52.140022470000005 -6.46445646 4.672554 -2.6124110000000003 0.8318110000000001
11940 10.484496360000001 11.53710936 9.54026424 5.939168 -3.323542 1.7452849999999998
11960 8.03050524 -2.83360869 -3.32413812 5.467257 -4.715797 4.000926
11980 10.304276849999999 0.9313614 -5.6946069 4.267709 -1.937164 2.8128740000000003
12000 9.30016449 9.79398027 -3.68264457 3.411685 -0.980498 1.94575
12020 12.724884540000001 23.96246517 -2.7357147000000004 1.760298 -1.117641 2.242039
12040 3.76542135 23.97668967 -1.5212857499999999 0.57391 -1.568045 3.217093
12060 -1.58760135 11.72406834 -3.95881569 -0.586953 -1.844088 3.192247
12080 -2.66445486 11.633512230000001 -2.90351475 -1.282259 -1.411397 1.884673
12100 -2.48512806 9.51525855 -4.60652094 -1.7566509999999995 -1.7341919999999995 1.235499
12120 -1.5393950100000002 5.835164580000001 -0.28276344 -2.121599 -0.995075 0.799373
12140 0.20312586 1.10874582 1.9655610300000002 -2.297038 -0.289862 0.4190930000000001
12160 -0.54007974 -0.75278016 -2.410591680000001 -2.088319 -0.5191600000000001 0.038421
12180 1.4745803400000002 0.01317483 -0.02410317 -1.30261 -0.576633 -0.12266
12200 4.26403422 1.1982620700000002 0.09265545000000001 0.199237 -0.268197 0.030577
12220 7.1001837000000005 2.9702718 3.31590753 2.596058 -0.478211 0.654338
12240 4.73181426 8.19051615 -0.7562234700000001 0.308896 -0.070485 0.04284
12260 9.414823770000002 22.29554016 -10.76591583 0.722109 0.393607 -0.754966
12280 6.244859610000001 50.41875006 5.56947054 -3.3329660000000003 2.972337 -2.755329
12300 -9.1015218 9.55987443 1.2406216500000002 -2.5942 -2.158388 -0.379618
12320 -9.28878489 18.02820978 -8.97578703 -3.5997260000000004 -1.839396 -0.425507
12340 1.95343587 16.24841091 -9.027426870000001 -3.716277 -1.850677 0.09819
12360 2.98569312 15.272737740000002 -6.388860600000001 -4.054771 -1.608287 -0.549691
12380 1.81138707 9.0465858 -4.43542473 -3.405404 -2.249704 -1.347636
12400 -1.38866436 1.66842594 -4.173919560000001 -2.564148 -2.3846540000000003 -1.362951
12420 -0.38874087000000007 -2.82163068 -3.1710040200000003 -1.847635 -1.46065 -1.287559
12440 -0.55280331 -3.3895512 -1.9902626100000003 -0.808392 -0.619834 -0.935274
12460 -2.8889959500000004 -2.42765127 -3.2355243900000006 0.376537 -0.431189 -0.653774
12480 -1.9766365200000002 -0.83750913 -1.3608235800000001 1.389058 -1.30001 -0.577222
12500 -1.99624671 0.21943989 0.0015009300000000001 1.933719 -1.443369 -0.363862
12520 -0.19250163000000003 2.32796205 5.91210441 2.531194 -1.80266 -0.00992
12540 -0.2956341600000001 9.16798455 -4.04488863 2.961745 -2.477987 0.134958
12560 -1.3894099199999999 6.31431441 2.07918045 3.523871 -2.977442 0.140593
12580 -3.3260805 14.18450463 -4.93912899 4.645201 -2.862477 0.2551
12600 2.67643287 50.84326800000001 2.7919946700000002 5.852369 -2.416124 1.071605
12620 17.72509059 10.40202369 -2.28319902 5.889463 -3.202649 2.723274
12640 10.686729510000001 14.609473830000002 -11.498634540000001 4.364392 -1.193581 2.4579470000000003
12660 6.53450967 16.251707070000002 -5.08327713 3.321081 -1.370451 1.7736330000000002
12680 2.36897766 12.53179431 -6.75874665 2.5040720000000003 -2.007821 2.032594
12700 3.4715824200000003 14.617851570000001 -3.01263138 1.906933 -3.021251 2.371553
12720 5.26470327 15.656838480000001 -2.11315248 0.437455 -2.599723 2.393863
12740 3.6106391700000002 11.92166136 -1.1662226100000002 -0.621364 -2.829991 2.0224990000000003
12760 0.16165899 7.667201700000001 -1.2284964900000002 -1.347136 -3.596519 2.267307
12780 -0.57974157 6.15086019 -0.16121754000000002 -1.487352 -3.02393 1.988924
12800 0.2601612 3.03957945 1.40512554 -1.400441 -1.976284 1.261798
12820 0.22168638000000002 0.4770603 -2.14519194 -0.86466 -1.106363 0.9001620000000001
12840 0.13082616000000002 -0.74155752 -2.36657421 -0.310501 -0.236074 0.962738
12860 1.4129146799999999 0.6412698900000001 -1.09631655 -0.110702 0.939709 1.126065
12880 2.90485872 1.4480933400000002 2.6162583300000004 -0.5088699999999999 2.413024 1.46109
12900 2.80426698 6.8861295 2.6695462500000002 -1.62441 3.926323000000001 1.211009
12920 1.2901719600000003 15.487096050000002 -4.804261110000001 0.8471549999999999 2.935941 0.320485
12940 10.722800880000001 50.508570420000005 -2.24907003 -0.6388520000000001 2.201623 -0.701628
12960 -3.28491774 14.964978420000001 3.4185888 0.691211 -1.076392 -3.674885
12980 -6.74093169 14.573539799999999 -7.1539228800000005 -1.304225 -1.7163080000000002 -0.4299270000000001
13000 1.31935671 19.94482872 -10.3912425 -3.422607 0.436371 0.666673
13020 2.4439653 18.584152290000002 -10.898537220000001 -4.126879 1.098947 -0.313313
13040 1.29420387 16.512613830000003 -7.61017617 -4.996 -0.229977 -1.025913
13060 -2.27047545 8.31865437 -7.656881580000001 -4.37085 -0.394632 -1.416577
13080 -2.14503498 4.131854280000001 -4.883143320000001 -3.667464 -0.077549 -1.401388
13100 -1.11712356 -3.15139383 -2.6559299700000003 -3.100085 -0.8487120000000001 -1.650673
13120 0.50804028 -5.75508555 -2.3414311800000007 -1.439495 -0.539748 -0.968627
13140 -1.64761893 -2.70711855 -2.38843089 0.164176 -0.151562 -0.601136
13160 -1.04766876 -1.01549196 -1.20828789 1.477219 -0.664281 -0.327457
13180 -1.6384956300000002 -1.7631807300000002 -1.18987452 2.266393 -0.685238 -0.033498
13200 -2.2659922800000003 -2.44472067 1.05440823 2.837349 -1.035811 0.294611
13220 -2.5414178400000003 -2.8201395600000003 4.58062254 3.441281 -2.244612 0.498
13240 -4.69723401 -3.4042171500000005 2.9542520700000003 4.145855 -3.231805 0.606735
13260 -1.20469743 9.477843210000001 7.803119250000001 5.100012 -2.845302 1.158766
13280 -0.67016034 40.801104540000004 -13.21616934 6.459072 -4.158567 1.789511
13300 10.187214120000002 50.06609037 0.04445892 6.200351 -3.543932 2.286844
13320 8.45741682 -6.898853070000001 -5.8642021799999995 4.7175400000000005 -2.279255 1.1275959999999998
13340 2.36702547 -2.1609075600000005 -6.56235045 3.338046 -1.787579 1.377976
13360 4.60966014 16.89716583 -6.20609049 2.598999 -2.265998 1.779351
13380 7.590261870000001 22.043462400000003 -3.4916438700000003 1.429117 -3.603009 1.75046
13400 6.41700549 21.629725650000005 -2.4881299200000004 -0.13673 -3.035149 1.759091
13420 4.342170870000001 13.946945670000002 -3.2844664800000003 -1.718464 -3.69724 1.936898
13440 5.3790682499999996 11.713895370000001 -1.29316401 -2.214267 -1.86366 2.040044
13460 0.33260805000000004 9.94022775 -3.48026427 -2.314889 -0.893445 1.657811
13480 1.13868594 7.25421051 2.0142088200000003 -0.87735 -0.499652 0.7689729999999999
13500 0.27737775000000003 3.5512200000000007 -0.27123669 0.793555 -0.453434 0.549849
13520 1.25229555 0.05598567000000001 -4.66729389 1.120544 0.640524 0.818855
13540 2.15566902 1.0178856 -0.18142614 0.769518 2.050194 1.045333
13560 3.5221725900000003 3.76961022 2.56282326 0.306079 3.282718 1.180453
13580 3.18103965 7.7624077499999995 -0.6773412600000002 1.088202 3.5823620000000003 1.226125
13600 5.37966666 16.850009160000003 -3.44642958 -1.960831 6.072607 1.297776
13620 9.40763304 34.46553186 1.8473112900000002 -1.951234 6.207397 -0.713792
13640 -1.0193767200000001 21.771480150000002 3.1204138500000003 -1.7006330000000005 2.075201 -4.125056
13660 -6.26896278 18.27894357 -4.45144446 -3.023589 -1.877347 -0.225949
13680 -2.4983028899999997 18.34240446 -8.83403253 -3.873086 -1.274749 -0.999639
13700 -1.90658331 17.49247587 -8.36206362 -4.11626 -1.355751 -1.577005
13720 -0.08517042 15.471076320000002 -4.61460438 -5.578796 -1.7145549999999998 -2.221285
13740 -3.6377343900000003 9.2372922 -5.09585355 -4.991748 -1.3626120000000002 -0.967816
13760 -4.90889457 1.4711370300000002 -4.54649355 -4.404224 -0.472238 -1.427393
13780 -5.75583111 -8.505162089999999 -5.50345905 -2.969236 0.215308 -1.450297
13800 -1.7055567900000002 -4.63256649 -4.64993019 -1.6329049999999998 0.479842 -0.831347
13820 -1.3674060900000002 -0.9210314700000001 -2.9975141700000005 -0.006929 -0.15238800000000002 -0.5126
13840 -3.4796658600000003 0.45385965 -0.6354329400000001 1.388707 -0.418845 -0.090176
13860 -2.18650185 -0.52076385 -0.31943322 2.044064 -0.268706 0.954657
13880 -2.3947191 -1.9347282000000001 1.04707035 3.008651 -1.414948 1.451041
13900 -4.70576871 -1.7937192600000003 6.340212810000001 3.77202 -3.114066 1.056899
13920 -3.61917387 -1.1868824699999998 -7.57949049 4.527225 -3.710768 0.97214
13940 -0.73916388 5.829926040000001 6.350395590000001 6.091124 -4.518976 1.396434
13960 0.82493271 36.30939003 5.05349397 7.928813000000001 -6.761364 1.6631759999999998
13980 24.43339422 43.188191460000006 -5.46273774 5.826505 -3.201924 1.532835
14000 10.42896195 2.6432064000000004 -6.38137557 4.378304 -0.88582 0.609626
14020 6.46535898 -4.5036827100000005 0.08143281000000001 3.442962 -1.382535 1.227571
14040 4.91158251 11.34131157 -0.38784816000000005 3.206834 -2.471347 0.92501
14060 5.889806280000001 22.44641796 -4.78749582 0.6616380000000001 -3.645141 2.0293
14080 2.19877416 23.139778950000004 0.9128008800000001 -1.308646 -2.8151650000000004 1.841422
14100 -0.09805095000000001 14.544050940000002 -4.67043309 -2.813169 -0.860875 1.936299
14120 1.6384956300000002 12.01910409 -3.35033082 -2.978577 -0.362319 1.013698
14140 -0.36958194 12.25142451 -4.73495346 -1.384099 -0.416501 0.128666
14160 2.1519216 7.4818908 -0.7218001799999999 0.117731 0.12629300000000002 0.282671
14180 1.7871367500000002 1.8179695800000002 0.14864112000000002 -0.100931 1.716996 0.676484
14200 3.53774106 -3.6567461700000004 -3.3045279300000003 0.10587 3.5125900000000003 0.6126020000000001
14220 4.65966171 1.11787893 -3.4370021700000004 -0.019843 4.503728 0.6136590000000001
14240 3.66842007 3.82739112 0.9729754200000001 0.181235 4.383585 0.381277
14260 2.25999837 8.48734713 1.15349904 1.506235 4.032186 0.528783
14280 4.631222520000001 16.098425820000003 -2.52210195 -1.788987 6.63672 -0.060525
14300 12.048897060000002 42.99329619 0.42616602000000003 -2.020905 4.629393 -5.093035
14320 -6.3020421 28.11154581 6.09817068 -2.826898 -0.313688 -0.88674
14340 -11.27964591 16.41905586 -4.77686178 -4.522217 0.236137 -1.050974
14360 -1.4416481700000001 17.4305061 -7.14583944 -4.270554 0.498908 -1.712919
14380 -0.15148602000000003 16.91063496 -5.41408995 -5.065853 -0.645582 -2.524583
14400 3.23177697 14.816935710000001 -5.204675879999999 -5.1416900000000005 -0.718171 -1.623441
14420 -1.73279916 5.9402493000000005 -5.614076610000001 -4.527928 -0.270386 -1.7147990000000002
14440 -3.29584608 -8.254134 -7.2738207 -2.81812 0.362764 -1.692985
14460 -2.80681758 -8.19441072 -3.9881574000000004 -2.013824 1.269019 -0.985638
14480 -5.0180112 -5.29957782 -2.10731553 -0.122789 0.942809 -0.701751
14500 -4.21163901 -3.7583875800000004 1.69058673 0.910077 -0.025423 -0.025657
14520 -2.16884385 -1.9067304600000001 2.38978467 1.795293 0.019524 1.284767
14540 -2.32196814 -0.6054928200000002 1.59568479 3.221386 -1.32904 2.15958
14560 -3.57067323 -1.3666605300000003 -0.8434932300000001 4.242325 -2.925734 1.769243
14580 -5.199888600000001 0.8797215600000001 6.029765550000001 4.760952 -3.379307 1.527755
14600 -1.7582463000000002 5.2721883 -4.66849071 6.764774000000001 -4.1506300000000005 1.670927
14620 -4.8578433300000015 12.861400500000002 3.9142096200000003 8.194736 -6.151455 1.0243870000000002
14640 11.75909985 73.46498085000002 4.73660154 6.531715 -3.3754160000000004 0.885299
14660 18.36995094 13.055098950000003 -5.125793669999999 4.772274 -1.411909 0.495547
14680 9.85400766 -3.8922057899999998 -5.4865368000000005 4.191639 -0.4394050000000001 1.287139
14700 5.661978840000001 3.51843498 1.50362775 3.585346 -1.724128 1.01429
14720 9.66974643 18.43326468 -1.5223354199999999 0.616002 -2.914173 1.755648
14740 6.6286660500000005 27.120000060000002 -3.79536147 -1.837058 -2.28873 1.719552
14760 -0.27542556 15.43739859 -1.8077868000000001 -3.579979 -0.80491 1.92553
14780 1.6589985300000003 12.035270970000003 -5.588923770000001 -2.689852 0.519482 0.5595220000000001
14800 -2.5373761200000002 13.141770300000001 -7.09001073 -1.099377 -0.076405 -0.451962
14820 1.51590006 10.39498011 -0.26989272000000003 -0.706647 0.329759 -0.067315
14840 3.65090922 2.52630063 3.65779584 -1.279741 2.251356 0.468876
14860 5.069955149999999 -4.2685272 -1.2284964900000002 -1.197685 4.151432 0.491583
14880 5.12443989 -1.15200792 -6.51759723 -0.28823000000000004 4.299353 0.540475
14900 4.126017330000002 4.2330444300000005 -2.7246294 -0.845708 4.873293 0.285882
14920 0.92956617 7.905810330000001 2.76011217 0.365546 5.2996089999999985 -0.547963
14940 1.24421211 13.290558570000002 -3.4465865400000006 0.078387 3.530624 -0.142846
14960 11.19237615 43.12741851 -3.25827378 -3.147863 4.641614 -4.775114
14980 1.4441987699999999 34.125281820000005 7.70208606 -2.43779 1.461105 -0.702562
15000 -7.73022114 17.49501666 -2.6304828300000005 -4.756963 0.822709 -0.216948
15020 -1.8528441300000003 20.275788690000006 -10.48779252 -4.314939 1.190888 -1.828415
15040 -0.49217751000000004 20.615283360000003 -7.459435710000001 -4.5652940000000015 -0.047061 -2.917096
15060 2.40280254 15.848143290000001 -5.5992537 -4.852761 -0.983024 -3.037545
15080 -1.8088364700000001 3.28806675 -6.09697386 -4.91413 -0.8726360000000001 -2.08633
15100 -1.5617029500000001 -6.30758475 -3.6958194000000004 -3.239327 0.001446 -2.344943
15120 -3.6079512300000003 -9.71734455 -2.49500673 -1.6575669999999998 1.582498 -1.365975
15140 -5.861514240000001 -7.037615520000001 -3.24061578 0.169053 1.4641110000000002 -0.783702
15160 -5.52890619 -7.25166972 2.07827793 0.964457 0.435679 -0.032277999999999994
15180 -2.42076465 -5.7669066 4.00327461 1.410717 -0.109977 1.502301
15200 -1.4792204699999998 -1.52802522 3.12280749 2.909263 -1.516281 2.102092
15220 -1.32968664 0.7315317000000001 -1.47443319 3.851563 -3.044411 1.949331
15240 1.0856923200000002 2.12737698 -2.0718425700000003 4.719649 -3.338464 1.738922
15260 -3.05634474 1.9434100500000002 9.22920876 7.1002220000000005 -4.335903 1.625438
15280 -5.1262351200000005 5.58339093 -10.574012610000002 7.968147 -6.512726 0.990152
15300 -6.30758475 37.2992877 4.114049130000001 6.168036 -2.540633 0.5003340000000001
15320 11.92735116 45.755949150000006 7.583228100000001 4.680621 -0.665944 0.5067699999999999
15340 14.6771334 4.5595212300000005 -9.02113866 4.0748440000000015 0.511726 1.162259
15360 12.055332420000001 -4.0228848 -2.3316996600000004 3.351859 -0.862809 1.604419
15380 7.21813914 7.974068310000001 0.93451041 0.657521 -2.500497 2.430524
15400 9.72557514 18.17909739 -1.2747506400000002 -1.892809 -1.839132 1.754906
15420 4.02154083 25.94569401 1.61304849 -3.4296300000000004 -0.447321 1.349282
15440 -1.83069315 15.89693823 -3.50900757 -2.272676 -0.328627 -0.296396
15460 1.13553693 13.95637308 -7.04988783 -1.09554 -1.438913 -1.248151
15480 -0.61102566 13.47392709 -5.077145880000001 -0.726013 -0.423413 -0.311108
15500 3.67755318 6.318660240000001 0.76102056 -1.14627 2.410031 0.365987
15520 6.108049350000001 -1.7016622199999998 0.97342668 -0.8722610000000001 4.3602919999999985 0.459406
15540 7.227125100000001 -4.44470499 -3.8534366700000002 -0.085246 4.868543 0.8135600000000001
15560 5.570520210000001 2.85740775 -4.58197632 0.205019 5.65644 0.397972
15580 3.67905411 4.168533870000001 3.70988694 2.099542 1.557903 -0.07278899999999999
15600 -0.30431601 11.491306470000003 -1.3765392 -1.0839530000000002 8.150883 -1.83613
15620 7.25092416 32.234414130000005 -7.09509231 -2.963851 2.848877 -5.496854
15640 5.009780610000001 45.59233797000002 6.524483850000001 -3.4400160000000004 1.437034 -2.070447
15660 -9.903852270000002 16.75945305 2.7223927199999998 -4.9619230000000005 1.6285889999999998 -1.768334
15680 -10.36280331 18.352734390000002 -8.8615692 -4.824808 0.689836 -2.357968
15700 -1.3953940200000001 19.33708941 -8.63404587 -5.2261 -1.151206 -2.747245
15720 0.18441819 18.61454367 -5.49702369 -5.018841 -0.210564 -1.863583
15740 2.8976778000000003 12.03737031 -3.7305468000000004 -3.018031 -0.992645 -2.489538
15760 0.22467843 -7.22772351 -4.45742856 -2.13268 0.581408 -1.819869
15780 0.5159765700000001 -9.02173707 -3.5224767000000003 -1.03616 2.193809 -1.332508
15800 -3.51753246 -6.77716002 -2.4760047600000004 0.146568 1.237062 -0.994008
15820 -4.4768916 -7.14254328 1.5545220300000002 0.680475 0.643392 0.217573
15840 -3.1314893400000003 -6.198458310000001 4.66624422 1.940038 -0.419052 1.878136
15860 -1.57412241 -1.9872705600000002 3.4967254500000005 3.489999 -1.781008 1.999666
15880 -1.2507946200000002 -0.41373675 0.44173449000000004 3.819609 -3.221658 1.281696
15900 -0.7087725 2.1547665 0.57345336 4.7765010000000006 -3.631333 1.137218
15920 -3.6884815200000003 5.067267210000001 2.9779039800000002 7.76695 -5.7279849999999985 0.7238899999999999
15940 -3.7444671900000004 9.1649925 -5.5124352 7.126009 -6.801900999999999 0.7763369999999999
15960 -11.16528093 33.85989189 1.2754962 5.973949 -1.225 0.13196
15980 14.222528190000002 40.079157210000005 2.2855926600000007 4.618906 -0.286804 0.8508889999999999
16000 18.14362443 8.45187417 -2.81175201 4.018818 1.507387 1.569721
16020 13.97583612 2.15117604 1.9272431700000001 2.976566 -2.522784 2.2640860000000003
16040 10.38405177 13.16752155 -0.91894194 0.56072 -2.734169 2.608541
16060 11.234284470000002 25.34768622 -5.11755327 -1.30103 -2.403608 1.744808
16080 0.7057804500000001 17.7948495 -0.51523101 -2.169465 -1.394452 1.081561
16100 -2.0255884200000005 12.218492340000001 -4.511913300000001 -1.146592 -0.6439020000000001 -0.484679
16120 -4.084403310000001 12.17837925 -5.8624069500000004 -0.794841 -1.125094 -1.1332209999999998
16140 -1.17086274 11.97090756 -2.6461984500000004 -1.782709 1.169513 -0.27887
16160 2.59200801 4.4828757 -1.0267146 -1.924801 4.217005 0.441555
16180 7.25226813 -4.076476830000002 1.4368608900000002 -0.629649 5.786447 0.8438329999999999
16200 9.73844586 -4.92999588 -4.39755813 0.404288 5.246424 0.994889
16220 7.1200980000000005 2.92177116 -4.72866525 2.221655 3.062932 0.138712
16240 2.1999709800000002 3.9112175700000003 0.60354063 0.554608 6.190285 0.06003500000000001
16260 0.86205375 8.55126909 1.24660575 -2.965557 6.503114 -4.782636
16280 5.5932696 23.80274856 -5.1503382900000005 -2.921785 1.95602 -3.632437
16300 5.73712344 52.897148460000004 6.0276662100000005 -3.632876 1.100634 -2.226255
16320 -10.05100227 18.34375824 3.7317436200000005 -4.870368 0.449755 -1.954191
16340 -11.999346749999999 16.92321138 -8.903938590000001 -5.1758120000000005 -1.530139 -3.399092
16360 -1.81512468 20.272198230000004 -9.290884230000001 -5.057055999999998 -0.443462 -1.6637939999999998
16380 1.7404313400000002 21.1613472 -5.24659401 -4.448568 -1.525245 -2.5907150000000003
16400 3.9413048400000004 14.680566900000002 -1.8965574900000002 -2.8057220000000003 -1.192744 -2.450411
16420 1.89760716 -3.8574783900000003 -2.07813078 -2.349981 0.960295 -1.278147
16440 -0.03202965 -11.30628987 0.04969746 -0.369458 0.988986 -0.846675
16460 -3.3175556100000003 -6.24920544 -0.25506981 0.340715 0.247319 -0.072713
16480 -5.8823212499999995 -9.16588521 1.2695121 1.531297 0.120921 1.730379
16500 -3.96809595 -7.494614370000001 4.358936160000001 3.409783 -1.089133 2.739565
16520 -1.34300862 -1.73533995 2.65128984 4.160888 -2.830276 1.94374
16540 -2.02783491 0.10014048 -2.4727086000000003 4.509941 -3.214458 1.2801
16560 -3.6715690800000003 1.96630659 0.5980077900000002 5.600103 -3.90255 1.115544
16580 -7.369625160000001 6.941516760000001 -4.583614590000001 9.21462 -5.765255000000002 -0.0008869999999999998
16600 -8.23811427 11.08729143 -0.38140299 7.144424000000001 -5.3614190000000015 0.969036
16620 1.04273433 47.88886878 -2.6315325 5.455364 -0.15728599999999998 0.5040520000000001
16640 23.24531493 24.598349370000005 3.14196642 4.351354 0.14085899999999998 1.226622
16660 16.51350654 3.96435834 -1.09872 3.222941 -0.391337 1.561253
16680 14.534927640000001 -0.4767561900000001 2.81385135 0.542902 -2.360459 2.674167
16700 11.75805018 15.824795490000001 -1.23897357 -1.865206 -2.2791200000000003 2.5365330000000004
16720 8.832678750000001 27.151284150000002 -3.9709408500000003 -2.404259 -0.953499 1.302614
16740 -0.7628157900000001 15.02366184 -4.37899761 -1.6852349999999998 -0.321597 -0.432239
16760 -0.55923867 9.52409736 -4.9220694 -1.041818 -1.543803 -1.437784
16780 -3.46799196 14.344221240000001 -4.683313620000002 -1.072555 -0.335358 -0.984485
16800 -1.43776341 9.267526620000002 1.54568322 -1.906752 2.45296 -0.119011
16820 1.4114137500000001 2.11135725 1.9258992000000001 -1.536011 4.71015 0.12424
16840 6.56265456 -7.031033010000001 -1.63070649 0.140692 4.523886 0.761101
16860 7.88574888 -0.5957612999999999 -6.09817068 1.390781 4.727012 0.562337
16880 3.1127816700000004 7.247775150000001 -4.85126082 2.018807 1.460038 0.228011
16900 0.98524773 5.56467345 -1.25858376 -1.01964 7.996564999999999 -0.864469
16920 0.83076966 7.40554938 2.42331525 -2.714632 3.660354 -4.582824
16940 4.7806092 23.32345158 -3.5568999900000002 -3.4066160000000005 1.604521 -2.691065
16960 11.258838900000002 53.39171961 4.52658906 -4.477411 1.071178 -2.119953
16980 -5.40615366 20.011438620000003 3.0990084300000005 -4.885481 -0.368166 -2.259828
17000 -11.83798206 13.39893945 -11.90968335 -5.158985 -2.458357 -3.3230089999999994
17020 -2.2897913400000003 19.67239521 -11.35867527 -5.038565 -1.363617 -1.474479
17040 0.21285737999999998 20.59567317 -6.26073219 -4.685116000000002 -1.672368 -2.091183
17060 1.5525698400000003 13.281582420000001 -4.140094680000001 -2.878077 -0.909032 -2.208794
17080 1.4413538700000001 -7.94862117 -1.0115973900000002 -2.3176400000000004 1.701905 -1.084455
17100 0.13561344 -11.773020240000001 -1.04782572 -0.528888 1.470494 -0.975524
17120 -5.23506726 -5.97122928 -1.6527103200000002 0.402855 0.994908 -0.333883
17140 -3.4272706500000005 -7.6791797100000005 2.7098163000000004 1.6959400000000002 0.914802 1.259425
17160 -2.6204472000000005 -8.05086099 3.7546401600000006 3.2523150000000003 -0.7256640000000001 2.2914830000000004
17180 -1.6640899200000001 -2.20596489 3.47218083 3.860006 -2.473078 1.589735
17200 -1.4160538800000002 2.03097411 -1.0591955100000001 4.369827 -3.0235220000000003 1.07271
17220 -0.12379239 6.267618810000001 1.04257737 5.586556 -4.5691510000000015 1.327812
17240 -4.44740274 9.461970630000001 -8.39813499 8.884533 -6.880957 0.640239
17260 -6.734947590000001 10.24319979 -2.6018866800000002 6.708888000000001 -5.222086 1.400581
17280 -1.40138793 42.21057591 -1.08538821 5.0496349999999985 0.046278 0.299063
17300 21.021387930000003 22.317092730000006 2.06241516 3.379886 0.233884 1.449385
17320 16.12611945 3.7305468000000004 -3.4232289300000005 2.431045 0.414139 1.948864
17340 13.16437254 -1.14272766 2.6755401600000006 0.061967 -1.7062830000000002 2.800293
17360 10.15832367 9.813590460000002 0.04625415 -1.5027780000000002 -1.219983 2.957519
17380 10.58030082 27.122844960000002 -2.8581533100000005 -2.355064 -0.742424 1.488558
17400 1.1618865900000004 18.12341583 -0.59621256 -1.7069720000000002 -0.529726 -0.313551
17420 -4.8121974 10.18377081 -5.53458618 -0.905948 -1.46012 -1.436943
17440 -8.28063081 12.56262714 -4.8705669 -1.4535559999999998 -0.609896 -0.996409
17460 -5.18581125 13.89246093 -0.28111536000000004 -2.370372 2.685233 0.005639
17480 0.8533719000000001 5.2636536000000005 1.9314320400000002 -1.756061 4.788017 0.023259
17500 5.807922210000001 -3.1647158100000006 -0.66222405 -0.10618 4.1562 0.484246
17520 8.87070231 -3.75269778 -5.599852110000001 2.004947 3.940801 0.571908
17540 5.835910139999999 5.51198394 -4.60891458 2.887842 3.17773 0.157105
17560 3.5404388100000004 4.47853968 -0.83436012 -0.25261 5.267530000000002 -0.248864
17580 1.74476736 6.296058 1.22550444 -3.459502 5.563551 -3.825618
17600 4.37659416 14.97396438 0.8210381400000001 -3.1089330000000004 2.584934 -1.708546
17620 13.9515858 47.058991830000004 0.11661147000000001 -4.4002089999999985 1.139159 -2.137661
17640 -2.08022031 32.489935200000005 7.478751600000001 -4.218865 0.086425 -2.2343900000000003
17660 -12.84598899 15.13038483 -10.92652515 -4.907692 -0.703519 -3.356617
17680 -6.358479030000001 16.62622344 -11.041488540000001 -4.615942 -2.254193 -2.636884
17700 -2.4843824999999997 17.8645986 -6.864272820000001 -4.8694169999999986 -1.293878 -2.010702
17720 0.8427476700000002 14.872774230000001 -2.66925195 -2.694182 -0.293207 -2.392032
17740 3.6675273600000002 2.0417553 -4.75530921 -2.163612 1.21271 -1.425652
17760 1.7765027100000002 -12.10008564 -3.3133569300000003 -0.14968 1.552239 -1.233626
17780 0.38020617 -8.45217828 -1.25963343 0.432432 0.901064 -0.600611
17800 -3.75823062 -7.841142810000001 2.17572066 1.175539 0.553009 1.077861
17820 -5.110970760000001 -10.620561060000002 4.8121974 3.036095 -0.382842 2.793734
17840 -2.43034902 -2.7864520200000005 4.44381228 3.879632 -2.257168 2.189937
17860 -3.0729628800000004 1.0102534200000002 0.6036975900000001 4.42242 -3.032755 1.470467
17880 -1.19930193 5.10049368 -3.3633585 5.625684 -4.40514 1.570361
17900 -1.21606722 7.684565399999999 3.31216011 9.070023 -6.039733999999998 0.565681
17920 -5.274729090000001 9.13146192 -9.60612858 7.157928 -4.147597 0.8393879999999999
17940 -11.821668030000001 26.954446500000003 4.076476830000002 5.607006 0.485909 0.16459300000000002
17960 9.75162069 39.49686504 4.01525262 3.813928 0.989444 1.5358379999999998
17980 18.04781997 11.382484140000003 -2.8442329200000005 3.4171150000000003 1.185157 1.953695
18000 13.7779488 1.5181465500000002 -2.90007144 0.6334350000000001 -2.688432 3.095031
18020 11.22396435 1.2641166000000001 3.9191538599999998 -1.420186 -2.088728 2.224272
18040 11.03894775 15.22633644 0.58318488 -2.658986 -1.082043 0.6365649999999999
18060 6.7816431900000005 27.35576379 -1.4900016600000001 -2.563867 -0.466545 -0.4520770000000001
18080 -2.7864520200000005 14.89267872 -2.7846567900000005 -1.4928709999999998 -1.564302 -1.514616
18100 -3.53056014 9.10855557 -6.57837018 -1.394542 -1.298175 -1.285671
18120 -5.6476071899999996 14.188399200000001 -4.54574799 -1.6432209999999998 0.945021 -0.203901
18140 -0.28965006000000004 9.11723742 1.61693325 -1.517773 3.796028 0.13729
18160 3.10664061 1.84341672 2.25446553 -0.748079 4.775092 0.782345
18180 6.64108551 -7.769441520000001 -1.29091752 1.046277 4.035056 1.27439
18200 8.306676359999999 -0.74200878 -6.99255819 1.09362 5.557976999999998 0.807024
18220 3.0756508200000003 5.650903350000001 -2.86759053 1.823377 0.8179069999999999 0.339632
18240 2.1773687400000004 5.47785495 2.9865858300000006 -2.684144 5.7299430000000005 -4.548943
18260 0.15014205 10.28481381 -1.26652005 -3.150733 2.996142 -2.207157
18280 9.72064071 34.85157498 -4.12048449 -4.323313 1.41164 -1.8811
18300 0.6996492000000001 47.88302202 7.5017952900000004 -4.112702 -0.128735 -2.332717
18320 -10.545867720000002 16.6816107 -4.55622507 -5.102633999999999 0.005848 -3.427254
18340 -9.32066739 19.01675367 -13.50641781 -4.876956 -2.389714 -2.619305
18360 -1.1268550800000001 20.957318820000005 -8.49588183 -4.937138 -0.716066 -1.793998
18380 3.3712849800000004 20.51304354 -5.973024510000001 -2.77632 -0.546272 -2.172228
18400 4.94931177 8.46025191 -3.8492478 -2.033977 1.321074 -1.198422
18420 1.29675447 -16.558269570000004 -2.8487259 -0.017991 1.184244 -1.2290299999999998
18440 1.2710032199999999 -8.466540120000001 -1.2584366100000002 0.6183109999999999 1.034319 -0.519367
18460 -5.438193120000001 -6.763681080000001 -1.2386694600000003 1.718521 0.680399 0.984282
18480 -4.4062399800000005 -9.34910658 2.3593932900000008 3.100696 -0.411407 2.156493
18500 -2.3546060100000004 -7.027884000000001 3.94085358 3.872192 -2.23081 1.732652
18520 -1.41875163 -0.37496763 4.225412250000001 4.379167 -2.81488 1.102418
18540 -2.6485920899999997 1.674567 -1.5328125000000001 5.2567900000000005 -3.3762870000000005 0.876395
18560 -0.04745097 5.0109774300000005 -4.14383229 8.591311 -4.505506 0.124536
18580 -1.3657580100000002 5.61242853 9.54550278 7.438459 -5.51147 0.676453
18600 -6.451438590000001 9.57154833 -16.62861708 5.296975 -0.071232 0.699388
18620 -10.25577621 57.625666560000006 -2.9900291400000003 3.525212 -0.00185 1.400496
18640 17.76490938 23.55157332 2.28619107 2.737925 0.482648 1.86653
18660 16.92335853 5.91779421 -4.414764870000002 0.08153200000000001 -1.176915 2.5359
18680 13.95577467 0.7614620100000001 0.5966638200000001 -2.10325 -2.275007 3.045475
18700 8.70185259 8.410858560000001 2.4957621000000003 -2.036659 -0.8882479999999999 1.715295
18720 10.186615710000002 24.71420547 -4.17018195 -1.87522 -0.244288 0.378184
18740 3.11637213 21.57403428 1.76437755 -1.115077 -0.639255 -0.608379
18760 -4.35025431 9.95250006 -7.080426360000001 -1.1000450000000002 -0.747444 -0.738458
18780 -6.54154344 10.56592917 -6.085447110000001 -1.487673 1.021631 -0.316144
18800 -3.20932188 11.534568570000001 0.9282222 -1.315246 3.109972 -0.033468
18820 1.8931141800000002 4.5693999 2.1333610800000002 -1.019543 3.72024 0.5425180000000001
18840 5.375320830000001 -4.440967379999999 -0.5695686 -0.484859 3.168421 1.145165
18860 7.55299368 -3.99893859 -3.58983216 0.420215 4.668271 0.908146
18880 4.5075772800000005 4.321216710000001 -4.585861080000002 2.920768 2.491668 0.932675
18900 1.7229204900000001 4.03770771 -2.05596999 -2.104968 5.761238 -3.2887089999999994
18920 1.87440651 4.81054932 2.5515908100000004 -2.846993 3.156507 -1.017378
18940 2.15117604 12.36519108 -0.5762982600000002 -3.847678 2.157712 -1.323258
18960 13.085941590000001 56.51153505 -4.605618420000001 -3.614511 0.26821300000000003 -2.398112
18980 -0.430659 29.90751156 6.700367340000001 -4.297227 -0.114695 -3.284742
19000 -11.706557490000002 12.309950970000001 -10.607543190000001 -5.290771 -2.295221 -3.512146
19020 -5.27323797 18.26876079 -11.35209276 -5.258893 -2.004078 -1.758276
19040 -1.41844752 21.7198305 -10.04306598 -4.197905 0.213227 -2.261111
19060 2.27706777 12.33958698 -6.432269850000001 -2.4887080000000004 0.967959 -1.741666
19080 0.96967926 -1.90523934 -1.87664319 -0.794058 1.6360860000000002 -1.396332
19100 -0.07170129 -15.6346875 -3.25647855 0.478873 0.902249 -1.202766
19120 -2.61835767 -7.1421018300000005 -0.45250587000000003 1.32667 0.917439 -0.143596
19140 -4.47150591 -6.95079702 2.02663809 2.43363 0.382702 1.816463
19160 -3.47098401 -6.08125824 4.058661870000002 3.3642260000000004 -1.334951 2.18195
19180 -1.4831150400000002 -2.17662318 4.70381652 4.002716 -2.427115 1.693223
19200 -3.4019706600000004 0.6944106600000001 1.86871671 4.595283 -2.910364 1.349741
19220 -2.259252810000001 3.03957945 -4.13335521 6.158932 -3.74872 1.322213
19240 0.4918734 4.205654910000001 -1.6965708300000002 9.174496 -6.0008029999999986 0.862258
19260 -3.5929811700000003 5.501055600000001 2.58437583 6.513728 -3.776904 1.402707
19280 -5.373525600000001 19.35684675 0.43394535 4.765921 0.414441 0.650191
19300 1.5081109199999998 61.3068102 -6.007006350000001 3.115324 -0.047183 1.636973
19320 14.184200520000001 9.993966930000001 -2.6783850600000005 1.867664 -0.482086 2.252657
19340 13.735736370000001 0.60982884 -6.089635980000001 -0.917468 -2.827762 3.584304
19360 11.556268290000002 -0.92956617 4.058514720000001 -2.286432 -1.502218 2.556096
19380 9.50463432 10.27867275 4.2348396600000004 -2.648826 -0.601055 0.756729
19400 9.54205947 25.361312310000002 -2.03696802 -1.781375 -0.652512 -0.977279
19420 1.84850811 23.43557007 0.84604383 -1.569307 -1.424705 -1.459781
19440 -6.5508237000000005 11.24117109 -9.34821387 -2.050137 0.464354 -0.592823
19460 -6.905592540000001 12.985045740000002 -4.89407166 -1.969861 3.564311 -0.397546
19480 -0.7896069 10.145148840000001 1.75599981 -1.214052 5.03634 -0.208282
19500 3.67291305 3.4197856200000003 1.51095582 0.032453 3.949937 0.5303439999999999
19520 7.11485946 -5.9778216 -1.3308834600000001 1.251668 3.765228 0.6427149999999999
19540 8.30113371 -2.2858967700000004 -5.607337139999999 0.412692 5.220378 0.043195
19560 3.7631748600000003 4.60532412 -3.26037312 3.255694 0.224678 -0.134575
19580 1.8212657400000003 4.28738202 -2.9794049100000004 -4.421198 6.055521 -3.478317
19600 2.13276267 4.352795100000002 3.49643115 -3.889619 3.82641 0.190118
19620 2.17677033 14.237046990000001 -0.7535355300000001 -4.51483 0.944245 -1.51437
19640 17.256113730000003 64.32273774000001 -3.1335788700000005 -3.966149 -1.424899 -2.528722
19660 -3.22938333 29.75512302 7.64340264 -5.021859 -0.054124 -3.418067
19680 -16.696433610000003 12.55439655 -14.190939990000002 -4.9124360000000005 -2.761185 -2.932066
19700 -3.90119175 18.64013796 -11.570934240000001 -4.587117 -0.5752520000000001 -2.146383
19720 0.11855385 19.43648433 -7.556731290000001 -2.1102380000000003 1.10188 -2.259418
19740 3.25707696 16.64030079 -1.8709632 -0.813783 2.0374830000000004 -1.592468
19760 1.14017706 -4.932242370000001 -3.85164144 0.917275 1.889067 -1.143284
19780 1.0440783 -14.620098060000002 -2.25999837 1.2918 1.750423 -0.097906
19800 -3.45826044 -8.36625249 -0.5269049100000001 1.540271 0.054547000000000005 1.804234
19820 -4.28438997 -9.24133392 3.8676611700000003 3.114367 -0.742338 2.584301
19840 -3.1439088000000006 -7.02922797 4.69633149 3.770275 -2.509784 2.0549
19860 -1.9519447500000002 -1.70345745 5.04735291 4.3183620000000005 -3.221652 1.646239
19880 -4.07272941 0.63887625 -0.29010132000000005 5.418129 -3.462248 1.453404
19900 -0.44472654 6.5707379999999995 -3.1397199300000005 9.622773 -4.689327 0.709885
19920 1.6164918 5.94219168 -1.27879236 7.210603 -6.703869999999998 1.760634
19940 -4.996605779999999 4.9174194600000005 9.083559690000001 5.477811 0.6456350000000001 0.824715
19960 -7.494761520000001 23.34215925 -16.94865852 4.1774580000000014 0.177653 1.499894
19980 1.2705617700000003 47.8929105 2.3243617800000003 3.410093 -0.110205 2.222362
20000 20.4326604 12.341980620000001 3.69192483 0.951995 -2.67826 3.205134
20020 17.09550441 5.342094360000001 -5.781572550000001 -1.316341 -3.52779 2.3689150000000003
20040 14.14318491 3.80928186 2.20221747 -2.5020990000000003 -2.4354 1.412788
20060 11.05241688 10.678341960000001 3.54073311 -2.492772 -1.201024 -0.387614
20080 2.21658912 27.585386460000002 -2.2439884500000002 -1.985416 -1.36917 -1.400802
20100 -6.96516867 20.588933700000002 -0.9982754100000001 -1.785586 -0.07547899999999999 -0.887249
20120 -6.13005318 10.88416557 -6.96770946 -1.801864 2.404087 -0.24213
20140 -5.4893817 13.075611660000002 -4.97041308 -1.080866 4.332712 0.078765
20160 2.09009898 7.36991946 0.40445649000000006 0.160376 4.196614 0.80225
20180 5.041967220000001 -0.54112941 2.7910921500000003 0.594946 3.937917 1.182699
20200 7.31722995 -7.771089600000002 -1.01413818 1.22168 4.4777879999999985 0.430084
20220 7.970173740000001 -0.26734212 -6.98522031 1.290475 4.505703 0.582217
20240 2.09234547 4.16538486 -3.17339766 -3.361795 6.8858570000000014 -4.782689
20260 1.97962857 2.86339185 -2.02948299 -2.897199 3.474273 -2.116268
20280 1.8073453500000003 5.75612541 2.7828615600000006 -3.862084 1.906668 -1.932992
20300 5.6453607 24.13056933 -7.651486080000001 -3.471924 1.111614 -2.181348
20320 18.140926680000003 71.60180678999998 6.34156659 -4.471498 0.087906 -3.715644
20340 -8.69467167 12.4677252 1.5199417800000004 -5.073418 -2.700261 -3.375512
20360 -15.087426840000003 18.93981384 -12.469971690000001 -5.054692 -0.733979 -2.007373
20380 -1.16053281 21.98537739 -9.19582533 -3.254894 -0.707704 -2.678497
20400 2.46027933 21.47449221 -7.146437850000001 -2.544177 0.999037 -1.47397
20420 5.53489029 10.757528279999999 -3.01427946 -1.009385 2.084633 -1.226427
20440 0.01107549 -13.589037630000002 -2.5857198000000006 0.031644 0.918585 -0.904672
20460 -0.55759059 -11.761787790000001 -1.0623445200000001 1.053503 0.561118 0.222421
20480 -5.698501470000001 -7.74025677 0.18650772000000002 2.337224 -0.097724 1.896521
20500 -3.28357377 -7.82992017 2.7851080500000003 3.322628 -1.726089 2.263346
20520 -2.49516369 -4.93793217 4.55847156 3.804009 -2.797904 1.617534
20540 -2.80127493 0.93451041 2.4351363000000004 4.462403 -3.4258550000000003 1.439204
20560 -2.7279255600000005 3.89086182 -3.4259266800000003 6.148754 -4.326058 1.586732
20580 -0.50370426 4.934037600000001 -5.33415807 9.46026 -4.88854 0.586159
20600 -3.7925165700000005 3.3242852700000003 9.41257728 6.357074 -2.107053 1.13135
20620 -8.55980379 7.35840252 -10.14964182 4.763873 -0.072992 1.334464
20640 -11.113042680000003 46.714405770000006 0.92088432 4.02069 -0.347458 2.150019
20660 16.19048286 35.58280257 4.90380318 2.554749 -1.148218 2.539252
20680 16.25529753 7.323371010000001 -5.46168807 -0.611191 -2.589294 3.091551
20700 13.613140800000002 0.3101529600000001 -0.5477119200000001 -2.038968 -2.544812 1.998344
20720 11.86073145 6.921455310000001 2.7644481900000004 -3.116475 -1.239312 0.668823
20740 13.25508561 18.10828881 -2.85740775 -2.2158900000000004 -1.1221299999999998 -0.90921
20760 6.840777870000001 26.80685505 2.4168700800000003 -1.259226 -1.785696 -1.496677
20780 -2.62823634 13.148656920000002 -6.6111552 -1.481225 -0.249948 -0.411678
20800 -3.05634474 8.656795259999999 -8.10474732 -1.67044 2.24286 0.268537
20820 -5.139115649999999 13.034144790000001 -3.0232654200000004 -0.903661 4.4160059999999985 0.140785
20840 -0.29129814000000004 7.687116 0.94078881 0.230083 4.539288 0.8279350000000001
20860 4.28573394 0.9330094800000001 3.0819390300000005 0.31047 4.6052300000000015 1.050602
20880 7.71959691 -7.25975316 -1.4245885800000002 -0.117376 5.4332970000000005 -0.262019
20900 6.87385719 1.3154621400000002 -5.69685339 3.4611410000000005 0.066414 -0.427767
20920 2.3426280000000004 3.962259 -2.8913895899999997 -3.5257690000000004 7.463577000000001 -4.99181
20940 1.83607884 3.05799282 1.09198053 -3.393587 4.717117 -0.8052779999999999
20960 -0.8993317500000001 7.04555181 0.46986957000000007 -4.3740120000000005 2.338638 -0.825102
20980 3.77948889 17.115703200000002 -2.6646118199999997 -3.81268 0.293873 -1.718004
21000 5.42472399 58.388335199999986 0.15268283999999996 -4.3460480000000015 -0.351744 -3.103181
21020 -4.26448548 22.931267400000003 0.83676357 -4.9407510000000014 -2.007881 -3.478022
21040 -6.0444315 13.25568402 -9.993819779999999 -4.900379 -2.571864 -2.336157
21060 0.35236539 20.259317700000004 -9.53876331 -4.198283999999999 -1.054465 -2.257353
21080 0.34533162 22.178781540000003 -7.04719989 -2.30159 0.972982 -1.82796
21100 2.8969224300000005 11.856542580000001 -4.84961274 -0.652456 2.460465 -1.216938
21120 0.5072947200000001 -13.7343924 -3.8239478100000004 0.211446 1.833675 -1.064822
21140 0.15014205 -9.981988920000001 -3.9757281300000002 1.112369 1.508012 -0.060392
21160 -3.1868766 -6.951993840000001 -1.49090418 2.320393 0.688316 1.678548
21180 -4.042190880000001 -8.37583686 2.85411159 3.472974 -1.475448 2.0579080000000003
21200 -3.7709541900000003 -8.00325306 4.60472571 4.2290519999999985 -2.780968 1.542501
21220 -2.0917470600000008 0.10238697000000001 5.06770866 4.864535 -3.364836 1.282769
21240 -2.51207613 2.4361859700000004 0.3555144 6.660771 -4.467968 1.466577
21260 -1.1027519099999998 4.54544388 -4.2650838900000005 9.139632 -7.515459 1.649099
21280 -0.64890207 2.81549943 2.97386226 6.934748 -2.742777 1.102016
21300 -8.68030002 3.8049360300000004 0.03532581 5.010669999999998 0.209638 1.303779
21320 -10.67205375 23.16926781 2.32720668 4.075526 0.476694 1.929292
21340 -1.00725156 47.96700543 -3.3453963900000003 2.837144 -0.059435 2.277047
21360 22.33280835 16.01385381 2.6520354000000004 -0.121378 -2.637253 3.737036
21380 18.12461265 2.9762657100000003 -8.09067978 -1.556727 -2.0807 2.465794
21400 15.441891570000001 1.80718839 0.37900935 -2.889425 -1.151152 0.802755
21420 10.62894861 7.395817860000001 2.3117951700000003 -2.864943 -0.327977 -0.743846
21440 8.702451 19.89797616 -0.66132153 -1.814247 -1.354602 -1.728638
21460 1.39255893 22.49611542 2.89347912 -1.320371 -0.467498 -1.29049
21480 -6.76099314 13.762527480000001 -4.69603719 -1.311164 1.2950700000000002 -0.384696
21500 -10.8051264 12.767096970000003 -5.707477620000001 -0.735211 3.022654 -0.27820100000000003
21520 -3.1710040200000003 12.24618597 0.23680359 0.218483 3.3940010000000003 0.600722
21540 2.44336689 3.8833767900000002 1.05306426 -0.315145 4.0904300000000005 0.8620899999999999
21560 6.6144415500000004 -3.95118351 -0.5290042500000001 -0.05252 5.869896 -0.011093
21580 9.29672118 -4.2776505 -3.23657406 2.666478 3.677333 -0.180503
21600 7.773188940000001 3.78412902 -4.0101612300000005 -2.834867 6.871381 -6.678289
21620 3.5483751 4.81473819 -3.44943144 -3.551489 3.988019 -0.8225379999999999
21640 3.07325718 4.33214505 4.1213772 -3.788994 1.88527 -0.6431100000000001
21660 1.26621594 14.33808018 -0.56911734 -2.7297580000000004 0.098099 -1.916355
21680 17.87328045 59.653648620000006 -2.6490433500000004 -4.220166000000001 -0.080902 -3.543825
21700 -4.90799205 28.546383870000003 7.60733127 -5.041884 -2.865139 -3.196688
21720 -15.262859070000001 15.53499828 -13.61060001 -4.786552 -1.614903 -2.254335
21740 -4.66774515 21.57014952 -13.57915896 -3.763907 0.04494 -2.377505
21760 -0.33425613 20.829484710000003 -10.0994931 -2.517012 1.1649 -1.417377
21780 7.444916910000001 19.554734070000002 -6.41655423 -0.44434 1.71648 -1.025455
21800 3.41454708 -3.0708635400000004 -0.8900514900000001 0.902415 0.643271 -0.742276
21820 -1.0193767200000001 -15.655043250000002 -5.18072967 1.590008 0.366137 0.299057
21840 -1.5694822800000003 -9.69788151 -3.97693476 2.596129 0.019789 1.85545
21860 -4.177510020000001 -7.000945740000001 -0.8559225 3.436684 -1.5855709999999998 2.189187
21880 -4.310886780000001 -5.78936169 4.2073029900000005 3.992942 -2.589568 1.568381
21900 -3.2707030500000003 -2.1661461 2.9812001400000003 4.624096 -3.1756 1.320372
21920 -2.7562176 1.5633510300000002 1.9693084500000002 6.122146 -3.323805 1.386573
21940 -1.98277758 2.37885633 -3.15978138 9.685657 -4.2538550000000015 0.445915
21960 0.77463684 0.42152589 -1.63565073 6.156488 -3.621451 1.997149
21980 -5.59012059 0.06392196 12.594205530000002 4.320547 -0.366808 1.402246
22000 -7.37187165 6.2526487500000005 -6.782094450000001 3.327799 -1.022183 2.0531080000000004
22020 -14.006070540000001 76.52072718 -15.652953720000001 1.5275219999999998 -2.157197 2.67117
22040 23.343356070000002 26.33593581 6.4463472 -1.714816 -3.768348000000001 3.197517
22060 19.38214674 2.65188825 -3.7194615 -2.544547 -3.007337 2.218664
22080 15.593220630000001 0.12618603 1.0404878400000002 -2.809336 -1.3261040000000002 1.326967
22100 11.411668890000001 5.61886389 1.4394114900000001 -2.187261 -0.949227 -0.218092
22120 10.312056180000003 14.468317740000002 -2.9057612400000004 -1.1174 -1.621577 -0.837872
22140 4.340826900000001 25.10834184 1.73010141 -1.135626 -0.221396 -0.126221
22160 -1.0330028100000002 15.95067741 -5.62859541 -1.52072 2.873736 0.346754
22180 -5.44522689 10.2551778 -8.679103200000002 -1.330517 5.056966 0.328194
22200 -5.267999430000001 12.91903425 -1.93726899 -0.8247129999999999 4.509317 0.712715
22220 0.89124831 5.776490969999999 1.00815408 -0.248353 3.983612 0.610593
22240 5.5920727800000005 -1.78338933 2.5065334800000003 0.238197 4.952973 -0.332627
22260 6.987623760000001 -7.03551618 -2.85530841 4.514481 0.395246 0.074824
22280 4.71564738 2.39981049 -4.551889050000001 -3.4844 7.450922999999999 -3.995922
22300 1.07401842 3.79445895 -2.8993160700000002 -2.513768 3.02783 -0.031053
22320 1.5317628300000001 2.4266016 -0.17423541000000003 -3.767449 2.472006 -0.3382
22340 -0.07110288000000001 7.18895439 1.4400099000000002 -3.400164 -0.453556 -1.907513
22360 6.445748790000001 22.705686449999998 -6.26238027 -3.676042 -0.218372 -3.204426
22380 13.32304929 62.03174958000001 1.8450648 -4.6073830000000005 -1.118848 -3.648817
22400 -5.6137725000000005 14.984588610000001 -2.7723844800000004 -4.758414 -2.436487 -2.214629
22420 -7.094493900000001 14.948517240000003 -13.72525929 -4.901438 -0.27883600000000003 -1.941724
22440 2.021841 23.73658992 -11.45882556 -2.485342 1.077269 -1.907357
22460 2.5336287 20.22219666 -8.245903410000002 -1.522984 1.7423810000000002 -1.23919
22480 0.8027817300000001 6.76683009 -2.02199796 0.229864 1.172122 -1.0766639999999998
22500 -3.56782833 -18.52532172 -3.5893907100000004 0.973205 0.8418760000000001 -0.387387
22520 -2.2140483300000002 -8.68987458 -2.2775092200000002 1.6989880000000002 0.234769 1.087266
22540 -4.723279560000001 -5.6308419 0.38904498 2.877954 -0.666013 2.084761
22560 -3.91839849 -6.43736124 2.09743686 3.685004 -2.101256 1.731178
22580 -2.681073 -4.35504159 3.0729628800000004 4.128412 -3.083318 1.316791
22600 -2.8259765100000003 -0.15897105 3.6130328100000013 5.107668 -3.887473 1.500918
22620 -3.51932769 1.26755991 -0.6800390100000001 8.533081 -5.210878 0.746739
22640 -1.24002324 4.08545298 -2.1335180400000002 6.464159 -4.91413 1.323702
22660 -2.01480723 3.85104303 3.71497833 4.7273489999999985 -0.08307300000000001 0.425165
22680 -7.642058670000001 5.45555682 -1.75495014 3.202583 -0.298193 1.196728
22700 -7.009627590000001 34.06226238 4.796324820000001 3.016996 1.441889 1.501918
22720 12.031974810000001 41.30869356 -2.21314581 0.798664 -0.5534680000000001 2.648001
22740 19.43483625 10.62146358 0.20821725000000002 -1.355726 -1.177261 2.802531
22760 13.930631640000001 1.3970421 -7.86613869 -2.095142 -1.417202 1.3780059999999998
22780 10.886107950000001 0.8795744100000001 1.7336918700000001 -2.327181 -0.677373 -0.14891500000000002
22800 8.18198145 8.86366854 3.3712849800000004 -1.357464 -1.335782 -1.503281
22820 6.7599434700000005 21.22585776 -2.1749751 -1.215504 -1.2619479999999998 -1.442564
22840 3.568878 22.06815417 2.8603998 -1.878578 0.582403 -0.426202
22860 -3.90283002 11.857140990000001 -6.63270777 -1.627693 3.1462060000000003 -0.032493
22880 -6.9698088 11.48157495 -6.874749899999999 -0.63677 4.5384150000000005 0.466163
22900 -2.5232987700000002 11.41016796 -0.42301701 0.5053270000000001 4.484536 1.493294
22920 2.40160572 4.18604472 2.84109372 -0.372266 5.87619 1.353989
22940 4.5030843 -3.18791646 -0.00373761 1.095887 5.251241 -0.008688
